(((M1.AGCTCTCAGTGAAGTT-1:5.074,(RW.AGCTTGAAGGATGTAT-1:9.782,M1.TACCTATAGGCGATAC-1:7.956)I15:0.083)I14:0,((((M2.TACTTACCACTAGTAC-1:3.268,M1.TTGACTTTCAAGGTAA-1:6.953)I13:0.037,(RE.CCTACCACATTGGGCC-1:0.352,RE.AGAATAGTCAACGGCC-1:2.704)clade_20:9.273)clade_15:3.969,((M1.AAGCCGCAGGCCCTTG-1:5.443,Liv.GTTCTCGGTTCCGGCA-1:2.072)clade_9:0.96,M1.CGAACATCATACAGCT-1:6.238)clade_6:0.99)clade_5:0.979,(((((((M1.TGTTCCGGTCCGAGTC-1:3.718,RW.CTCGTCAGTACCATCA-1:7.384)clade_70:1.986,M1.TTCGGTCGTCCAACTA-1:8.805)clade_62:0.174,((M1.GAGGTGAGTATTCTCT-1:6.516,((M2.GTGCATAGTCCGAACC-1:0.155,M2.TGCTACCTCAGAGACG-1:0.133)clade_55:1.459,M2.AACTCCCGTGAGTGAC-1:2.174)clade_54:3.495)clade_50:0.106,RE.CAAGATCCAAACTGTC-1:6.611)clade_44:3.371)I12:0.001,(((((RW.TGGCTGGCAGTATCTG-1:5.405,(M1.CCCAGTTCAGTTTACG-1:7.912,M1.TAGTGGTAGTGTACCT-1:5.26)I11:0.136)clade_111:0.027,((((M1.ATAAGAGTCTCATTCA-1:6.066,M1.TGACTTTGTCGAACAG-1:2.091)clade_140:1.45,((M1.AACCGCGCAACACGCC-1:1.727,M1.CCAGCGAAGCGTAATA-1:0.444)I10:1.806,((M2.GCAAACTGTAGAAAGG-1:1.585,M1.CTCTACGGTGTTGAGG-1:1.39)clade_149:1.855,RE.GGCTCGATCGTTACAG-1:6.875)clade_145:0.034)I9:0)I8:0.003,M1.CTTACCGAGATATGCA-1:10.691)clade_127:0.997,(M2.AGATCTGCATTCCTCG-1:5.946,M1.CCCTCCTCACAAGACG-1:5.413)clade_106:2.054)I7:0)I6:0,M1.GACCTGGCAATGACCT-1:9.818)I5:0,((M2.AGCGGTCAGGCTATCT-1:6.786,M2.ATCATCTTCGACAGCC-1:6.171)clade_122:2.611,M2.GGTGAAGTCGTGACAT-1:3.587)clade_117:1.765)I4:0,((((M2.CGTCACTTCGGCGCTA-1:3.27,M1.CGCTTCATCCCAACGG-1:3.701)clade_98:0.115,RW.AACCATGTCTCGTTTA-1:1.838)clade_96:2.849,RE.TACCTATAGTAGGTGC-1:7.434)clade_94:1.052,(((RW.CCGGGATAGACACTAA-1:3.242,M1.GGATTACGTTCGCTAA-1:8.747)clade_85:1.684,M1.GCGGGTTTCCTCTAGC-1:10.992)clade_81:0.028,(M1.GTCTTCGCAGACAAGC-1:2.702,M1.ACACCGGTCTTGTATC-1:1.285)clade_76:1.993)I3:0.008)clade_75:0.988)clade_43:0.001)clade_42:1.019,(M2.ACTTACTGTACATCCA-1:5.745,M1.ACTTGTTGTCAATACC-1:1.282)I2:1.833)clade_37:2.047,(M1.TCAACGATCTTAGCCC-1:6.165,LL.GTATCTTCATAGACTC-1:5.463)clade_157:3.963)clade_35:0.983,RW.GGGATGAAGACAGAGA-1:11.056)clade_31:0.95)I1:0)root:0)I0;
I0,0,0,0,0,0,0,0,0,0,0,0,0,0,0,0,0,0,0,0,0,0,0,0,0,0,0,0,0,0,0,0,0,0,0,0,0,0,0,0,0,0
root,0,0,0,0,0,0,0,0,0,0,0,0,0,0,0,0,0,0,0,0,0,0,0,0,0,0,0,0,0,0,0,0,0,0,0,0,0,0,0,0,0
I1,0,0,0,0,0,0,0,0,0,0,0,0,0,0,0,0,0,0,0,0,0,0,0,0,0,0,0,0,0,0,0,0,0,0,0,0,0,0,0,0,0
clade_31,0,0,0:0.05/2:0.95,0,0,0,0,0,0,0,0,0,0,0,0,0,0,0,0,0,0,0,0,0,0,0,0,0,0,0,0,0,0,0,0,0,0,0,0,0,0
RW.GGGATGAAGACAGAGA-1,0,0,2,0,0,2,0,2,0,0,0,0,2,2,3,2,0,0,2,0,0,2,0,0,0,0,0,2,0:0.66/-1:0.13/0:0.026/2:0.026/3:0.026/4:0.026/5:0.026/6:0.026/7:0.026/8:0.026,0:0.66/-1:0.13/0:0.03/2:0.03/3:0.03/4:0.03/5:0.03/6:0.03/7:0.03,0:0.66/-1:0.13/0:0.023/2:0.023/3:0.023/4:0.023/5:0.023/6:0.023/7:0.023/8:0.023/9:0.023,0,0,0,0,0,0,0,0,0,2
clade_35,0,0,2,0,0,0,0,0,0,0,0,0,0,0,0:0.06/2:0.94,0,0,0,0,0,0,0,0,0,0,0,0,0,0,0,0,0,0,0,0,0,0,0,0,0,0
clade_157,0,0,2,0,0,0,0,0:0.6/4:0.4,0:0.6/9:0.4,0:0.6/7:0.4,0,0,0,0,2,0,0,0,0,0:0.71/-1:0.22/0:0.01/2:0.01/3:0.01/4:0.01/5:0.01/6:0.01/7:0.01,0:0.71/-1:0.22/0:0.01/2:0.01/3:0.01/4:0.01/5:0.01/6:0.01/7:0.01,0:0.71/-1:0.22/0:0.012/2:0.012/3:0.012/4:0.012/5:0.012/6:0.012,0,0,0,0,0,0,0:0.71/-1:0.22/0:0.009/2:0.009/3:0.009/4:0.009/5:0.009/6:0.009/7:0.009/8:0.009,0:0.71/-1:0.22/0:0.01/2:0.01/3:0.01/4:0.01/5:0.01/6:0.01/7:0.01,0:0.71/-1:0.22/0:0.008/2:0.008/3:0.008/4:0.008/5:0.008/6:0.008/7:0.008/8:0.008/9:0.008,0,0,0,0,0,0,0,0,0,0:0.03/7:0.97
LL.GTATCTTCATAGACTC-1,6,0,2,0,0,0,0,4,9,7,0,0,0,0,2,0,0,0,0,0:0.56/-1:0.28/0:0.023/2:0.023/3:0.023/4:0.023/5:0.023/6:0.023/7:0.023,0:0.56/-1:0.28/0:0.023/2:0.023/3:0.023/4:0.023/5:0.023/6:0.023/7:0.023,0:0.56/-1:0.28/0:0.027/2:0.027/3:0.027/4:0.027/5:0.027/6:0.027,0:0.78/-1:0.08/2:0.035/0:0.035/3:0.035/4:0.035,0:0.78/-1:0.08/0:0.035/2:0.035/3:0.035/4:0.035,0:0.78/-1:0.08/0:0.035/2:0.035/3:0.035/4:0.035,0,0,0,0:0.56/-1:0.28/0:0.02/2:0.02/3:0.02/4:0.02/5:0.02/6:0.02/7:0.02/8:0.02,0:0.56/-1:0.28/0:0.023/2:0.023/3:0.023/4:0.023/5:0.023/6:0.023/7:0.023,0:0.56/-1:0.28/0:0.018/2:0.018/3:0.018/4:0.018/5:0.018/6:0.018/7:0.018/8:0.018/9:0.018,0,0,0,0,0,0,0,3,0,7
M1.TCAACGATCTTAGCCC-1,0,0,2,0:0.78/-1:0.08/2:0.035/0:0.035/3:0.035/4:0.035,0:0.78/-1:0.08/0:0.023/2:0.023/3:0.023/4:0.023/5:0.023/6:0.023,0,5,0:0.47/-1:0.08/4:0.45,0:0.47/-1:0.08/9:0.45,0:0.47/-1:0.08/7:0.45,0,0,0,0,2,0,0,0,0,0:0.56/-1:0.28/0:0.023/2:0.023/3:0.023/4:0.023/5:0.023/6:0.023/7:0.023,0:0.56/-1:0.28/0:0.023/2:0.023/3:0.023/4:0.023/5:0.023/6:0.023/7:0.023,0:0.56/-1:0.28/0:0.027/2:0.027/3:0.027/4:0.027/5:0.027/6:0.027,0,0,0,0,0,0,0:0.56/-1:0.28/0:0.02/2:0.02/3:0.02/4:0.02/5:0.02/6:0.02/7:0.02/8:0.02,0:0.56/-1:0.28/0:0.023/2:0.023/3:0.023/4:0.023/5:0.023/6:0.023/7:0.023,0:0.56/-1:0.28/0:0.018/2:0.018/3:0.018/4:0.018/5:0.018/6:0.018/7:0.018/8:0.018/9:0.018,0:0.78/-1:0.08/0:0.047/2:0.047/3:0.047,0,0,6,2,3,0,0,0,7
clade_37,0,0,2,0,0,0,0,0,0,0,0,0,0,0,2,0,0,0,0,0,0,0,0:0.01/2:0.99,0,0,0,0,0,0,0,0,0,0,0,0,0,0:0.01/2:0.99,0,0,0,0
I2,0,0,2,0:0.55/3:0.45,0:0.55/4:0.45,0,0,0,0:0.55/2:0.45,0,0,0,0,0,2,0,0,0,0,0,0,0,2,0,0,0,0,0,0,0,0,0:0.55/3:0.45,0,0,0,0,2,0,0,0,0
M1.ACTTGTTGTCAATACC-1,0,0,2,0:0.44/-1:0.07/3:0.49,0:0.44/-1:0.07/4:0.49,0:0.81/-1:0.07/0:0.024/2:0.024/3:0.024/4:0.024/5:0.024,0:0.81/-1:0.07/0:0.024/2:0.024/3:0.024/4:0.024/5:0.024,0:0.81/-1:0.07/0:0.017/2:0.017/3:0.017/4:0.017/5:0.017/6:0.017/7:0.017,0:0.44/-1:0.07/2:0.49,0:0.81/-1:0.07/0:0.017/2:0.017/3:0.017/4:0.017/5:0.017/6:0.017/7:0.017,0,0,0,0,2,0,0,0,0,0,0,0,2,0,0,0,0,0,0,0,0,0:0.44/-1:0.07/3:0.49,0,0,0,0,2,0,0,0,0
M2.ACTTACTGTACATCCA-1,0,0,2,3,4,0,0,0,2,0,0,0,7,0,2,0,0,0,0,0:0.81/-1:0.07/0:0.017/2:0.017/3:0.017/4:0.017/5:0.017/6:0.017/7:0.017,0:0.81/-1:0.07/0:0.017/2:0.017/3:0.017/4:0.017/5:0.017/6:0.017/7:0.017,0:0.81/-1:0.07/0:0.02/2:0.02/3:0.02/4:0.02/5:0.02/6:0.02,2,0,0,4,0,0,0,0,6,3,0,0,0,0,2,0,0,0,0
clade_42,0,0,2,2,0,0,0,0,0,0,0,0,0,0,2,0,0,0,0,0,0,0,2,0,0,0,0,0,0,0,0,0,0,0,0,0,2,0,0,0,0
clade_43,0,0,2,2,0,0,0,0,0,0,0,0,0,0,2,0,0,0,0,0,0,0,2,0,0,0,0,0,0,0,0,0,0,0,0,0,2,0,0,0,0
clade_75,0,0,2,2,0,0,0,0,0,0,0,0,0,0,2,0,0,0,0,0:0.01/5:0.99,0,0,2,0,0,0,0,0,0,0,0,0,0,0,0,0,2,0,0,0,0
I3,0,0,2,2,0,0,0,0,0,0,0,0,0,0,2,0,0,0,0,5,0,0,2,0,0,0,0,0,0,0,0,0,0,0,0,0,2,0,0,0,0
clade_76,0,0,2,2,0,0,0,0,0,0,0,0,0,0,2,0,0,0,0,5,0:0.01/4:0.99,0,2,0,0,0,0,0,0,0,0,0,0,0,0:0.01/7:0.99,0,2,0,0,0,0
M1.ACACCGGTCTTGTATC-1,0,0,2,2,0,0,0,0,0,0,0,0,0,0,2,0,2,0,0,5,4,0,-1:0.04/2:0.96,0:0.88/-1:0.04/0:0.02/2:0.02/3:0.02/4:0.02,0:0.88/-1:0.04/0:0.02/2:0.02/3:0.02/4:0.02,0,0,0,0,0,0,0,0,0,7,0,2,0,0,0,0
M1.GTCTTCGCAGACAAGC-1,0,0,2,2,5,0,0,0,5,0,0,0,0,0,2,0,0,0,0,5,4,0,2,0,0,0:0.88/-1:0.04/0:0.013/2:0.013/3:0.013/4:0.013/5:0.013/6:0.013,0:0.88/-1:0.04/0:0.013/2:0.013/3:0.013/4:0.013/5:0.013/6:0.013,0:0.88/-1:0.04/0:0.009/2:0.009/3:0.009/4:0.009/5:0.009/6:0.009/7:0.009/8:0.009/9:0.009,0,0,0,0,0,0,7,0,2,0,0:0.88/-1:0.04/0:0.027/2:0.027/3:0.027,0:0.88/-1:0.04/0:0.02/2:0.02/3:0.02/4:0.02,0:0.88/-1:0.04/2:0.011/3:0.011/0:0.011/4:0.011/5:0.011/6:0.011/7:0.011
clade_81,0,0,2,2,0,0,0,0,0,0,0,0,0,0,2,0,0,0,0,5,0,0:0.97/2:0.03,2,0,0,0,0,0,0,0,0,0,0,0,0,0,2,0,0,0,0
M1.GCGGGTTTCCTCTAGC-1,0:0.75/-1:0.1/0:0.025/2:0.025/3:0.025/4:0.025/5:0.025/6:0.025,0,2,2,0,0:0.75/-1:0.1/0:0.03/2:0.03/3:0.03/4:0.03/5:0.03,0:0.75/-1:0.1/0:0.03/2:0.03/3:0.03/4:0.03/5:0.03,6,6,5,0,0,0,0,2,6,0,0,7,5,0,2,2,0,0,0,0,2,0,5,0,0:0.75/-1:0.1/0:0.05/2:0.05/3:0.05,3,0,8,0,2,0,0,0,0
clade_85,0,0,2,2,0,0,0,0:0.8/4:0.2,0,0,0,0,0,0,2,0,0,0,0,-1:0.09/5:0.91,0:0.88/-1:0.09/0:0.004/2:0.004/3:0.004/4:0.004/5:0.004/6:0.004/7:0.004,0:0.85/-1:0.09/2:0.06,2,0,0,0,0,0,0,0,0:0.8/8:0.2,0,0,0,0:0.06/3:0.94,0,2,0,0,0,0
M1.GGATTACGTTCGCTAA-1,0,0,2,2,0,4,0,4,0,0,0,0,0,0,2,0,2,0,0,-1:0.17/5:0.83,0:0.69/-1:0.17/0:0.02/2:0.02/3:0.02/4:0.02/5:0.02/6:0.02/7:0.02,0:0.67/-1:0.17/2:0.16,2,0,0,0:0.79/-1:0.08/0:0.022/2:0.022/3:0.022/4:0.022/5:0.022/6:0.022,0:0.79/-1:0.08/0:0.022/2:0.022/3:0.022/4:0.022/5:0.022/6:0.022,0:0.79/-1:0.08/0:0.014/2:0.014/3:0.014/4:0.014/5:0.014/6:0.014/7:0.014/8:0.014/9:0.014,0,0,8,0,0,0,3,0,2,3,2,4,7
RW.CCGGGATAGACACTAA-1,0,0,2,2,0,0,0,0:0.63/-1:0.08/4:0.29,0:0.79/-1:0.08/0:0.014/2:0.014/3:0.014/4:0.014/5:0.014/6:0.014/7:0.014/8:0.014/9:0.014,0:0.79/-1:0.08/0:0.019/2:0.019/3:0.019/4:0.019/5:0.019/6:0.019/7:0.019,0,0,0,0,2,0,0,0,0,-1:0.17/5:0.83,0:0.69/-1:0.17/0:0.02/2:0.02/3:0.02/4:0.02/5:0.02/6:0.02/7:0.02,0:0.67/-1:0.17/2:0.16,-1:0.08/2:0.92,0:0.79/-1:0.08/0:0.033/2:0.033/3:0.033/4:0.033,0:0.79/-1:0.08/0:0.033/2:0.033/3:0.033/4:0.033,0,0,0,0:0.79/-1:0.08/0:0.016/2:0.016/3:0.016/4:0.016/5:0.016/6:0.016/7:0.016/8:0.016,0:0.79/-1:0.08/0:0.019/2:0.019/3:0.019/4:0.019/5:0.019/6:0.019/7:0.019,0:0.63/-1:0.08/8:0.29,0,0,0,3,0,2,0,0,0,3
clade_94,0,0,2,2,0,0,0,0,0,0,0,0,0,0,2,0,0:0.18/2:0.82,0,0,0:0.01/5:0.99,0,0,2,0,0,0:0.77/2:0.23,0,0,0,0,0,0,0,0,0,0,2,0,0,0,0
RE.TACCTATAGTAGGTGC-1,0,0,2,2,2,0,0,0,0,0,2,4,3,0,2,0,2,0,0,0:0.01/-1:0.09/5:0.9,0:0.76/-1:0.09/0:0.021/2:0.021/3:0.021/4:0.021/5:0.021/6:0.021/7:0.021,0:0.76/-1:0.09/0:0.025/2:0.025/3:0.025/4:0.025/5:0.025/6:0.025,2,0,0,0:0.59/-1:0.09/2:0.32,0:0.76/-1:0.09/0:0.025/2:0.025/3:0.025/4:0.025/5:0.025/6:0.025,0:0.76/-1:0.09/0:0.017/2:0.017/3:0.017/4:0.017/5:0.017/6:0.017/7:0.017/8:0.017/9:0.017,0,0,0,2,0,0,0,0,2,0,0,2,0
clade_96,0,0,2,2,0,0,0,0,0,0,0,0,0,3,2,0,0:0.09/2:0.91,0,0,0:0.01/5:0.99,0,0,2,0,0,2,0,0,0:0.01/2:0.99,0,0,0,0,0,0,0,2,0,0,0,0
RW.AACCATGTCTCGTTTA-1,0,0,2,2,0,0,0,3,0,0,0,0,0,3,2,0,2,0,0,-1:0.05/5:0.95,0:0.86/-1:0.05/0:0.013/2:0.013/3:0.013/4:0.013/5:0.013/6:0.013/7:0.013,0:0.86/-1:0.05/0:0.015/2:0.015/3:0.015/4:0.015/5:0.015/6:0.015,2,0,0,2,0,0,2,0,0,0,0:0.86/-1:0.05/2:0.013/0:0.013/3:0.013/4:0.013/5:0.013/6:0.013/7:0.013,0:0.86/-1:0.05/2:0.018/0:0.018/3:0.018/4:0.018/5:0.018,0:0.86/-1:0.05/2:0.01/0:0.01/3:0.01/4:0.01/5:0.01/6:0.01/7:0.01/8:0.01/9:0.01,0,2,0,0,0,0
clade_98,0,0,2,2,0,0,0,0,0,0,0:0.94/3:0.06,0,0,3,2,0,0:0.09/-1:0.02/2:0.89,0:0.98/-1:0.02,0:0.98/-1:0.02,0:0.01/5:0.99,0,0,2,0,0,2,0,0,0:0.01/2:0.99,0,0,0,0,0,0,0,2,0,0,0,0
M1.CGCTTCATCCCAACGG-1,0:0.87/-1:0.05/0:0.013/2:0.013/3:0.013/4:0.013/5:0.013/6:0.013,0:0.87/-1:0.05/0:0.027/2:0.027/3:0.027,-1:0.05/2:0.95,2,0,0:0.87/-1:0.05/0:0.016/2:0.016/3:0.016/4:0.016/5:0.016,0:0.87/-1:0.05/0:0.016/2:0.016/3:0.016/4:0.016/5:0.016,0:0.87/-1:0.05/0:0.011/2:0.011/3:0.011/4:0.011/5:0.011/6:0.011/7:0.011,0:0.87/-1:0.05/0:0.009/2:0.009/3:0.009/4:0.009/5:0.009/6:0.009/7:0.009/8:0.009/9:0.009,0:0.87/-1:0.05/0:0.011/2:0.011/3:0.011/4:0.011/5:0.011/6:0.011/7:0.011,0:0.82/-1:0.05/3:0.13,0:0.87/-1:0.05/2:0.013/0:0.013/3:0.013/4:0.013/5:0.013/6:0.013,0:0.87/-1:0.05/0:0.011/2:0.011/3:0.011/4:0.011/5:0.011/6:0.011/7:0.011,3,2,0,0:0.08/-1:0.06/2:0.86,0:0.85/-1:0.06/0:0.018/2:0.018/3:0.018/4:0.018/5:0.018,0:0.85/-1:0.06/0:0.013/2:0.013/3:0.013/4:0.013/5:0.013/6:0.013/7:0.013,-1:0.05/5:0.95,0:0.87/-1:0.05/0:0.011/2:0.011/3:0.011/4:0.011/5:0.011/6:0.011/7:0.011,0:0.87/-1:0.05/0:0.013/2:0.013/3:0.013/4:0.013/5:0.013/6:0.013,2,0,0,2,0,0,0:0.01/-1:0.05/2:0.94,0:0.87/-1:0.05/0:0.011/2:0.011/3:0.011/4:0.011/5:0.011/6:0.011/7:0.011,0:0.87/-1:0.05/0:0.009/2:0.009/3:0.009/4:0.009/5:0.009/6:0.009/7:0.009/8:0.009/9:0.009,0:0.87/-1:0.05/0:0.027/2:0.027/3:0.027,0,0,0,0:0.87/-1:0.05/0:0.04/2:0.04,-1:0.05/2:0.95,0:0.87/-1:0.05/0:0.02/2:0.02/3:0.02/4:0.02,2,0,0
M2.CGTCACTTCGGCGCTA-1,0,0,2,2,0,0,0,0,0,0,3,0,0,3,2,5,0:0.08/-1:0.06/2:0.86,0:0.85/-1:0.06/0:0.018/2:0.018/3:0.018/4:0.018/5:0.018,0:0.85/-1:0.06/0:0.013/2:0.013/3:0.013/4:0.013/5:0.013/6:0.013/7:0.013,5,0,0,2,0,3,2,0,0,2,0,0,0,0,0,0,0,2,0,0,0,0
I4,0,0,2,2,0,0,0,0,0,0,0,0,0,0,2,0,0,0,0,0,0,0,2,0,0,0,0,0,0,0,0,0,0,0,0,0,2,0,0,0,0
clade_117,0,0,2,2,0,0,0,0,0,0,0,0,0,0,2,0,0,0:0.13/2:0.87,0:0.1/4:0.9,0,0,0,2,0,0,0,0,0,0,0,0,0,0,0,0,0,2,0,0,0,0
M2.GGTGAAGTCGTGACAT-1,0,0:0.76/-1:0.09/0:0.05/2:0.05/3:0.05,-1:0.09/2:0.91,2,0,0,0,0,0,0,0,0,0,0,2,0,0,2,4,0:0.76/-1:0.09/0:0.021/2:0.021/3:0.021/4:0.021/5:0.021/6:0.021/7:0.021,0:0.76/-1:0.09/0:0.021/2:0.021/3:0.021/4:0.021/5:0.021/6:0.021/7:0.021,0:0.76/-1:0.09/0:0.025/2:0.025/3:0.025/4:0.025/5:0.025/6:0.025,-1:0.09/2:0.91,0:0.76/-1:0.09/0:0.037/2:0.037/3:0.037/4:0.037,0:0.76/-1:0.09/0:0.037/2:0.037/3:0.037/4:0.037,0:0.76/-1:0.09/0:0.025/2:0.025/3:0.025/4:0.025/5:0.025/6:0.025,0:0.76/-1:0.09/0:0.025/2:0.025/3:0.025/4:0.025/5:0.025/6:0.025,0:0.76/-1:0.09/0:0.017/2:0.017/3:0.017/4:0.017/5:0.017/6:0.017/7:0.017/8:0.017/9:0.017,0,0,0,0,0,0,4,0,2,0,0,0,0
clade_122,0,0,2,2,0,0:0.08/3:0.92,0:0.08/2:0.92,0,0,0:0.76/3:0.24,0,0,0,0,2,0,0,0:0.1/2:0.9,0:0.08/4:0.92,0,0,0,2,0,0,0,0,0,0,0,0,0,0,0,0,0,2,0:0.76/2:0.24,0,0,0:0.76/6:0.24
M2.ATCATCTTCGACAGCC-1,0:0.81/-1:0.07/0:0.02/2:0.02/3:0.02/4:0.02/5:0.02/6:0.02,0:0.81/-1:0.07/0:0.04/2:0.04/3:0.04,-1:0.07/2:0.93,2,0,3,2,0:0.81/-1:0.07/0:0.017/2:0.017/3:0.017/4:0.017/5:0.017/6:0.017/7:0.017,0:0.81/-1:0.07/0:0.013/2:0.013/3:0.013/4:0.013/5:0.013/6:0.013/7:0.013/8:0.013/9:0.013,0:0.62/-1:0.07/3:0.31,0,5,0,0,2,0,0:0.81/-1:0.07/0:0.024/2:0.024/3:0.024/4:0.024/5:0.024,0:0.08/-1:0.07/2:0.85,0:0.06/-1:0.07/4:0.87,0,0,0,-1:0.07/2:0.93,0:0.81/-1:0.07/0:0.03/2:0.03/3:0.03/4:0.03,0:0.81/-1:0.07/0:0.03/2:0.03/3:0.03/4:0.03,0,0,0,0,4,5,0:0.81/-1:0.07/0:0.04/2:0.04/3:0.04,0,0,0,0:0.81/-1:0.07/0:0.06/2:0.06,-1:0.07/2:0.93,0:0.62/-1:0.07/2:0.31,0:0.81/-1:0.07/0:0.04/2:0.04/3:0.04,0:0.81/-1:0.07/0:0.03/2:0.03/3:0.03/4:0.03,0:0.62/-1:0.07/6:0.31
M2.AGCGGTCAGGCTATCT-1,0,0,2,2,0,3,2,0,0,3,0,0,0,0,2,0,0,2,4,0:0.81/-1:0.07/0:0.017/2:0.017/3:0.017/4:0.017/5:0.017/6:0.017/7:0.017,0:0.81/-1:0.07/0:0.017/2:0.017/3:0.017/4:0.017/5:0.017/6:0.017/7:0.017,0:0.81/-1:0.07/0:0.02/2:0.02/3:0.02/4:0.02/5:0.02/6:0.02,2,0,0,0:0.81/-1:0.07/0:0.02/2:0.02/3:0.02/4:0.02/5:0.02/6:0.02,0:0.81/-1:0.07/0:0.02/2:0.02/3:0.02/4:0.02/5:0.02/6:0.02,0:0.81/-1:0.07/0:0.013/2:0.013/3:0.013/4:0.013/5:0.013/6:0.013/7:0.013/8:0.013/9:0.013,6,0,0,0,4,4,0,0,2,2,0,0,6
I5,0,0,2,2,0,0,0,0,0,0,0,0,0,0,2,0,0,0,0,0,0,0,2,0,0,0,0,0,0,0,0,0,0,0,0,0,2,0,0,0,0
M1.GACCTGGCAATGACCT-1,5,0,2,2,0,5,0,3,7,0,0:0.73/-1:0.11/0:0.053/2:0.053/3:0.053,0:0.73/-1:0.11/2:0.027/0:0.027/3:0.027/4:0.027/5:0.027/6:0.027,0:0.73/-1:0.11/0:0.023/2:0.023/3:0.023/4:0.023/5:0.023/6:0.023/7:0.023,0,2,0,0,5,0,0,3,5,2,0,0,0,0,0,0,0,0,0,0,0,0,0,2,0,0,4,6
I6,0,0,2,2,0,0,0,0,0,0,0,0,0,0,2,0,0,0,0,0,0,0,2,0,0,0,0,0,0,0,0,0,0,0,0,0,2,0,0,0,0
I7,0,0,2,2,0,0,0,0,0,0,0,0,0,0,2,0,0,0,0,0,0,0,2,0,0,0,0,0,0,0,0,0,0,0,0,0,2,0,0,0,0
clade_106,0,0,2,2,0,0,0:0.08/3:0.92,0,0,0,0:0.12/3:0.88,0,0,0,2,0,0,0,0,0,0,0,2,0,0,0,0,0:0.75/4:0.25,0,0,0,0,0,0,0,0,2,0,0,0,0
M1.CCCTCCTCACAAGACG-1,0,0,2,2,0,0,3,0,0,0,3,0,0,0,2,7,0,0,0,0,7,0,2,0,0,0:0.79/-1:0.08/0:0.022/2:0.022/3:0.022/4:0.022/5:0.022/6:0.022,0:0.79/-1:0.08/0:0.022/2:0.022/3:0.022/4:0.022/5:0.022/6:0.022,0:0.59/-1:0.08/4:0.33,0:0.79/-1:0.08/0:0.016/2:0.016/3:0.016/4:0.016/5:0.016/6:0.016/7:0.016/8:0.016,0:0.79/-1:0.08/0:0.019/2:0.019/3:0.019/4:0.019/5:0.019/6:0.019/7:0.019,0:0.79/-1:0.08/0:0.014/2:0.014/3:0.014/4:0.014/5:0.014/6:0.014/7:0.014/8:0.014/9:0.014,0,7,0,0,2,2,0,0,0,0
M2.AGATCTGCATTCCTCG-1,0,0,2,2,0,0,3,0,0,0,3,0,0,0,2,0,0,3,0,6,0,4,2,0,3,0,0,4,0,0,0,0,0,0,5,0,2,0,0,0,0
clade_127,0,0,2,2,0,0,0,0,2,0,0,0,0,0,2,0,0,0,0,0,0,0,2,0,0,0,0,0,0,0,0,0,0,0,0,0,2,0,0,0,0
M1.CTTACCGAGATATGCA-1,0,3,2,2,0,0,0,0,2,0,0,3,0,4,2,0,0:0.77/-1:0.09/0:0.028/2:0.028/3:0.028/4:0.028/5:0.028,0:0.77/-1:0.09/0:0.028/2:0.028/3:0.028/4:0.028/5:0.028,0:0.77/-1:0.09/0:0.02/2:0.02/3:0.02/4:0.02/5:0.02/6:0.02/7:0.02,0,5,6,2,0,0,6,4,7,0,0,0,0,5,0,0,0,2,0,2,0,0
I8,0,0,2,2,0,0,0,0,2,0,0,0,0,0,2,0,0,0,0,0,0,0,2,0,0,0,0,0,0,0,0,0,0,0,0,0,2,0,0,0,0
I9,0,0,2,2,0,0,0,0,2,0,0,0,0,0,2,0,0,0,0,0,0,0,2,0,0,0,0,0,0,0,0,0,0,0,0,0,2,0,0,0,0
clade_145,0,0,2,2,0,0,0,0:0.97/4:0.03,2,0,0,0,0,0,2,0,0,0,0,0,0,0,2,0,0,0,0,0,0,0,0,0,0,0,0,0,2,0,0,0,0
RE.GGCTCGATCGTTACAG-1,0,0,2,2,0,0:0.79/-1:0.08/0:0.026/2:0.026/3:0.026/4:0.026/5:0.026,0:0.79/-1:0.08/0:0.026/2:0.026/3:0.026/4:0.026/5:0.026,4,2,0,0,0,4,0:0.79/-1:0.08/0:0.022/2:0.022/3:0.022/4:0.022/5:0.022/6:0.022,-1:0.08/2:0.92,0:0.79/-1:0.08/0:0.019/2:0.019/3:0.019/4:0.019/5:0.019/6:0.019/7:0.019,0,0,0,0:0.79/-1:0.08/0:0.019/2:0.019/3:0.019/4:0.019/5:0.019/6:0.019/7:0.019,0:0.79/-1:0.08/0:0.019/2:0.019/3:0.019/4:0.019/5:0.019/6:0.019/7:0.019,0:0.79/-1:0.08/0:0.022/2:0.022/3:0.022/4:0.022/5:0.022/6:0.022,-1:0.08/2:0.92,0:0.79/-1:0.08/0:0.033/2:0.033/3:0.033/4:0.033,0:0.79/-1:0.08/0:0.033/2:0.033/3:0.033/4:0.033,0,0,0,3,0,0,0:0.79/-1:0.08/0:0.043/2:0.043/3:0.043,3,0,0,0,2,0,0:0.79/-1:0.08/0:0.043/2:0.043/3:0.043,0:0.79/-1:0.08/0:0.033/2:0.033/3:0.033/4:0.033,0:0.79/-1:0.08/2:0.019/3:0.019/0:0.019/4:0.019/5:0.019/6:0.019/7:0.019
clade_149,0,0,2,2,0,0,0,0:0.67/-1:0.24/4:0.09,-1:0.24/2:0.76,0:0.69/-1:0.24/0:0.01/2:0.01/3:0.01/4:0.01/5:0.01/6:0.01/7:0.01,0,0,0,0,2,0,0,0,0,0,0,0,2,0,0,0,0,0,5,0,0,0,0,0,0,0,2,0,0,0,0
M1.CTCTACGGTGTTGAGG-1,0,0,2,2,0,0,0,0:0.61/-1:0.26/4:0.13,-1:0.26/2:0.74,0:0.63/-1:0.26/0:0.016/2:0.016/3:0.016/4:0.016/5:0.016/6:0.016/7:0.016,0,0,0,0,2,0,0,0,0,0,0,0,2,0,0,0,0,0,5,0,0,0,6,0,0,0,2,0,0:0.92/-1:0.03/0:0.017/2:0.017/3:0.017,0:0.92/-1:0.03/0:0.013/2:0.013/3:0.013/4:0.013,0:0.92/-1:0.03/2:0.007/3:0.007/0:0.007/4:0.007/5:0.007/6:0.007/7:0.007
M2.GCAAACTGTAGAAAGG-1,0,0,2,2,0,0,0,0:0.61/-1:0.26/4:0.13,-1:0.26/2:0.74,0:0.63/-1:0.26/0:0.016/2:0.016/3:0.016/4:0.016/5:0.016/6:0.016/7:0.016,0,0,0,0,2,0,0,0,0,0:0.92/-1:0.03/0:0.007/2:0.007/3:0.007/4:0.007/5:0.007/6:0.007/7:0.007,0:0.92/-1:0.03/0:0.007/2:0.007/3:0.007/4:0.007/5:0.007/6:0.007/7:0.007,0:0.92/-1:0.03/0:0.008/2:0.008/3:0.008/4:0.008/5:0.008/6:0.008,-1:0.03/2:0.97,0:0.92/-1:0.03/0:0.013/2:0.013/3:0.013/4:0.013,0:0.92/-1:0.03/0:0.013/2:0.013/3:0.013/4:0.013,0,0,0,5,0,0,0,3,0,0,0,2,0,0,0,0
I10,0,0,2,2,0,0,0,0,2,0,0,0,0,0,2,0,0,0,0,0:0.65/-1:0.27/0:0.011/2:0.011/3:0.011/4:0.011/5:0.011/6:0.011/7:0.011,0:0.65/-1:0.27/0:0.011/2:0.011/3:0.011/4:0.011/5:0.011/6:0.011/7:0.011,0:0.65/-1:0.27/0:0.013/2:0.013/3:0.013/4:0.013/5:0.013/6:0.013,2,0,0,0,0,0,0,0,0:0.25/8:0.75,0,0,0,0,0,2,0,0,0,0
M1.CCAGCGAAGCGTAATA-1,0,0,2,2,0,0,0,0:0.94/-1:0.02/0:0.006/2:0.006/3:0.006/4:0.006/5:0.006/6:0.006/7:0.006,-1:0.02/2:0.98,0:0.94/-1:0.02/0:0.006/2:0.006/3:0.006/4:0.006/5:0.006/6:0.006/7:0.006,0,0,0,0,2,0,0,0,0,0:0.61/-1:0.29/0:0.014/2:0.014/3:0.014/4:0.014/5:0.014/6:0.014/7:0.014,0:0.61/-1:0.29/0:0.014/2:0.014/3:0.014/4:0.014/5:0.014/6:0.014/7:0.014,0:0.61/-1:0.29/0:0.017/2:0.017/3:0.017/4:0.017/5:0.017/6:0.017,2,0,0,0,0,0,0:0.94/-1:0.02/0:0.005/2:0.005/3:0.005/4:0.005/5:0.005/6:0.005/7:0.005/8:0.005,0:0.94/-1:0.02/0:0.006/2:0.006/3:0.006/4:0.006/5:0.006/6:0.006/7:0.006,0:0.24/-1:0.02/8:0.74,0,0,0,0,0,2,0,0,0,0
M1.AACCGCGCAACACGCC-1,0,0:0.94/-1:0.02/0:0.013/2:0.013/3:0.013,-1:0.02/2:0.98,2,0,0,0,0,2,0,0,6,0,0,2,0,0:0.94/-1:0.02/0:0.008/2:0.008/3:0.008/4:0.008/5:0.008,0:0.94/-1:0.02/0:0.008/2:0.008/3:0.008/4:0.008/5:0.008,0:0.94/-1:0.02/0:0.006/2:0.006/3:0.006/4:0.006/5:0.006/6:0.006/7:0.006,0:0.61/-1:0.29/0:0.014/2:0.014/3:0.014/4:0.014/5:0.014/6:0.014/7:0.014,0:0.61/-1:0.29/0:0.014/2:0.014/3:0.014/4:0.014/5:0.014/6:0.014/7:0.014,0:0.61/-1:0.29/0:0.017/2:0.017/3:0.017/4:0.017/5:0.017/6:0.017,2,0,0,0,0,0,0,0,8,0:0.94/-1:0.02/0:0.013/2:0.013/3:0.013,0,0,0,0,2,0,0,0,0
clade_140,0,0:0.09/2:0.91,2,2,0,0,0,0:0.73/7:0.27,2,0,0,0,0,0,2,0,0,0,0,0,0,0,2,0,0:0.73/4:0.27,0,0,0,0,0,0,0,0,0,0,0,2,0,0,0,0
M1.TGACTTTGTCGAACAG-1,0,2,2,-1:0.07/2:0.93,0:0.83/-1:0.07/0:0.017/2:0.017/3:0.017/4:0.017/5:0.017/6:0.017,0,0,0:0.6/-1:0.07/7:0.33,-1:0.07/2:0.93,0:0.83/-1:0.07/0:0.014/2:0.014/3:0.014/4:0.014/5:0.014/6:0.014/7:0.014,0,0,0,4,2,0,0,0,0,0,0,0,-1:0.07/2:0.93,0:0.83/-1:0.07/0:0.025/2:0.025/3:0.025/4:0.025,0:0.6/-1:0.07/4:0.33,0,0,0,0,0,0,0,0,0,0,0,2,0,0,0,0
M1.ATAAGAGTCTCATTCA-1,0,2,2,2,0,0,5,7,2,0,0,0,0,0,2,0,0,0,0,7,0,0,2,0,4,0:0.83/-1:0.07/0:0.017/2:0.017/3:0.017/4:0.017/5:0.017/6:0.017,0:0.83/-1:0.07/0:0.017/2:0.017/3:0.017/4:0.017/5:0.017/6:0.017,0:0.83/-1:0.07/0:0.011/2:0.011/3:0.011/4:0.011/5:0.011/6:0.011/7:0.011/8:0.011/9:0.011,8,0,0,0,0,0,9,0,2,0,0,0,0
clade_111,0,0,2,2,0,0,0,0,0,0,0,0,0,0,2,0,0,0,0,0,0,0,2,0,0,0,0,0,0,0,0,0,0,0,0,0,2,0,0:0.97/2:0.03,0,0
I11,0,0,2,2,0,0,0,0,0,0,0,0,0,0,2,0,0:0.98/-1:0.01/0:0.002/2:0.002/3:0.002/4:0.002/5:0.002,0:0.98/-1:0.01/0:0.002/2:0.002/3:0.002/4:0.002/5:0.002,0:0.98/-1:0.01/0:0.001/2:0.001/3:0.001/4:0.001/5:0.001/6:0.001/7:0.001,0,0,0,-1:0.01/2:0.99,0:0.98/-1:0.01/0:0.003/2:0.003/3:0.003/4:0.003,0:0.98/-1:0.01/0:0.003/2:0.003/3:0.003/4:0.003,0,0,0,0,0,0,0,0,0,0,0,2,0,0:0.95/2:0.05,0,0
M1.TAGTGGTAGTGTACCT-1,0,0:0.74/-1:0.1/0:0.053/2:0.053/3:0.053,-1:0.1/2:0.9,2,0,0,0,0,4,0,0:0.74/-1:0.1/0:0.053/2:0.053/3:0.053,0:0.74/-1:0.1/2:0.027/0:0.027/3:0.027/4:0.027/5:0.027/6:0.027,0:0.74/-1:0.1/0:0.023/2:0.023/3:0.023/4:0.023/5:0.023/6:0.023/7:0.023,0,2,0,0:0.73/-1:0.11/0:0.032/2:0.032/3:0.032/4:0.032/5:0.032,0:0.73/-1:0.11/0:0.032/2:0.032/3:0.032/4:0.032/5:0.032,0:0.73/-1:0.11/0:0.023/2:0.023/3:0.023/4:0.023/5:0.023/6:0.023/7:0.023,0,0,0,-1:0.11/2:0.89,0:0.73/-1:0.11/0:0.04/2:0.04/3:0.04/4:0.04,0:0.73/-1:0.11/0:0.04/2:0.04/3:0.04/4:0.04,0:0.74/-1:0.1/0:0.027/2:0.027/3:0.027/4:0.027/5:0.027/6:0.027,0:0.74/-1:0.1/0:0.027/2:0.027/3:0.027/4:0.027/5:0.027/6:0.027,0:0.74/-1:0.1/0:0.018/2:0.018/3:0.018/4:0.018/5:0.018/6:0.018/7:0.018/8:0.018/9:0.018,0,0,0,0:0.74/-1:0.1/0:0.053/2:0.053/3:0.053,0,0,0,0,2,0,0:0.7/-1:0.1/2:0.2,0:0.74/-1:0.1/0:0.04/2:0.04/3:0.04/4:0.04,0:0.74/-1:0.1/2:0.023/3:0.023/0:0.023/4:0.023/5:0.023/6:0.023/7:0.023
M1.CCCAGTTCAGTTTACG-1,0,0,2,2,6,0,0,0,0,0,0,0,0,0,2,0,0:0.73/-1:0.11/0:0.032/2:0.032/3:0.032/4:0.032/5:0.032,0:0.73/-1:0.11/0:0.032/2:0.032/3:0.032/4:0.032/5:0.032,0:0.73/-1:0.11/0:0.023/2:0.023/3:0.023/4:0.023/5:0.023/6:0.023/7:0.023,0,0,0,-1:0.11/2:0.89,0:0.73/-1:0.11/0:0.04/2:0.04/3:0.04/4:0.04,0:0.73/-1:0.11/0:0.04/2:0.04/3:0.04/4:0.04,0,0,0,7,7,9,0,0,5,0,0:0.74/-1:0.1/0:0.08/2:0.08,-1:0.1/2:0.9,0:0.74/-1:0.1/0:0.04/2:0.04/3:0.04/4:0.04,2,0,0
RW.TGGCTGGCAGTATCTG-1,0,0,2,2,0,0,0,0,0,0,0,2,0,0,2,0,0,0,0,0,0,0,2,0,0,0,0,0,0,0,0,0,2,2,2,0:0.74/-1:0.1/0:0.08/2:0.08,-1:0.1/2:0.9,0:0.74/-1:0.1/0:0.04/2:0.04/3:0.04/4:0.04,0:0.72/-1:0.1/2:0.18,0:0.74/-1:0.1/0:0.04/2:0.04/3:0.04/4:0.04,0:0.74/-1:0.1/2:0.023/3:0.023/0:0.023/4:0.023/5:0.023/6:0.023/7:0.023
I12,0,0,2,2,0,0,0,0,0,0,0,0,0,0,2,0,0,0,0,0,0,0,2,0,0,0,0,0,0,0,0,0,0,0,0,0,2,0,0,0,0
clade_44,0,0,2,2,0,0,0,0,0,0,0,0,0,0,2,0,0,0,0,0,0,0,2,0,0,3,2,3,0,0,0,0,0,0,0,0,2,0,0,0,0:0.62/5:0.38
RE.CAAGATCCAAACTGTC-1,3,0,2,2,0,0,0,0,0,0,0,0,6,0,2,4,0,0,3,0,0,0,2,0,0,3,2,3,4,0,3,0,0,0,0,0,2,0,0:0.78/-1:0.08/0:0.047/2:0.047/3:0.047,0:0.78/-1:0.08/0:0.035/2:0.035/3:0.035/4:0.035,0:0.49/-1:0.08/5:0.43
clade_50,0,0,2,2,0,0,0,0,0,0,0,0,0,0,2,0,0,0,0,0,0,0,2,0:0.97/4:0.03,0:0.97/3:0.03,3,2,3,0,0,0,0,0,0,0,0,2,0,0,0,0:0.59/5:0.41
clade_54,4,0,2,2,0,0,0,0,0,0,0,0,0,0,2,0,0,0,0,0,0,0,-1:0.61/2:0.39,0:0.34/-1:0.61/4:0.05,0:0.34/-1:0.61/3:0.05,3,2,3,0,0,0,0,0,0,0,0,2,0,0,0,5
M2.AACTCCCGTGAGTGAC-1,4,0,2,2,0,0,0,0,0,0,0,0,0,0,2,0,0,0,0,5,0,0,-1:0.63/2:0.37,0:0.31/-1:0.63/4:0.06,0:0.31/-1:0.63/3:0.06,-1:0.03/3:0.97,-1:0.03/2:0.97,-1:0.03/3:0.97,0,0,0,0,0,0,0,0,2,0,0,3,5
clade_55,4,0:0.81/-1:0.15/0:0.013/2:0.013/3:0.013,-1:0.15/2:0.85,2,0:0.09/3:0.91,0,0,0,0,0,0,0,0,0,2,0,0,0,0,0,0,0,-1:0.67/2:0.33,0:0.27/-1:0.67/4:0.06,0:0.27/-1:0.67/3:0.06,3,2,3,0,0,0,0,0,0,0,0,2,0,0,0,5
M2.TGCTACCTCAGAGACG-1,4,0:0.8/-1:0.15/0:0.017/2:0.017/3:0.017,-1:0.15/2:0.85,2,3,0,0,0,0,0,0,0,0,0,2,0,0,0,0,0,0,0,-1:0.67/2:0.33,0:0.27/-1:0.67/4:0.06,0:0.27/-1:0.67/3:0.06,3,2,3,0,0,0,0,0:0.99/2:0.001/0:0.001/3:0.001/4:0.001/5:0.001/6:0.001/7:0.001,0:0.99/2:0.002/0:0.002/3:0.002/4:0.002/5:0.002,0:0.99/2:0.001/0:0.001/3:0.001/4:0.001/5:0.001/6:0.001/7:0.001/8:0.001/9:0.001,0,2,0,0,0,5
M2.GTGCATAGTCCGAACC-1,4,0:0.8/-1:0.15/0:0.017/2:0.017/3:0.017,-1:0.15/2:0.85,2,0:0.09/3:0.91,0,0,0:0.99/0:0.001/2:0.001/3:0.001/4:0.001/5:0.001/6:0.001/7:0.001,0:0.99/0:0.001/2:0.001/3:0.001/4:0.001/5:0.001/6:0.001/7:0.001/8:0.001/9:0.001,0:0.99/0:0.001/2:0.001/3:0.001/4:0.001/5:0.001/6:0.001/7:0.001,0:0.99/0:0.003/2:0.003/3:0.003,0:0.99/2:0.002/0:0.002/3:0.002/4:0.002/5:0.002/6:0.002,0:0.99/0:0.001/2:0.001/3:0.001/4:0.001/5:0.001/6:0.001/7:0.001,0:0.99/0:0.002/2:0.002/3:0.002/4:0.002/5:0.002/6:0.002,2,0:0.99/0:0.001/2:0.001/3:0.001/4:0.001/5:0.001/6:0.001/7:0.001,0,0,0,0:0.99/0:0.001/2:0.001/3:0.001/4:0.001/5:0.001/6:0.001/7:0.001,0:0.99/0:0.001/2:0.001/3:0.001/4:0.001/5:0.001/6:0.001/7:0.001,0:0.99/0:0.002/2:0.002/3:0.002/4:0.002/5:0.002/6:0.002,-1:0.67/2:0.33,0:0.27/-1:0.67/4:0.06,0:0.27/-1:0.67/3:0.06,3,2,3,0,0,0,0:0.99/0:0.003/2:0.003/3:0.003,0,0,0,0:0.99/0:0.005/2:0.005,2,0:0.99/0:0.003/2:0.003/3:0.003/4:0.003,0:0.99/0:0.003/2:0.003/3:0.003,0:0.99/0:0.003/2:0.003/3:0.003/4:0.003,5
M1.GAGGTGAGTATTCTCT-1,0,0,2,2,0,0,0,0,0,6,0,0,0,6,2,0,0,0,0,0,0,6,2,4,3,3,2,3,0,6,0,0,0,0,0,0,2,0,0:0.79/-1:0.08/0:0.043/2:0.043/3:0.043,0:0.79/-1:0.08/0:0.033/2:0.033/3:0.033/4:0.033,0:0.46/-1:0.08/5:0.46
clade_62,0,0,2,2,0,0,0,0,0,0,0,0,0,0,2,0,0,0,0,0:0.91/2:0.09,0:0.91/2:0.09,0,2,0,0,0,0,0,0,0,0,0,0,0,0,0,2,0,0,0,0
M1.TTCGGTCGTCCAACTA-1,0,0,2,2,0,0,4,0,0,4,0,0,0,4,2,0,4,4,6,0:0.66/-1:0.11/2:0.23,0:0.66/-1:0.11/2:0.23,0:0.72/-1:0.11/0:0.028/2:0.028/3:0.028/4:0.028/5:0.028/6:0.028,2,2,0,0,0,5,0,0,0,0,0,0,0,0,2,0,0,0,0
clade_70,0,0,2,2,0,0,0,0,0,0,0,0,0,0,2,0,0:0.74/5:0.26,0,0,0:0.05/2:0.95,0:0.05/2:0.95,0,2,0,0,0,0,0,0,0,0,0,0,0,0,0,2,0,0,0,0
RW.CTCGTCAGTACCATCA-1,2,0,2,2,0,0,0,0,0,0,0,0,0,0,2,3,0:0.58/-1:0.08/5:0.34,0:0.78/-1:0.08/0:0.028/2:0.028/3:0.028/4:0.028/5:0.028,0:0.78/-1:0.08/0:0.02/2:0.02/3:0.02/4:0.02/5:0.02/6:0.02/7:0.02,2,2,0,2,0,2,0,0,0,0,2,2,0,0,3,0,0,2,0,0:0.78/-1:0.08/0:0.047/2:0.047/3:0.047,0:0.78/-1:0.08/0:0.035/2:0.035/3:0.035/4:0.035,0:0.78/-1:0.08/2:0.02/3:0.02/0:0.02/4:0.02/5:0.02/6:0.02/7:0.02
M1.TGTTCCGGTCCGAGTC-1,0,0,2,2,0,0,0,0:0.78/-1:0.08/0:0.02/2:0.02/3:0.02/4:0.02/5:0.02/6:0.02/7:0.02,0:0.78/-1:0.08/0:0.016/2:0.016/3:0.016/4:0.016/5:0.016/6:0.016/7:0.016/8:0.016/9:0.016,0:0.78/-1:0.08/0:0.02/2:0.02/3:0.02/4:0.02/5:0.02/6:0.02/7:0.02,0,0,0,0,2,0,5,0,0,2,2,0,2,0,0,5,3,0,0,0,0,0:0.78/-1:0.08/0:0.047/2:0.047/3:0.047,0,0,0,0,2,0,0,0,0
clade_5,0,0,0,0,0,0,0,0,0,0,0,0,0,0,0,0,0,0,0,0:0.02/4:0.98,0,0,0,0,0,0,0,0,0,0,0,0,0,0,0,0,0,0,0,0,0
clade_6,0,0,0,0,0,0,0,0,0,0,0,0,0,0,0,0,0,0,0,4,0,0,0,0,0,0,0,0,0,0,0,0,0,0,0,0,0:0.03/4:0.97,0,0,0,0
M1.CGAACATCATACAGCT-1,0:0.75/-1:0.1/0:0.025/2:0.025/3:0.025/4:0.025/5:0.025/6:0.025,0,4,0:0.75/-1:0.1/2:0.037/0:0.037/3:0.037/4:0.037,0:0.75/-1:0.1/0:0.025/2:0.025/3:0.025/4:0.025/5:0.025/6:0.025,0,0,0,0,0,0,0,0,0,0,0,0,0,0,4,6,0,3,0,0,0,0,8,0,0,0,0,0:0.75/-1:0.1/2:0.021/0:0.021/3:0.021/4:0.021/5:0.021/6:0.021/7:0.021,0:0.75/-1:0.1/2:0.03/0:0.03/3:0.03/4:0.03/5:0.03,0:0.75/-1:0.1/2:0.017/0:0.017/3:0.017/4:0.017/5:0.017/6:0.017/7:0.017/8:0.017/9:0.017,0,4,0,0:0.75/-1:0.1/0:0.05/2:0.05/3:0.05,0:0.75/-1:0.1/0:0.037/2:0.037/3:0.037/4:0.037,0:0.75/-1:0.1/2:0.021/3:0.021/0:0.021/4:0.021/5:0.021/6:0.021/7:0.021
clade_9,0,0,0,0,0,0,0,0,0,0,0,0,0,0,0,0,0,0,0,4,0,0,0:0.07/4:0.93,0,0,0,0,0,0,0,0,0,0,0,0,0,4,0,0,0,0
Liv.GTTCTCGGTTCCGGCA-1,0,0,0,0,0,0,0,0,0,0,0,0,0,0,0,0,0,0,0,4,0,0,4,0,0,0,0,5,0,0,0,0,0,0,0,0,4,4,0,0,0
M1.AAGCCGCAGGCCCTTG-1,0,0:0.81/-1:0.07/0:0.04/2:0.04/3:0.04,0:0.81/-1:0.07/2:0.024/3:0.024/0:0.024/4:0.024/5:0.024,0,0,0,0,0,8,0,0,0,0,0,0,0,0,0,0,4,7,0,4,0,0,0,6,9,0,0,0,0,0,0,0,0,4,0,2,0,0
clade_15,0,0,0,0,0,0,0,5,3,2,0,0,0,0,0,0,0,0,0,4,0,0,0,0,0,0,0,0,0:0.04/2:0.96,0,0,0,0,0,0,0,0,0,0,0,0
clade_20,0,2,3,0,0,0,0,5,3,2,0,0,5,0:0.59/-1:0.32/0:0.015/2:0.015/3:0.015/4:0.015/5:0.015/6:0.015,0:0.59/-1:0.32/2:0.03/3:0.03/0:0.03,0:0.59/-1:0.32/0:0.013/2:0.013/3:0.013/4:0.013/5:0.013/6:0.013/7:0.013,0:0.59/-1:0.32/0:0.018/2:0.018/3:0.018/4:0.018/5:0.018,0:0.59/-1:0.32/0:0.018/2:0.018/3:0.018/4:0.018/5:0.018,0:0.59/-1:0.32/0:0.013/2:0.013/3:0.013/4:0.013/5:0.013/6:0.013/7:0.013,-1:0.32/4:0.68,0:0.59/-1:0.32/0:0.013/2:0.013/3:0.013/4:0.013/5:0.013/6:0.013/7:0.013,0:0.59/-1:0.32/0:0.015/2:0.015/3:0.015/4:0.015/5:0.015/6:0.015,0,0,0,0,0,0,0:0.01/2:0.99,0:0.18/3:0.82,0:0.18/4:0.82,0,0,0,0,0,0,0,0,0,4
RE.AGAATAGTCAACGGCC-1,0,2,3,0,0,0,0,5,3,2,0,0,5,0:0.56/-1:0.33/0:0.018/2:0.018/3:0.018/4:0.018/5:0.018/6:0.018,0:0.56/-1:0.33/2:0.037/3:0.037/0:0.037,0:0.56/-1:0.33/0:0.016/2:0.016/3:0.016/4:0.016/5:0.016/6:0.016/7:0.016,0:0.56/-1:0.33/0:0.022/2:0.022/3:0.022/4:0.022/5:0.022,0:0.56/-1:0.33/0:0.022/2:0.022/3:0.022/4:0.022/5:0.022,0:0.56/-1:0.33/0:0.016/2:0.016/3:0.016/4:0.016/5:0.016/6:0.016/7:0.016,-1:0.33/4:0.67,0:0.56/-1:0.33/0:0.016/2:0.016/3:0.016/4:0.016/5:0.016/6:0.016/7:0.016,0:0.56/-1:0.33/0:0.018/2:0.018/3:0.018/4:0.018/5:0.018/6:0.018,0,0,3,4,0,0,2,3,4,0:0.95/-1:0.02/0:0.01/2:0.01/3:0.01,0,0,0,0,0,0,0,0,4
RE.CCTACCACATTGGGCC-1,0,2,3,0,0,0,0,5,3,2,0,0,5,0:0.56/-1:0.33/0:0.018/2:0.018/3:0.018/4:0.018/5:0.018/6:0.018,0:0.56/-1:0.33/2:0.037/3:0.037/0:0.037,0:0.56/-1:0.33/0:0.016/2:0.016/3:0.016/4:0.016/5:0.016/6:0.016/7:0.016,0:0.56/-1:0.33/0:0.022/2:0.022/3:0.022/4:0.022/5:0.022,0:0.56/-1:0.33/0:0.022/2:0.022/3:0.022/4:0.022/5:0.022,0:0.56/-1:0.33/0:0.016/2:0.016/3:0.016/4:0.016/5:0.016/6:0.016/7:0.016,-1:0.33/4:0.67,0:0.56/-1:0.33/0:0.016/2:0.016/3:0.016/4:0.016/5:0.016/6:0.016/7:0.016,0:0.56/-1:0.33/0:0.018/2:0.018/3:0.018/4:0.018/5:0.018/6:0.018,0,0,0,0,0,0,0:0.01/-1:0.02/2:0.97,0:0.17/-1:0.02/3:0.81,0:0.17/-1:0.02/4:0.81,0,0,0,0,0,0,0,0,0,4
I13,0,0,0,0,0,0,0,5,3,2,0,0,0,0,0,0,0,0,0,4,0,0,0,0,0,0,0,0,0:0.04/2:0.96,0,0:0.97/7:0.03,0,0,0,0,0,0,0,0,0,0
M1.TTGACTTTCAAGGTAA-1,0,0,0,4,0,0,0,5,3,2,3,0,0,0,0,0,0,0,5,4,0,2,2,0,0,0,0,0,2,0,7,0:0.77/-1:0.09/0:0.047/2:0.047/3:0.047,0:0.77/-1:0.09/2:0.02/0:0.02/3:0.02/4:0.02/5:0.02/6:0.02/7:0.02,0:0.77/-1:0.09/2:0.028/0:0.028/3:0.028/4:0.028/5:0.028,0:0.77/-1:0.09/2:0.016/0:0.016/3:0.016/4:0.016/5:0.016/6:0.016/7:0.016/8:0.016/9:0.016,0,0,0,0,0,0
M2.TACTTACCACTAGTAC-1,0,0,0,0,0,0,0,5,3,2,0,0,0,0,0,0,3,0,0,4,0,0,0,0,0,0:0.77/-1:0.09/0:0.023/2:0.023/3:0.023/4:0.023/5:0.023/6:0.023,0:0.77/-1:0.09/0:0.023/2:0.023/3:0.023/4:0.023/5:0.023/6:0.023,0:0.77/-1:0.09/0:0.016/2:0.016/3:0.016/4:0.016/5:0.016/6:0.016/7:0.016/8:0.016/9:0.016,0:0.03/-1:0.09/2:0.88,0:0.77/-1:0.09/0:0.02/2:0.02/3:0.02/4:0.02/5:0.02/6:0.02/7:0.02,0:0.74/-1:0.09/7:0.17,0,0,0,0,2,0,0,0,0,0
I14,0,0,0,0,0,0,0,0,0,0,0,0,0,0,0,0,0,0,0,0,0,0,0,0,0,0,0,0,0,0,0,0,0,0,0,0,0,0,0,0,0
I15,0,0,0,0,0,0,0,0,0,0,0,0:0.98/3:0.02,0,0:0.98/5:0.02,0,0,0,0,0,0,0,0,0,0:0.98/3:0.02,0,0,0,0,0,0,0,0,0,0,0,0,0,0,0,0:0.98/4:0.02,0
M1.TACCTATAGGCGATAC-1,0,0,0,0,0,0,0,0,0,0,0:0.66/-1:0.14/0:0.067/2:0.067/3:0.067,0:0.65/-1:0.14/3:0.21,0:0.66/-1:0.14/0:0.029/2:0.029/3:0.029/4:0.029/5:0.029/6:0.029/7:0.029,5,0,0,0,0,0,0,3,5,0,3,0,4,0,6,0,0,0,0,0,0,0,0,0,0,0,4,0
RW.AGCTTGAAGGATGTAT-1,0,0:0.66/-1:0.14/0:0.067/2:0.067/3:0.067,0:0.66/-1:0.14/2:0.04/3:0.04/0:0.04/4:0.04/5:0.04,0,0,0:0.66/-1:0.14/0:0.04/2:0.04/3:0.04/4:0.04/5:0.04,0:0.66/-1:0.14/0:0.04/2:0.04/3:0.04/4:0.04/5:0.04,0,0,0,0,3,0,0:0.65/-1:0.14/5:0.21,0:0.66/-1:0.14/2:0.067/3:0.067/0:0.067,0:0.66/-1:0.14/0:0.029/2:0.029/3:0.029/4:0.029/5:0.029/6:0.029/7:0.029,0,0,0,3,0,3,0:0.66/-1:0.14/2:0.05/0:0.05/3:0.05/4:0.05,0:0.65/-1:0.14/3:0.21,0:0.66/-1:0.14/0:0.05/2:0.05/3:0.05/4:0.05,0,0,0,0:0.66/-1:0.14/0:0.025/2:0.025/3:0.025/4:0.025/5:0.025/6:0.025/7:0.025/8:0.025,0:0.66/-1:0.14/0:0.029/2:0.029/3:0.029/4:0.029/5:0.029/6:0.029/7:0.029,0:0.66/-1:0.14/0:0.022/2:0.022/3:0.022/4:0.022/5:0.022/6:0.022/7:0.022/8:0.022/9:0.022,0:0.66/-1:0.14/0:0.067/2:0.067/3:0.067,0,0,0,0:0.66/-1:0.14/0:0.1/2:0.1,0:0.66/-1:0.14/0:0.05/2:0.05/3:0.05/4:0.05,0:0.66/-1:0.14/0:0.05/2:0.05/3:0.05/4:0.05,0:0.66/-1:0.14/0:0.067/2:0.067/3:0.067,0:0.65/-1:0.14/4:0.21,0:0.66/-1:0.14/2:0.029/3:0.029/0:0.029/4:0.029/5:0.029/6:0.029/7:0.029
M1.AGCTCTCAGTGAAGTT-1,0,0,5,0,0,0,0,0:0.65/-1:0.14/0:0.03/2:0.03/3:0.03/4:0.03/5:0.03/6:0.03/7:0.03,0:0.65/-1:0.14/0:0.023/2:0.023/3:0.023/4:0.023/5:0.023/6:0.023/7:0.023/8:0.023/9:0.023,0:0.65/-1:0.14/0:0.03/2:0.03/3:0.03/4:0.03/5:0.03/6:0.03/7:0.03,0,0,0,0,0,0,0,0,0,0,0,4,0,0,0,0,5,0,0,0,0,0,0,0,0,0:0.65/-1:0.14/0:0.105/2:0.105,0:0.65/-1:0.14/0:0.052/2:0.052/3:0.052/4:0.052,0:0.65/-1:0.14/0:0.052/2:0.052/3:0.052/4:0.052,0,0,0
