((((((((RW.GCCAAATCATGGTAGG-1:2.12,RW.TACTTGTCAGGAATGC-1:1.938)clade_9:12.396,(M1.TAAACCGGTGATGCCC-1:5.006,RW.AGCTCTCCACCAACCG-1:11.006)I11:0.008)clade_4:0.987,((RE.TCAGATGTCGTCACGG-1:4.593,M1.GACTGCGGTTTAGGAA-1:6.48)clade_18:2.297,(RW.AGGGATGGTTCGTCTC-1:3.503,RW.CACATTTAGACTAGGC-1:5.077)clade_22:3.97)clade_16:1.953)I10:0.002,(((RE.TAGTTGGTCGCGTTTC-1:3.009,(M1.TGTCCCATCACCCTCA-1:1.001,M1.ACGGCCATCACTCTTA-1:0.001)clade_42:3.014)I9:0.079,((M1.GACCTGGGTCATGCAT-1:3.942,M2.GAACCTAAGCCCAATT-1:9.521)clade_31:9.633,M1.CCGGGATGTGCGGTAA-1:10.59)I8:1.121)clade_28:2.917,(M1.AGCCTAAAGAACAACT-1:6.178,M1.CTGGTCTTCGTCCGTT-1:5.253)clade_36:0.83)I7:0.994)clade_3:11.365,(((M1.GATGAGGCATCTATGG-1:16.445,((((M1.ACAGCTAAGATAGTCA-1:0.043,M1.GGCCGATGTACCGCTG-1:0.547)clade_99:10.795,RE.GACTAACTCCCAACGG-1:4.351)clade_97:1.148,M1.TTTGCGCGTACATCCA-1:9.496)clade_93:2.936,Liv.GCAGCCATCCAGAGGA-1:6.646)clade_88:2.102)clade_86:0.255,(((M1.TCTGGAACACCCATGG-1:16.488,(((M2.ACACCGGTCGGTCTAA-1:8.686,M2.TGTCCCAGTGAACCTT-1:6.363)clade_57:4.072,M1.ACTGCTCAGAGTCGGT-1:11.123)I6:1.974,((M2.GTCACGGCAAGTTGTC-1:0.244,M2.TACCTTAAGTGCGATG-1:1.283)clade_69:4.361,M1.GGTATTGAGTTAACGA-1:2.975)I5:0.395)I4:0)clade_73:0.006,(((LL.CTAACTTTCCCTCAGT-1:0.04,LL.TCGCGTTTCAGGCCCA-1:1.341)clade_75:3.615,LL.ATTATCCGTTATCCGA-1:1.139)I3:0.002,(LL.TTAACTCCAAGCCGTC-1:2.827,LL.CGTCAGGCAAACTGCT-1:1.548)I2:1.368)clade_78:7.001)clade_56:1.02,M2.AGGTCATGTGGTCTCG-1:10.634)clade_52:1.976)clade_51:1.016,M1.CCTTTCTCACTTCGAA-1:6.944)clade_50:6.348)clade_106:0.633,((((M2.TTTGCGCAGATCCTGT-1:13.395,M2.CGGACTGGTTACGCGC-1:9.395)clade_110:4.606,M2.GAGGTGAAGACTGTAA-1:17.061)clade_107:0.24,(M2.GATGAAACATGGTAGG-1:29.583,M2.CAACCAATCGGCATCG-1:8.691)clade_121:0.489)I1:2.887,(((M2.CTAGAGTAGGACAGAA-1:0.181,M2.AACTCTTCACCACGTG-1:0.204)clade_117:10.17,Liv.ACACCGGTCGTCTGAA-1:16.737)clade_125:1.844,Liv.GTGCAGCCATCCGTGG-1:14.047)clade_115:0.072)clade_132:4.898)clade_1:0,M1.CATCAAGCAGCAGTTT-1:49.476)root:0)I0;
I0,0,0,0,0,0,0,0,0,0,0,0,0,0,0,0,0,0,0,0,0,0,0,0,0,0,0,0,0,0,0,0,0,0,0,0,0,0,0,0,0,0,0,0,0,0,0,0,0,0,0,0,0,0
root,0,0,0,0,0,0,0,0,0,0,0,0,0,0,0,0,0,0,0,0,0,0,0,0,0,0,0,0,0,0,0,0,0,0,0,0,0,0,0,0,0,0,0,0,0,0,0,0,0,0,0,0,0
M1.CATCAAGCAGCAGTTT-1,0:0.11/-1:0.84/0:0.01/2:0.01/3:0.01/4:0.01/5:0.01,0:0.11/-1:0.84/0:0.013/2:0.013/3:0.013/4:0.013,0:0.11/-1:0.84/0:0.017/2:0.017/3:0.017,0:0.11/-1:0.84/0:0.007/2:0.007/3:0.007/4:0.007/5:0.007/6:0.007/7:0.007,0:0.11/-1:0.84/0:0.008/2:0.008/3:0.008/4:0.008/5:0.008/6:0.008,0:0.11/-1:0.84/0:0.017/2:0.017/3:0.017,0:0.11/-1:0.84/0:0.017/2:0.017/3:0.017,0:0.11/-1:0.84/0:0.008/2:0.008/3:0.008/4:0.008/5:0.008/6:0.008,0:0.11/-1:0.84/0:0.01/2:0.01/3:0.01/4:0.01/5:0.01,5,5,4,0:0.11/-1:0.84/0:0.017/2:0.017/3:0.017,0:0.11/-1:0.84/0:0.013/2:0.013/3:0.013/4:0.013,5,5,0:0.11/-1:0.84/0:0.01/2:0.01/3:0.01/4:0.01/5:0.01,0:0.11/-1:0.84/2:0.007/3:0.007/0:0.007/4:0.007/5:0.007/6:0.007/7:0.007,0:0.11/-1:0.84/0:0.008/2:0.008/3:0.008/4:0.008/5:0.008/6:0.008,0:0.11/-1:0.84/0:0.007/2:0.007/3:0.007/4:0.007/5:0.007/6:0.007/7:0.007,0:0.11/-1:0.84/0:0.008/2:0.008/3:0.008/4:0.008/5:0.008/6:0.008,0:0.11/-1:0.84/0:0.017/2:0.017/3:0.017,0:0.11/-1:0.84/2:0.01/0:0.01/3:0.01/4:0.01/5:0.01,0:0.11/-1:0.84/0:0.008/2:0.008/3:0.008/4:0.008/5:0.008/6:0.008,0:0.11/-1:0.84/0:0.017/2:0.017/3:0.017,9,5,3,0:0.11/-1:0.84/2:0.025/0:0.025,0:0.11/-1:0.84/0:0.013/2:0.013/3:0.013/4:0.013,0:0.11/-1:0.84/0:0.025/2:0.025,7,5,6,7,7,6,0:0.11/-1:0.84/2:0.008/3:0.008/0:0.008/4:0.008/5:0.008/6:0.008,0:0.11/-1:0.84/2:0.01/0:0.01/3:0.01/4:0.01/5:0.01,0:0.11/-1:0.84/0:0.013/2:0.013/3:0.013/4:0.013,4,4,3,0:0.11/-1:0.84/0:0.013/2:0.013/3:0.013/4:0.013,0:0.11/-1:0.84/0:0.013/2:0.013/3:0.013/4:0.013,0:0.11/-1:0.84/0:0.025/2:0.025,3,5,3,0:0.11/-1:0.84/0:0.017/2:0.017/3:0.017,0:0.11/-1:0.84/0:0.017/2:0.017/3:0.017,0:0.11/-1:0.84/2:0.013/0:0.013/3:0.013/4:0.013,0:0.11/-1:0.84/2:0.017/0:0.017/3:0.017
clade_1,0,0,0,0,0,0,0,0,0,0,0,0,0,0,0,0,0,0,0,0,0,0,0,0,0,0,0,0,0,0,0,0,0,0,0,0,0,0,0,0,0,0,0,0,0,0,0,0,0,0,0,0,0
clade_132,0,0,0,0,0,0,0,0,0,-1,-1,-1,0,0,0,0,0:0.07/4:0.93,0,0,0,0,0,0,0,0,0,0,0,0,0,0,0,0,0,0,0,0,0,0,0,0,0,0,0:0.02/3:0.98,0,0,0,0,0,0,0,0,0
clade_115,0,0,0,0,0,0,0,0,0,-1,-1,-1,0,0,0,0,0:0.02/4:0.98,0,0,0,0,0,0,0,0,0,0,0,0,0,0,0,0,0,0,0,0,0,0,0,0,0,0,0:0.02/3:0.98,0,0:0.98/2:0.02,0,0,0,0,0,0,0
Liv.GTGCAGCCATCCGTGG-1,0,0,0,3,0,0,0,0,0,-1,-1,-1,3,0,6,0,4,0,0,6,0,0,0:0.16/-1:0.79/2:0.01/0:0.01/3:0.01/4:0.01/5:0.01,0:0.16/-1:0.79/0:0.008/2:0.008/3:0.008/4:0.008/5:0.008/6:0.008,0:0.16/-1:0.79/0:0.017/2:0.017/3:0.017,0,0,0,0,0,0,0,0,0,0,8,0,5,5,0,0,0,0,-1:0.79/3:0.21,0:0.16/-1:0.79/0:0.013/2:0.013/3:0.013/4:0.013,0:0.15/-1:0.79/2:0.06,3,6,0,0,0,0,0
clade_125,0,0,0,0,0,0,0,0,0,-1,-1,-1,0,0,0:0.16/3:0.84,0:0.18/4:0.82,4,0,0,0,0,0,0,0,0,0,0,0,0,0,0,0,0,0,0,0,0,0,0,0,0,0,0,0:0.01/3:0.99,0,0:0.82/2:0.18,0,0,0,0,0,0,0
Liv.ACACCGGTCGTCTGAA-1,0,0,0,0,0,0,0,6,0,-1,-1,-1,0,0,3,4,4,0,6,7,6,0,0,6,0,2,6,4,0,0,0,0,0,0,2,0,0,6,0,0,0,2,0,-1:0.76/3:0.24,0:0.18/-1:0.76/0:0.015/2:0.015/3:0.015/4:0.015,0:0.15/-1:0.76/2:0.09,0,7,0,0,3,4,0
clade_117,0,0,0,0,0,0,0,0,0,-1,-1,-1,0,3,3,4,4,0,0,0,0,0,0,4,0,8,4,0,0,0,0,3,4,0,0,0,0,0,0,0:0.02/3:0.98,0,3,0,3,0,2,0,0,0,2,0,0,0
M2.AACTCTTCACCACGTG-1,0,0,0,0,0,0,0:0.94/-1:0.06,0:0.94/-1:0.06,0:0.94/-1:0.06,-1,-1,-1,0,3,3,4,4,0,0,0,0,0,0,4,0,8,4,0,0,0,0,3,4,0,0,0,0,0,0,3,0,3,0,3,0,2,0,0,0,2,0,0,0
M2.CTAGAGTAGGACAGAA-1,0,0,0,0,0,0,0,0,0,-1,-1,-1,0,3,3,4,4,0,0,0,0,0,0,4,0,8,4,0,0,0,0,3,4,0,0,0,0,0:0.94/-1:0.06,0:0.94/-1:0.06,0:0.02/-1:0.06/3:0.92,0,3,0,3,0,2,0,0,0,2,0,0,0
I1,0,0,0,0,0,0,0,0,0,-1,-1,-1,0,0,0,0,-1:0.95/4:0.05,0:0.05/-1:0.95,0:0.05/-1:0.95,0,0,0,0,0,0,0,0,0,0,0,0,0,0,0,0,0,0,0,0,0,0,0,0,3,0,0,0,0,0,0,0,0,0
clade_121,0,0,0,0,0,0,0:0.92/-1:0.07/0:0.003/2:0.003/3:0.003,0:0.92/-1:0.07/0:0.002/2:0.002/3:0.002/4:0.002/5:0.002/6:0.002,0:0.92/-1:0.07/0:0.002/2:0.002/3:0.002/4:0.002/5:0.002,-1,-1,-1,0,0,0,0,-1:0.95/4:0.05,0:0.04/-1:0.95/2:0.001/3:0.001/0:0.001/4:0.001/5:0.001/6:0.001/7:0.001,0:0.04/-1:0.95/0:0.002/2:0.002/3:0.002/4:0.002/5:0.002/6:0.002,0,0,0,0,0,0,0:0.92/-1:0.07/0:0.001/2:0.001/3:0.001/4:0.001/5:0.001/6:0.001/7:0.001/8:0.001/9:0.001,0:0.92/-1:0.07/0:0.002/2:0.002/3:0.002/4:0.002/5:0.002/6:0.002,0:0.92/-1:0.07/0:0.003/2:0.003/3:0.003/4:0.003,0,0,0,0,0,0,0,0,0,0,0,0,0,0,0,3,0,0,0,0:0.98/4:0.02,0,0,0,0,0
M2.CAACCAATCGGCATCG-1,0,0,0,0,0,0,0:0.16/-1:0.79/0:0.017/2:0.017/3:0.017,0:0.16/-1:0.79/0:0.008/2:0.008/3:0.008/4:0.008/5:0.008/6:0.008,0:0.16/-1:0.79/0:0.01/2:0.01/3:0.01/4:0.01/5:0.01,-1,-1,-1,0,0,0,0,-1:0.99/4:0.01,0:0.01/-1:0.99,0:0.01/-1:0.99,0,0,0,0,0,0,0:0.16/-1:0.79/0:0.006/2:0.006/3:0.006/4:0.006/5:0.006/6:0.006/7:0.006/8:0.006/9:0.006,0:0.16/-1:0.79/0:0.008/2:0.008/3:0.008/4:0.008/5:0.008/6:0.008,0:0.16/-1:0.79/0:0.013/2:0.013/3:0.013/4:0.013,0,0,0,0,0,0,0,0,4,0,3,0,0,0,0,3,3,0,0,4,0,0,0,0,0
M2.GATGAAACATGGTAGG-1,2,0,0,5,0,0,0:0.16/-1:0.79/0:0.017/2:0.017/3:0.017,0:0.16/-1:0.79/0:0.008/2:0.008/3:0.008/4:0.008/5:0.008/6:0.008,0:0.16/-1:0.79/0:0.01/2:0.01/3:0.01/4:0.01/5:0.01,-1,-1,-1,0:0.17/-1:0.77/0:0.02/2:0.02/3:0.02,0:0.17/-1:0.77/0:0.015/2:0.015/3:0.015/4:0.015,0:0.17/-1:0.77/0:0.01/2:0.01/3:0.01/4:0.01/5:0.01/6:0.01,0:0.17/-1:0.77/0:0.012/2:0.012/3:0.012/4:0.012/5:0.012,-1:0.99/4:0.01,0:0.01/-1:0.99,0:0.01/-1:0.99,0:0.17/-1:0.77/0:0.009/2:0.009/3:0.009/4:0.009/5:0.009/6:0.009/7:0.009,0:0.17/-1:0.77/0:0.01/2:0.01/3:0.01/4:0.01/5:0.01/6:0.01,0:0.17/-1:0.77/0:0.02/2:0.02/3:0.02,0,3,2,0:0.16/-1:0.79/0:0.006/2:0.006/3:0.006/4:0.006/5:0.006/6:0.006/7:0.006/8:0.006/9:0.006,0:0.16/-1:0.79/0:0.008/2:0.008/3:0.008/4:0.008/5:0.008/6:0.008,0:0.16/-1:0.79/0:0.013/2:0.013/3:0.013/4:0.013,0:0.17/-1:0.77/2:0.03/0:0.03,0:0.17/-1:0.77/0:0.015/2:0.015/3:0.015/4:0.015,0:0.17/-1:0.77/0:0.03/2:0.03,0:0.17/-1:0.77/2:0.009/0:0.009/3:0.009/4:0.009/5:0.009/6:0.009/7:0.009,0:0.17/-1:0.77/2:0.012/0:0.012/3:0.012/4:0.012/5:0.012,0:0.17/-1:0.77/2:0.01/0:0.01/3:0.01/4:0.01/5:0.01/6:0.01,3,4,0,0,0,2,0,2,2,3,0,0,0:0.17/-1:0.77/0:0.012/2:0.012/3:0.012/4:0.012/5:0.012,0:0.17/-1:0.77/4:0.06,0:0.17/-1:0.77/0:0.02/2:0.02/3:0.02,0:0.17/-1:0.77/0:0.02/2:0.02/3:0.02,0:0.17/-1:0.77/0:0.02/2:0.02/3:0.02,0,3
clade_107,0,0,0,0,0,0,0,0,0,-1,-1,-1,0,0,0,0,-1:0.96/4:0.04,0:0.04/-1:0.96,0:0.04/-1:0.96,0:0.93/3:0.07,0:0.94/2:0.06,0:0.94/3:0.06,0,0,0,0,0,0,0,0:0.98/2:0.02,0,0,0,0,0,0,0,0,0,0,0,0,0,3,0,0,0,0,0,0,0,0,0
M2.GAGGTGAAGACTGTAA-1,0:0.17/-1:0.77/0:0.012/2:0.012/3:0.012/4:0.012/5:0.012,0:0.17/-1:0.77/0:0.015/2:0.015/3:0.015/4:0.015,0:0.17/-1:0.77/0:0.02/2:0.02/3:0.02,0:0.17/-1:0.77/0:0.009/2:0.009/3:0.009/4:0.009/5:0.009/6:0.009/7:0.009,0:0.17/-1:0.77/0:0.01/2:0.01/3:0.01/4:0.01/5:0.01/6:0.01,0:0.17/-1:0.77/0:0.02/2:0.02/3:0.02,0,0,0,-1,-1,-1,0,0,0:0.17/-1:0.77/0:0.01/2:0.01/3:0.01/4:0.01/5:0.01/6:0.01,0:0.17/-1:0.77/0:0.012/2:0.012/3:0.012/4:0.012/5:0.012,-1:0.99/4:0.01,0:0.01/-1:0.99,0:0.01/-1:0.99,0:0.16/-1:0.77/3:0.07,0:0.16/-1:0.77/2:0.07,0:0.16/-1:0.77/3:0.07,0,0,0,2,0,0,0,2,0,0,0,4,0,0,0,0,0,0,0,0,0,-1:0.77/3:0.23,0:0.17/-1:0.77/0:0.015/2:0.015/3:0.015/4:0.015,0:0.17/-1:0.77/0:0.03/2:0.03,0:0.17/-1:0.77/0:0.012/2:0.012/3:0.012/4:0.012/5:0.012,0:0.17/-1:0.77/0:0.009/2:0.009/3:0.009/4:0.009/5:0.009/6:0.009/7:0.009,0:0.17/-1:0.77/0:0.02/2:0.02/3:0.02,0,0,0,0
clade_110,0,0,0,0,0,0,0,0,0,-1,-1,-1,0,0,0,0,-1:0.98/4:0.02,0:0.01/-1:0.98/2:0.001/3:0.001/0:0.001/4:0.001/5:0.001/6:0.001/7:0.001,0:0.01/-1:0.98/0:0.002/2:0.002/3:0.002/4:0.002/5:0.002/6:0.002,0:0.05/3:0.95,0:0.06/2:0.94,0:0.11/3:0.89,0,0,0,0,0,0,0:0.35/-1:0.62/2:0.015/0:0.015,0:0.34/-1:0.62/2:0.04,0:0.35/-1:0.62/0:0.015/2:0.015,0,0,0,0,0,0,0,0,0,0,0,0,3,0,0,0,0,0,0,0,0,0
M2.CGGACTGGTTACGCGC-1,3,0,2,0,0,0,0,0,0,-1,-1,-1,0,0,0,0,-1,-1,-1,3,2,3,3,5,0,0,0,0,0:0.08/-1:0.89/2:0.015/0:0.015,0:0.08/-1:0.89/2:0.03,0:0.08/-1:0.89/0:0.015/2:0.015,4,0,0,0,0,0,0:0.24/-1:0.71/2:0.008/3:0.008/0:0.008/4:0.008/5:0.008/6:0.008,0:0.24/-1:0.71/2:0.01/0:0.01/3:0.01/4:0.01/5:0.01,0:0.24/-1:0.71/0:0.013/2:0.013/3:0.013/4:0.013,0,0,0,3,0,0,0,0,0,3,0,0,0
M2.TTTGCGCAGATCCTGT-1,0,0,0,4,0,0,0:0.24/-1:0.71/0:0.017/2:0.017/3:0.017,0:0.24/-1:0.71/0:0.008/2:0.008/3:0.008/4:0.008/5:0.008/6:0.008,0:0.24/-1:0.71/0:0.01/2:0.01/3:0.01/4:0.01/5:0.01,-1,-1,-1,0,0,0,0,-1,-1,-1,3,2,3,0,0,0,0,3,2,0:0.08/-1:0.89/2:0.015/0:0.015,0:0.08/-1:0.89/2:0.03,0:0.08/-1:0.89/0:0.015/2:0.015,0,0,0,0,3,3,0,0,0,0,0,0,3,2,0,2,2,0,0,0,2,2
clade_106,0,0,0,0,0,0,0,0,0,0,0,0,0,0,0,0,0,0,0,0,0,0,0,0,0,0,0,0,0:0.37/2:0.63,0,0,0,0,0,0,0,0,0,0,0,0,0,0,0,0,0,0,0,0,0,0,0,0
clade_50,0,0,0,0,0,0,3,0,0,0,0,0,0,0,0,0,2,4,0,0,0,0,0,2,0,7,2,0,2,0,0,0,0,0,0,0,0,0,0,0,0,0,0,0,0,0,0,0,0,0,0,0,0
M1.CCTTTCTCACTTCGAA-1,0,0,0,0,0,0,3,0,0,0,0,0,0,0,0,0,2,4,0,0,0,0,0,2,0,7,2,0,2,0,0,6,0,0,0,2,0,0,0,0,0,0,0,0:0.21/-1:0.73/0:0.015/2:0.015/3:0.015/4:0.015,0:0.21/-1:0.73/0:0.015/2:0.015/3:0.015/4:0.015,0:0.21/-1:0.73/0:0.03/2:0.03,0,0,2,0:0.21/-1:0.73/0:0.02/2:0.02/3:0.02,0:0.21/-1:0.73/0:0.02/2:0.02/3:0.02,0,0
clade_51,0,0,0,0,0,0,3,0,0,0,0,3,0,0,0,0,2,4,0,0,0,0,0,2,0,7,2,0,2,0,0,0,0,0,0,0,0,0,0,0,0,0,0,0,0,0,0,0,0,0,0,0,0
clade_52,0,0,0,0,0,0,3,0,0,0:0.01/2:0.99,0:0.01/4:0.99,3,0,0,0,0,2,4,0,0,0,0,0,2,0,7,2,0,2,0,0,0,0,0,0,0,0,0,0,0,0,0,0,0,0,0,0,0,0,0,0,0,0
M2.AGGTCATGTGGTCTCG-1,0,0,0,0,0,0,3,0,0,2,4,3,0,0,0,0,2,4,0,0,0,0,2,2,0,-1:0.69/7:0.31,-1:0.69/2:0.31,0:0.26/-1:0.69/0:0.013/2:0.013/3:0.013/4:0.013,2,3,0,0,0,0,4,5,5,4,0,0,0,0,0,4,0,0,0,0,0,0:0.26/-1:0.69/0:0.017/2:0.017/3:0.017,0:0.26/-1:0.69/0:0.017/2:0.017/3:0.017,0,0
clade_56,0,0,0,0,0,0,3,0,0,2,4,3,0,0,0,0,2,4,0,0,0,0,0,2,0,7,2,0,2,0,0,0,0,0,0,0:0.01/2:0.99,0,0,0,0,0,0,0,0,0,0,0,0,0,0,0,0,0
clade_78,0,0,0,7,6,0,3,0,5,2,4,3,0,0,0,0,2,4,0,2,0,0,0,2,0,7,2,0,2,0,0,0,0,0,0,2,0,0,0,0,0,0,0,0,0,0,5,0,0,-1,-1,0,0
I2,0:0.62/5:0.38,0,0,7,6,0,3,0,5,2,4,3,0,0,0,0,2,4,0,2,0,0,0,2,0,7,2,0,2,0,0,0,0,0,0,2,0,0,0,0,0:0.01/3:0.99,0,0,0,0,0,5,0,0,-1,-1,0,0
LL.CGTCAGGCAAACTGCT-1,5,0,0,7,6,0,3,0,5,2,4,3,0,0,0,0,2,4,0,2,0,0,0,2,0,7,2,0,2,0,0,0,0,0,0,2,0,0:0.7/-1:0.28/2:0.003/3:0.003/0:0.003/4:0.003/5:0.003/6:0.003,0:0.7/-1:0.28/2:0.004/0:0.004/3:0.004/4:0.004/5:0.004,0:0.7/-1:0.28/0:0.005/2:0.005/3:0.005/4:0.005,3,0,0,0,0,0,5,0,0,-1,-1,0,0
LL.TTAACTCCAAGCCGTC-1,0:0.43/-1:0.28/5:0.29,0:0.7/-1:0.28/0:0.005/2:0.005/3:0.005/4:0.005,0:0.7/-1:0.28/0:0.007/2:0.007/3:0.007,7,6,0,3,0,5,2,4,3,0,0,0,0,2,4,0,2,0,0,5,2,0,7,2,0,2,0,0,0,0,0,0,2,0,0,0,0,3,0,0,0:0.7/-1:0.28/0:0.005/2:0.005/3:0.005/4:0.005,0:0.7/-1:0.28/0:0.005/2:0.005/3:0.005/4:0.005,0:0.7/-1:0.28/0:0.01/2:0.01,5,0,0,-1,-1,0,0
I3,0,0,0,7,6,0,3,0,5,2,4,3,0,0,0,0,2,4,0,2,0,0,0,2,0,7,2,0,2,0,0,0,0,0,0,2,0,0,0,0,0,0,0,0,0,0,5,0,0,-1,-1,0,0
LL.ATTATCCGTTATCCGA-1,0,0,0,7,6,0,3,0,5,2,4,3,0,0,0,0,2,4,0,-1:0.36/2:0.64,0:0.61/-1:0.36/0:0.005/2:0.005/3:0.005/4:0.005/5:0.005/6:0.005,0:0.61/-1:0.36/0:0.01/2:0.01/3:0.01,0,2,0,7,2,0,2,0,0,0,0,0,0,2,0,0,0,0,0,0,0,0,0,0,5,0,0,-1,-1,0,0
clade_75,0,0,0,7,6,0,3,0,5,2,4,3,0,4,0,0,2,4,0,2,0,0,0,2,0,7,2,0,2,0,0,0,0,0,0,2,0,0,0,0,0,0,0,0,0,0,-1:0.87/5:0.13,0:0.13/-1:0.87,0:0.13/-1:0.87,-1,-1,0,0
LL.TCGCGTTTCAGGCCCA-1,0,0,0,7,6,0,3,0,5,2,4,3,0,4,0,0,2,4,0,2,0,0,0:0.9/-1:0.1,-1:0.1/2:0.9,0:0.9/-1:0.1,7,2,0,2,4,0,0,0,0,0,2,0,0,0,0,0,0,0,0,0,0,-1:0.88/5:0.12,0:0.11/-1:0.88/0:0.001/2:0.001/3:0.001/4:0.001/5:0.001/6:0.001/7:0.001,0:0.11/-1:0.88/0:0.003/2:0.003/3:0.003,-1,-1,0,0
LL.CTAACTTTCCCTCAGT-1,0,0,0,7,6,0,3,0,5,2,4,3,0,4,0,0,2,4,0,2,0,0,0,2,0,7,2,0,2,0,0,0,0,0,0,2,0,0,0,0,0,0,0,0,0,0,-1:0.88/5:0.12,0:0.11/-1:0.88/0:0.001/2:0.001/3:0.001/4:0.001/5:0.001/6:0.001/7:0.001,0:0.11/-1:0.88/0:0.003/2:0.003/3:0.003,-1,-1,0,0
clade_73,0,0,0,0,0,0,3,0,0,2,4,3,0,0,0,0,2,4,0,0,0,0,0,2,0,7,2,0,2,0,0,0,0,0,0,2,0,0,0,0,0,0,0,0,0,0,0,0,0,0,0,0,0
I4,0,0,0,0,0,0,3,0,0,2,4,3,0,0,0,0,2,4,0,0,0,0,0,2,0,7,2,0,2,0,0,0,0,0,0,2,0,0,0,0,0,0,0,0,0,0,0,0,0,0,0,0,0
I5,0,0,0,0,0,0,3,0,0,2,4,3,0,0,0,0,2,4,0,0,0,0,0,2,0,7,2,0,2,0,0,0,0,0,0,2,0,0,0,0,0,0,0,0,0,0,0,0:0.61/3:0.39,0,0,0,0,0
M1.GGTATTGAGTTAACGA-1,0,0,0,0,0,0,3,0,0,2,4,3,0,0,0,0,2,4,0,0,0,0,0,2,0,7,2,0,2,0,0,0,0,0,0,2,0,0,0,0,0,0,0,0,0,0,0:0.4/-1:0.56/0:0.008/2:0.008/3:0.008/4:0.008/5:0.008,0:0.24/-1:0.56/3:0.2,0:0.4/-1:0.56/0:0.013/2:0.013/3:0.013,0,0,0:0.4/-1:0.56/2:0.01/0:0.01/3:0.01/4:0.01,0:0.4/-1:0.56/2:0.013/0:0.013/3:0.013
clade_69,0,0,0,0,3,0,3,0,0,2,4,3,0,0,0,0,2,4,0,4,0,0,0,2,0,7,2,0,2,0,0,0,0:0.12/3:0.88,0:0.12/3:0.88,0,2,0,0,0,0,0,0,0,0,0,0,0,3,0,0,0,0,0
M2.TACCTTAAGTGCGATG-1,0,0,0,0,3,0,3,0,0,2,4,3,0,0,0,0,2,4,0,4,0,0,0,2,0,7,2,0,2,0,0,0:0.86/-1:0.13/2:0.001/0:0.001/3:0.001/4:0.001/5:0.001/6:0.001/7:0.001,0:0.1/-1:0.13/3:0.77,0:0.1/-1:0.13/3:0.77,0,2,0,0:0.86/-1:0.13/2:0.002/3:0.002/0:0.002/4:0.002/5:0.002/6:0.002,0:0.86/-1:0.13/2:0.002/0:0.002/3:0.002/4:0.002/5:0.002,0:0.86/-1:0.13/0:0.003/2:0.003/3:0.003/4:0.003,0,0,0,0:0.86/-1:0.13/0:0.003/2:0.003/3:0.003/4:0.003,0:0.86/-1:0.13/0:0.003/2:0.003/3:0.003/4:0.003,0:0.86/-1:0.13/0:0.005/2:0.005,0,3,0,0,0,0,0
M2.GTCACGGCAAGTTGTC-1,0,0,0,0,3,0,3,0,0,2,4,3,0,0,0,0,2,4,0,4,0,0,0,2,0,7,2,0,2,0,0,0,3,3,0,2,0,0,0,0,0,0,0,0,0,0,0,3,0,0,0,0,0
I6,0,0,0,0,0,0,3,0,0,2,4,3,0,0,0,0,2,4,0,0,0,0,0,2,0,7,2,0,2,0,0,0,0,0,0,2,0,0:0.34/-1:0.65/2:0.002/3:0.002/0:0.002/4:0.002/5:0.002/6:0.002,0:0.34/-1:0.65/2:0.002/0:0.002/3:0.002/4:0.002/5:0.002,0:0.34/-1:0.65/0:0.003/2:0.003/3:0.003/4:0.003,0,0,0,0,0,0,0,0,0,0,0,0,0
M1.ACTGCTCAGAGTCGGT-1,0:0.32/-1:0.64/0:0.008/2:0.008/3:0.008/4:0.008/5:0.008,0:0.32/-1:0.64/0:0.01/2:0.01/3:0.01/4:0.01,0:0.32/-1:0.64/0:0.013/2:0.013/3:0.013,0,0,0,3,0,2,2,4,3,0,0,0,0,2,4,0,0,0,0,2,2,0,7,2,0,2,0,0,3,0,0,2,2,0,0:0.11/-1:0.87/2:0.003/3:0.003/0:0.003/4:0.003/5:0.003/6:0.003,0:0.11/-1:0.87/2:0.004/0:0.004/3:0.004/4:0.004/5:0.004,0:0.11/-1:0.87/0:0.005/2:0.005/3:0.005/4:0.005,0,0,0,3,0,0,4,0,0,0:0.32/-1:0.64/0:0.013/2:0.013/3:0.013,0:0.32/-1:0.64/0:0.013/2:0.013/3:0.013,3,0
clade_57,0,0,0,0:0.33/-1:0.66/0:0.001/2:0.001/3:0.001/4:0.001/5:0.001/6:0.001/7:0.001,0:0.33/-1:0.66/0:0.002/2:0.002/3:0.002/4:0.002/5:0.002/6:0.002,0:0.33/-1:0.66/0:0.003/2:0.003/3:0.003,3,0,0,2,4,3,0:0.33/-1:0.66/0:0.003/2:0.003/3:0.003,0:0.33/-1:0.66/0:0.003/2:0.003/3:0.003/4:0.003,0,0,2,4,0,0,0,0,0,2,0,7,2,0,2,0,0,0,0,0,0,2,0,0:0.11/-1:0.88/2:0.002/3:0.002/0:0.002/4:0.002/5:0.002/6:0.002,0:0.11/-1:0.88/2:0.002/0:0.002/3:0.002/4:0.002/5:0.002,0:0.11/-1:0.88/0:0.003/2:0.003/3:0.003/4:0.003,0,0,0,0,0,0,0,0,0,0,0,0,0
M2.TGTCCCAGTGAACCTT-1,0,0,0,0:0.13/-1:0.85/0:0.003/2:0.003/3:0.003/4:0.003/5:0.003/6:0.003/7:0.003,0:0.13/-1:0.85/0:0.003/2:0.003/3:0.003/4:0.003/5:0.003/6:0.003,0:0.13/-1:0.85/0:0.007/2:0.007/3:0.007,3,2,0,2,4,3,0:0.13/-1:0.85/0:0.007/2:0.007/3:0.007,0:0.13/-1:0.85/0:0.005/2:0.005/3:0.005/4:0.005,0:0.41/-1:0.55/0:0.007/2:0.007/3:0.007/4:0.007/5:0.007/6:0.007,0:0.41/-1:0.55/0:0.008/2:0.008/3:0.008/4:0.008/5:0.008,2,4,0,0:0.41/-1:0.55/0:0.006/2:0.006/3:0.006/4:0.006/5:0.006/6:0.006/7:0.006,0:0.41/-1:0.55/0:0.007/2:0.007/3:0.007/4:0.007/5:0.007/6:0.007,0:0.41/-1:0.55/0:0.013/2:0.013/3:0.013,0,2,0,7,2,0,2,0,0,0,0,0,0,2,0,0:0.05/-1:0.95,0:0.05/-1:0.95,0:0.05/-1:0.95,0,0,0,0,0,0,0,0,0,0:0.41/-1:0.55/0:0.013/2:0.013/3:0.013,0:0.41/-1:0.55/0:0.013/2:0.013/3:0.013,0,0
M2.ACACCGGTCGGTCTAA-1,0,0,0,0:0.13/-1:0.85/0:0.003/2:0.003/3:0.003/4:0.003/5:0.003/6:0.003/7:0.003,0:0.13/-1:0.85/0:0.003/2:0.003/3:0.003/4:0.003/5:0.003/6:0.003,0:0.13/-1:0.85/0:0.007/2:0.007/3:0.007,3,4,0,2,4,3,0:0.13/-1:0.85/0:0.007/2:0.007/3:0.007,0:0.13/-1:0.85/0:0.005/2:0.005/3:0.005/4:0.005,0,0,2,4,0,0,0,0,0,2,2,-1:0.55/7:0.45,-1:0.55/2:0.45,0:0.41/-1:0.55/0:0.01/2:0.01/3:0.01/4:0.01,2,0,0,5,0,0,0,2,0,0:0.05/-1:0.95,0:0.05/-1:0.95,0:0.05/-1:0.95,0,0,2,0:0.41/-1:0.55/0:0.01/2:0.01/3:0.01/4:0.01,0:0.41/-1:0.55/0:0.01/2:0.01/3:0.01/4:0.01,0:0.41/-1:0.55/0:0.02/2:0.02,0,0,0,0,0,0,0
M1.TCTGGAACACCCATGG-1,0,0,0,0:0.28/-1:0.67/0:0.007/2:0.007/3:0.007/4:0.007/5:0.007/6:0.007/7:0.007,0:0.28/-1:0.67/0:0.008/2:0.008/3:0.008/4:0.008/5:0.008/6:0.008,0:0.28/-1:0.67/0:0.017/2:0.017/3:0.017,-1:0.67/3:0.33,0:0.28/-1:0.67/0:0.008/2:0.008/3:0.008/4:0.008/5:0.008/6:0.008,0:0.28/-1:0.67/0:0.01/2:0.01/3:0.01/4:0.01/5:0.01,2,4,3,0:0.28/-1:0.67/0:0.017/2:0.017/3:0.017,0:0.28/-1:0.67/0:0.013/2:0.013/3:0.013/4:0.013,0,0,2,4,0,0:0.28/-1:0.67/0:0.007/2:0.007/3:0.007/4:0.007/5:0.007/6:0.007/7:0.007,0:0.28/-1:0.67/0:0.008/2:0.008/3:0.008/4:0.008/5:0.008/6:0.008,0:0.28/-1:0.67/0:0.017/2:0.017/3:0.017,0,2,0,-1:0.67/7:0.33,-1:0.67/2:0.33,0:0.28/-1:0.67/0:0.013/2:0.013/3:0.013/4:0.013,2,0,0,0,0,5,0,2,0,0,0,4,3,0,0,0,0,0,0:0.28/-1:0.67/0:0.01/2:0.01/3:0.01/4:0.01/5:0.01,0:0.28/-1:0.67/0:0.007/2:0.007/3:0.007/4:0.007/5:0.007/6:0.007/7:0.007,0:0.28/-1:0.67/0:0.017/2:0.017/3:0.017,0:0.28/-1:0.67/0:0.017/2:0.017/3:0.017,0:0.28/-1:0.67/0:0.017/2:0.017/3:0.017,0,0
clade_86,0,0,0,0:0.87/3:0.13,0,0,3,0,0,0,0,3,0,0,0,0,2,4,0,0,0,0,0,2,0,7,2,0,2,0,0,0,0,0,0,0:0.87/2:0.13,0,0,0,0,0,0,0,0,0,0,0,0,0,0,0,0,0
clade_88,0:0.81/4:0.19,0:0.81/4:0.19,0,0:0.02/3:0.98,0,0,3,0,0,0,0,3,0,0,0,0,2,4,0,0,0,0,0,2,0,7,2,0,2,0,0,0,0,0,0,0:0.01/2:0.99,0,0,0,0,0,0,0,0,0,0,0,0,0,0,0,0,0
Liv.GCAGCCATCCAGAGGA-1,4,4,0,3,0,0,3,0,4,3,0,3,0,0,0,0,2,4,0,0,0,0,0,2,0,7,2,0,2,0,0,3,0,0,0,2,0,0,0,0,0,0,0,0,4,0,0,0,0,0,0,3,0
clade_93,0:0.08/-1:0.89/4:0.03,0:0.08/-1:0.89/4:0.03,0:0.1/-1:0.89/0:0.003/2:0.003/3:0.003,3,0,0,3,0,0,0,0,3,0,0,0,0,2,4,0,0,0,0,0,2,0,7,2,0,2,0,0,0,0,0,0,2,0,0,0:0.78/4:0.22,0,0,0,0,0,0,0,0,0,0,0,0,0,0
M1.TTTGCGCGTACATCCA-1,0:0.03/-1:0.96/4:0.01,0:0.03/-1:0.96/4:0.01,0:0.03/-1:0.96/0:0.003/2:0.003/3:0.003,3,0,0,3,0,0,0,0,3,0,0,0,0,2,4,3,0:0.34/-1:0.62/0:0.006/2:0.006/3:0.006/4:0.006/5:0.006/6:0.006/7:0.006,0:0.34/-1:0.62/0:0.007/2:0.007/3:0.007/4:0.007/5:0.007/6:0.007,0:0.34/-1:0.62/0:0.013/2:0.013/3:0.013,0,2,0,7,2,0,2,0,0,0,0,0,5,2,0,0:0.34/-1:0.62/2:0.007/3:0.007/0:0.007/4:0.007/5:0.007/6:0.007,0:0.26/-1:0.62/4:0.12,0:0.34/-1:0.62/0:0.01/2:0.01/3:0.01/4:0.01,0:0.34/-1:0.62/0:0.01/2:0.01/3:0.01/4:0.01,0:0.34/-1:0.62/0:0.01/2:0.01/3:0.01/4:0.01,0:0.34/-1:0.62/0:0.013/2:0.013/3:0.013,0,0,0,0,0,0,0:0.34/-1:0.62/0:0.013/2:0.013/3:0.013,0:0.34/-1:0.62/0:0.013/2:0.013/3:0.013,0,0
clade_97,0:0.04/-1:0.95/4:0.01,0:0.04/-1:0.95/4:0.01,0:0.05/-1:0.95,3,0,0,3,0,0,0,0,3,0,0,0,0,2,4,0:0.11/4:0.89,0,0,0,0,2,0,7,2,0,2,0,0,0,0,0,0,2,0,0,0:0.69/4:0.31,0,0,0,0,0,0,0,0,0,0,0,0,0,0
RE.GACTAACTCCCAACGG-1,0:0.01/-1:0.98/4:0.01,0:0.01/-1:0.98/4:0.01,0:0.02/-1:0.98,3,0,0,3,0,2,0,0,3,0,0,0,0,2,4,4,0,0,0,0,2,0,7,2,0,2,0,0,0,0,0,0,2,0,0:0.37/-1:0.59/2:0.007/3:0.007/0:0.007/4:0.007/5:0.007/6:0.007,0:0.25/-1:0.59/4:0.16,0:0.37/-1:0.59/0:0.01/2:0.01/3:0.01/4:0.01,0,0,0,0,0,0,0,0,0,0,0,0:0.37/-1:0.59/2:0.01/0:0.01/3:0.01/4:0.01,0:0.37/-1:0.59/2:0.013/0:0.013/3:0.013
clade_99,-1,-1,-1,3,0,0,3,0,0,3,0,3,0,0,4,0,2,4,4,0,0,0,4,2,0,7,2,0,2,0,0,0:0.04/-1:0.95/2:0.001/0:0.001/3:0.001/4:0.001/5:0.001/6:0.001/7:0.001,0:0.04/-1:0.95/2:0.002/0:0.002/3:0.002/4:0.002/5:0.002,0:0.04/-1:0.95/2:0.002/0:0.002/3:0.002/4:0.002/5:0.002/6:0.002,2,2,0,0,0:0.03/4:0.97,0,3,0,0,0,0,0,0,0,2,0,2,0,0
M1.GGCCGATGTACCGCTG-1,-1,-1,-1,3,0,0,3,0,0,3,0,3,0,0,4,0,-1:0.06/2:0.94,-1:0.06/4:0.94,-1:0.06/4:0.94,0:0.94/-1:0.06,0:0.94/-1:0.06,0:0.94/-1:0.06,4,2,0,7,2,0,2,0,0,0:0.04/-1:0.96,0:0.04/-1:0.96,0:0.04/-1:0.96,2,2,0,0:0.94/-1:0.06,0:0.03/-1:0.06/4:0.91,0:0.94/-1:0.06,3,0,0,0,0,0,0,0,2,0,2,0,0
M1.ACAGCTAAGATAGTCA-1,-1,-1,-1,3,0,0,3,0,0,3,0,3,0,0,4,0,2,4,4,0,0,0,4,2,0,7,2,0,2,0,0,0:0.04/-1:0.96,0:0.04/-1:0.96,0:0.04/-1:0.96,2,2,0,0,4,0,3,0,0,0,0,0,0,0,2,0,2,0,0
M1.GATGAGGCATCTATGG-1,0,0,0,0:0.2/-1:0.72/3:0.08,0:0.23/-1:0.72/0:0.008/2:0.008/3:0.008/4:0.008/5:0.008/6:0.008,0:0.23/-1:0.72/0:0.017/2:0.017/3:0.017,3,0,0,4,0,3,0,0,0,0,2,4,0,0,0,0,0,2,0,-1:0.72/7:0.28,-1:0.72/2:0.28,0:0.23/-1:0.72/0:0.013/2:0.013/3:0.013/4:0.013,2,0,0,3,0,0,0:0.23/-1:0.72/0:0.007/2:0.007/3:0.007/4:0.007/5:0.007/6:0.007/7:0.007,0:0.2/-1:0.72/2:0.08,0:0.23/-1:0.72/2:0.008/0:0.008/3:0.008/4:0.008/5:0.008/6:0.008,0:0.23/-1:0.72/2:0.008/3:0.008/0:0.008/4:0.008/5:0.008/6:0.008,0:0.23/-1:0.72/2:0.01/0:0.01/3:0.01/4:0.01/5:0.01,0:0.23/-1:0.72/0:0.013/2:0.013/3:0.013/4:0.013,0,0,0,0,0,0,0:0.23/-1:0.72/0:0.01/2:0.01/3:0.01/4:0.01/5:0.01,0:0.23/-1:0.72/0:0.007/2:0.007/3:0.007/4:0.007/5:0.007/6:0.007/7:0.007,0:0.23/-1:0.72/0:0.017/2:0.017/3:0.017,0:0.23/-1:0.72/0:0.017/2:0.017/3:0.017,0:0.23/-1:0.72/0:0.017/2:0.017/3:0.017,0:0.23/-1:0.72/2:0.013/0:0.013/3:0.013/4:0.013,0:0.23/-1:0.72/2:0.017/0:0.017/3:0.017
clade_3,0,0,0,0,0,0,0,0,0,0,0,0,0,0,0,0,0,0,0,0,0,0,2,0,0,0,0,0,2,0,0,2,2,2,0,0,0,0,0,0,0,0,0,0,0,0,-1,-1,-1,-1,-1,-1,-1
I7,0,0,0,0,0,0,0,0,0,0,0,0,0,0,0,0,0,0,0,0,0,0,2,0,0,0:0.01/6:0.99,0,0,2,0,0,2,2,2,0,0,0,0,0,0,0,0,0,0,0,0,-1,-1,-1,-1,-1,-1,-1
clade_36,0,0,0,0,0,0,0,0,0,0,0,0,0,0,0,0,0,0,0,0,0,0,2,0,0,6,0,0,2,0,0:0.18/2:0.82,2,2,2,0,0,0,0,0,0,0,0,0,0,0,0,-1,-1,-1,-1,-1,-1,-1
M1.CTGGTCTTCGTCCGTT-1,0,0,0,6,0,0,0,0,0,0,0,0,0,0,0,0,0,0,0,0,0,0,2,0,0,6,0,0,2,0,2,2,2,2,0:0.32/-1:0.63/0:0.007/2:0.007/3:0.007/4:0.007/5:0.007/6:0.007/7:0.007,0:0.32/-1:0.63/0:0.006/2:0.006/3:0.006/4:0.006/5:0.006/6:0.006/7:0.006/8:0.006,0:0.32/-1:0.63/2:0.008/0:0.008/3:0.008/4:0.008/5:0.008/6:0.008,0:0.32/-1:0.63/2:0.008/3:0.008/0:0.008/4:0.008/5:0.008/6:0.008,0:0.32/-1:0.63/2:0.01/0:0.01/3:0.01/4:0.01/5:0.01,0:0.32/-1:0.63/0:0.013/2:0.013/3:0.013/4:0.013,0,0,0,0,0,0,-1,-1,-1,-1,-1,-1,-1
M1.AGCCTAAAGAACAACT-1,0,0,0,0,0,0,0,0,0,0,6,5,0,0,6,0,0,7,0,5,5,0,2,0,0,6,0,0,2,0,2,2,2,2,0,0,0,0,0,0,0,0,0,0,0,0,-1,-1,-1,-1,-1,-1,-1
clade_28,0:0.03/-1:0.97,0:0.03/-1:0.97,0:0.03/-1:0.97,0,0,0,0,0,0,0,0,0,0,0,0,0,0,0,0,0,0,0,2,0,0,6,0,0,2,0,0,2,2,2,0,0,0,0,0,0,0,0,0,0,0,0,-1,-1,-1,-1,-1,-1,-1
I8,0:0.02/-1:0.98,0:0.02/-1:0.98,0:0.02/-1:0.98,0,0,0,0,0,0,0,0,0,0,0,0,0,0,0,0,0,0,0,2,0,0,6,0,0,2,0,0,2,2,2,0,0:0.96/6:0.04,0,0:0.65/-1:0.34/2:0.002/3:0.002/0:0.002/4:0.002/5:0.002/6:0.002,0:0.65/-1:0.34/2:0.002/0:0.002/3:0.002/4:0.002/5:0.002,0:0.65/-1:0.34/0:0.003/2:0.003/3:0.003/4:0.003,0,0,0,0,0,0,-1,-1,-1,-1,-1,-1,-1
M1.CCGGGATGTGCGGTAA-1,0:0.01/-1:0.99,0:0.01/-1:0.99,0:0.01/-1:0.99,0,0,0,0,0,0,0,0,0,0,0,0,0,0,0,0,0:0.31/-1:0.65/0:0.006/2:0.006/3:0.006/4:0.006/5:0.006/6:0.006/7:0.006,0:0.31/-1:0.65/0:0.007/2:0.007/3:0.007/4:0.007/5:0.007/6:0.007,0:0.31/-1:0.65/0:0.013/2:0.013/3:0.013,2,0,0,-1:0.65/6:0.35,0:0.31/-1:0.65/0:0.007/2:0.007/3:0.007/4:0.007/5:0.007/6:0.007,0:0.31/-1:0.65/0:0.01/2:0.01/3:0.01/4:0.01,-1:0.65/2:0.35,0:0.31/-1:0.65/0:0.01/2:0.01/3:0.01/4:0.01,0:0.31/-1:0.65/0:0.02/2:0.02,2,2,2,0,6,0,0:0.2/-1:0.77/2:0.005/3:0.005/0:0.005/4:0.005/5:0.005/6:0.005,0:0.2/-1:0.77/2:0.006/0:0.006/3:0.006/4:0.006/5:0.006,0:0.2/-1:0.77/0:0.007/2:0.007/3:0.007/4:0.007,0,0,0,0:0.31/-1:0.65/0:0.01/2:0.01/3:0.01/4:0.01,0:0.31/-1:0.65/0:0.01/2:0.01/3:0.01/4:0.01,0:0.31/-1:0.65/0:0.02/2:0.02,-1,-1,-1,-1,-1,-1,-1
clade_31,-1,-1,-1,0,0,0,0,0,0,0,0,0,0:0.2/-1:0.79/0:0.003/2:0.003/3:0.003,0:0.2/-1:0.79/0:0.003/2:0.003/3:0.003/4:0.003,0:0.2/-1:0.79/0:0.002/2:0.002/3:0.002/4:0.002/5:0.002/6:0.002,0:0.2/-1:0.79/0:0.002/2:0.002/3:0.002/4:0.002/5:0.002,0,0,0,0,0,0,2,0,0,6,0,0,2,0,0,-1:0.79/2:0.21,-1:0.79/2:0.21,-1:0.79/2:0.21,0:0.2/-1:0.79/0:0.001/2:0.001/3:0.001/4:0.001/5:0.001/6:0.001/7:0.001,0:0.19/-1:0.79/6:0.02,0:0.2/-1:0.79/2:0.002/0:0.002/3:0.002/4:0.002/5:0.002/6:0.002,0:0.13/-1:0.86/2:0.002/3:0.002/0:0.002/4:0.002/5:0.002/6:0.002,0:0.13/-1:0.86/2:0.002/0:0.002/3:0.002/4:0.002/5:0.002,0:0.13/-1:0.86/0:0.003/2:0.003/3:0.003/4:0.003,0,0,0,0,0,0,-1,-1,-1,-1,-1,-1,-1
M2.GAACCTAAGCCCAATT-1,-1,-1,-1,0,4,0,0,3,0,0:0.46/-1:0.5/0:0.008/2:0.008/3:0.008/4:0.008/5:0.008,0:0.46/-1:0.5/2:0.007/0:0.007/3:0.007/4:0.007/5:0.007/6:0.007,0:0.46/-1:0.5/0:0.008/2:0.008/3:0.008/4:0.008/5:0.008,0:0.09/-1:0.9/0:0.003/2:0.003/3:0.003,0:0.09/-1:0.9/0:0.003/2:0.003/3:0.003/4:0.003,0:0.09/-1:0.9/0:0.002/2:0.002/3:0.002/4:0.002/5:0.002/6:0.002,0:0.09/-1:0.9/0:0.002/2:0.002/3:0.002/4:0.002/5:0.002,3,5,0,0,3,0,-1:0.5/2:0.5,0:0.46/-1:0.5/0:0.007/2:0.007/3:0.007/4:0.007/5:0.007/6:0.007,0:0.46/-1:0.5/0:0.013/2:0.013/3:0.013,6,0,0,2,0,0,-1:0.9/2:0.1,-1:0.9/2:0.1,-1:0.9/2:0.1,0:0.09/-1:0.9/0:0.001/2:0.001/3:0.001/4:0.001/5:0.001/6:0.001/7:0.001,0:0.09/-1:0.9/6:0.01,0:0.09/-1:0.9/2:0.002/0:0.002/3:0.002/4:0.002/5:0.002/6:0.002,0:0.06/-1:0.93/2:0.002/3:0.002/0:0.002/4:0.002/5:0.002/6:0.002,0:0.06/-1:0.93/2:0.002/0:0.002/3:0.002/4:0.002/5:0.002,0:0.06/-1:0.93/0:0.003/2:0.003/3:0.003/4:0.003,0,0,0,0,0,0,-1,-1,-1,-1,-1,-1,-1
M1.GACCTGGGTCATGCAT-1,-1,-1,-1,0,5,0,0,0,0,0,0,0,0:0.09/-1:0.9/0:0.003/2:0.003/3:0.003,0:0.09/-1:0.9/0:0.003/2:0.003/3:0.003/4:0.003,0:0.09/-1:0.9/0:0.002/2:0.002/3:0.002/4:0.002/5:0.002/6:0.002,0:0.09/-1:0.9/0:0.002/2:0.002/3:0.002/4:0.002/5:0.002,0,0,0,0,0,0,2,0,0,6,0,0,2,0,0,-1:0.9/2:0.1,-1:0.9/2:0.1,-1:0.9/2:0.1,0:0.09/-1:0.9/0:0.001/2:0.001/3:0.001/4:0.001/5:0.001/6:0.001/7:0.001,0:0.09/-1:0.9/6:0.01,0:0.09/-1:0.9/2:0.002/0:0.002/3:0.002/4:0.002/5:0.002/6:0.002,0:0.06/-1:0.93/2:0.002/3:0.002/0:0.002/4:0.002/5:0.002/6:0.002,0:0.06/-1:0.93/2:0.002/0:0.002/3:0.002/4:0.002/5:0.002,0:0.06/-1:0.93/0:0.003/2:0.003/3:0.003/4:0.003,0,0,0,0:0.46/-1:0.5/0:0.01/2:0.01/3:0.01/4:0.01,0:0.46/-1:0.5/0:0.01/2:0.01/3:0.01/4:0.01,0:0.46/-1:0.5/0:0.02/2:0.02,-1,-1,-1,-1,-1,-1,-1
I9,-1:0.99/0:0.002/2:0.002/3:0.002/4:0.002/5:0.002,-1:0.99/0:0.003/2:0.003/3:0.003/4:0.003,-1:0.99/0:0.003/2:0.003/3:0.003,0,0,0,0,0,0,0,0,0,0,0,0,0,0,0,0,0,0,0,2,0,0,6,0,0,2,0,0,2,2,2,0,0,0,0,0,0,0,0,0,0,0,0,-1,-1,-1,-1,-1,-1,-1
clade_42,-1,-1,-1,0,0,0,0,0,0,0,0,0,0,0,0,0,0,6,0,0,4,0,2,0,0,6,0,0,2,0,0,2,2,2,0,0,0,0,0,0,3,0,0,0,0,0,-1,-1,-1,-1,-1,-1,-1
M1.ACGGCCATCACTCTTA-1,-1,-1,-1,0,0,0,0,0,0,0,0,0,0,0,0,0,0,6,0,0,4,0,2,0,0,6,0,0,2,0,0,2,2,2,0,0,0,0,0,0,3,0,0,0,0,0,-1,-1,-1,-1,-1,-1,-1
M1.TGTCCCATCACCCTCA-1,-1,-1,-1,0,0,0,0,5,0,0,0,0,0,0,0,0,0,6,0,0,4,0,2,0,0,6,0,0,2,0,0,2,2,2,0,0,0,0,0,0,3,0,0,0,0,0,-1,-1,-1,-1,-1,-1,-1
RE.TAGTTGGTCGCGTTTC-1,-1,-1,-1,0,0,0,0,0,0,0,3,2,0,0,0,0,0,0,0,0,0,2,2,0,0,6,0,0,2,0,0,2,2,2,0,0,0,0,0,0,0,0,0,0,0,0,-1,-1,-1,-1,-1,-1,-1
I10,0,0,0,0,0,0,0,0,0,0,0,0,0,0,0,0,0,0,0,0,0,0,2,0,0,0,0,0,2,0,0,2,2,2,0,0,0,0,0,0,0,0,0,0,0,0,-1,-1,-1,-1,-1,-1,-1
clade_16,0,0,0,0,0,0,0,0,0,0,0,0,0,0,0,0,0,0,0,0,0,0,2,0,0,0,0,0,2,0,0,2,2,2,0,0,0,0:0.02/2:0.98,0:0.03/2:0.97,0,0,0,0,0,0,0,-1,-1,-1,-1,-1,-1,-1
clade_22,0,0,0,0,0,0,0,0,0,0,0,0,0,0:0.02/2:0.98,0:0.01/2:0.99,0:0.01/2:0.99,0,0,0,0,0,0,2,0,0,0,0,0,2,0,0,2,2,2,0,0,0:0.01/2:0.99,0:0.01/2:0.99,0:0.01/2:0.99,0,0,0,0,0,0,0,-1,-1,-1,-1,-1,-1,-1
RW.CACATTTAGACTAGGC-1,0,2,0,0,0,2,0,0,0,0,0,0,0,2,2,2,0,3,2,0,0,0,2,0,0,2,0,0,2,0,0,2,2,2,0,0,2,2,2,0,0,0,0,0,0,0,-1,-1,-1,-1,-1,-1,-1
RW.AGGGATGGTTCGTCTC-1,0,0,0,0,0,0,0,0,0,0,0,0,0,2,2,2,0,0,0,0,0,0,2,0,0,3,0,0,2,0,0,2,2,2,0,0,2,0:0.01/-1:0.47/2:0.52,0:0.01/-1:0.47/2:0.52,0:0.49/-1:0.47/0:0.01/2:0.01/3:0.01/4:0.01,2,0,0,0,0,0,-1,-1,-1,-1,-1,-1,-1
clade_18,0,0,0,0,0,0,0,0,0,0,0,0,0,0,0,0:0.04/3:0.96,0:0.69/5:0.31,0,0,0,0,0,2,0,0,0:0.02/5:0.98,0,0,2,0,0,2,2,2,0,0,0,2,2,0,0,0,0,0,0,0,-1,-1,-1,-1,-1,-1,-1
M1.GACTGCGGTTTAGGAA-1,0,3,3,0,0,0,0,0,0,0,0,0,0,0,0,3,5,0,0,0,0,0,2,0,3,5,0,0,-1:0.55/2:0.45,0:0.41/-1:0.55/0:0.01/2:0.01/3:0.01/4:0.01,0:0.41/-1:0.55/0:0.02/2:0.02,2,2,2,6,0,0,2,2,0,0,0,0,0,0,0,-1,-1,-1,-1,-1,-1,-1
RE.TCAGATGTCGTCACGG-1,0,0,0,0:0.41/-1:0.55/0:0.006/2:0.006/3:0.006/4:0.006/5:0.006/6:0.006/7:0.006,0:0.41/-1:0.55/0:0.007/2:0.007/3:0.007/4:0.007/5:0.007/6:0.007,0:0.41/-1:0.55/0:0.013/2:0.013/3:0.013,0,0,0,0,0,0,3,0,0,3,0:0.28/-1:0.55/5:0.17,0:0.41/-1:0.55/2:0.006/3:0.006/0:0.006/4:0.006/5:0.006/6:0.006/7:0.006,0:0.41/-1:0.55/0:0.007/2:0.007/3:0.007/4:0.007/5:0.007/6:0.007,0,0,0,2,0,0,5,0,0,2,0,0,2,2,2,0,0,0,2,2,0,0,0,0,0,0,0,-1,-1,-1,-1,-1,-1,-1
clade_4,0,0,0,0,0,0,0,0,0,0,0:0.01/2:0.99,0,0,0,0,0,0,0,0,0,0,0,2,0,0,0,0,0,2,0,0,2,2,2,0,0,0,0,0,0,0,0,0,0,0,0,-1,-1,-1,-1,-1,-1,-1
I11,0,0,0,0,0,0,0,0,0,0,0:0.01/2:0.99,0,0,0,0,0,0,0,0,0,0,0,2,0,0,0,0,0,2,0,0,2,2,2,0,0,0,0,0,0,0,0,0,0,0,0,-1,-1,-1,-1,-1,-1,-1
RW.AGCTCTCCACCAACCG-1,0,0,0,2,2,3,0,0,2,0,2,0,2,0,0,0,0,0,3,2,0,0,2,0,0,4,0,0,2,0,0,2,2,2,2,0,0,3,0,0,0,0,0,2,0,0,-1,-1,-1,-1,-1,-1,-1
M1.TAAACCGGTGATGCCC-1,0,2,0,0,0,0,0,0,3,0,2,0,0,0,4,0,0,0,5,0,0,0,2,0,0,0,0,0,2,0,0,2,2,2,0,0,0,0,0,0,0,0,0,3,0,0,-1,-1,-1,-1,-1,-1,-1
clade_9,0,0,0,0,0,0,0,0,0,0,2,0,0,0,0,0,0,2,0,0,0,0,2,0,0,0,0,0,2,0,0,2,2,2,0:0.05/-1:0.94/0:0.001/2:0.001/3:0.001/4:0.001/5:0.001/6:0.001/7:0.001,0:0.05/-1:0.94/0:0.001/2:0.001/3:0.001/4:0.001/5:0.001/6:0.001/7:0.001/8:0.001,0:0.05/-1:0.94/2:0.002/0:0.002/3:0.002/4:0.002/5:0.002/6:0.002,0:0.05/-1:0.94/2:0.002/3:0.002/0:0.002/4:0.002/5:0.002/6:0.002,0:0.05/-1:0.94/2:0.002/0:0.002/3:0.002/4:0.002/5:0.002,0:0.05/-1:0.94/0:0.003/2:0.003/3:0.003/4:0.003,0:0.05/-1:0.94/0:0.003/2:0.003/3:0.003/4:0.003,0:0.05/-1:0.94/0:0.003/2:0.003/3:0.003/4:0.003,0:0.05/-1:0.94/0:0.003/2:0.003/3:0.003,0:0.05/-1:0.94/0:0.003/2:0.003/3:0.003/4:0.003,0:0.05/-1:0.94/0:0.003/2:0.003/3:0.003/4:0.003,0:0.05/-1:0.94/0:0.005/2:0.005,-1,-1,-1,-1,-1,-1,-1
RW.TACTTGTCAGGAATGC-1,0,0,0,0,0,0,0,0,0,0,2,0,0,0,0,0,0,2,0,0,0,0,2,0,0,0,0,0,-1:0.28/2:0.72,0:0.7/-1:0.28/0:0.005/2:0.005/3:0.005/4:0.005,0:0.7/-1:0.28/0:0.01/2:0.01,-1:0.28/2:0.72,-1:0.28/2:0.72,-1:0.28/2:0.72,0:0.04/-1:0.96,0:0.04/-1:0.96,0:0.04/-1:0.96,0:0.04/-1:0.96,0:0.04/-1:0.96,0:0.04/-1:0.96,0:0.04/-1:0.96,0:0.04/-1:0.96,0:0.04/-1:0.96,0:0.04/-1:0.96,0:0.04/-1:0.96,0:0.04/-1:0.96,-1,-1,-1,-1,-1,-1,-1
RW.GCCAAATCATGGTAGG-1,0,0,0,0,0,0,2,0,0,0,2,0,0,0,0,0,0,2,0,0:0.7/-1:0.28/0:0.003/2:0.003/3:0.003/4:0.003/5:0.003/6:0.003/7:0.003,0:0.7/-1:0.28/0:0.003/2:0.003/3:0.003/4:0.003/5:0.003/6:0.003,0:0.7/-1:0.28/0:0.007/2:0.007/3:0.007,2,0,0,0,0,0,2,0,0,2,2,2,0:0.04/-1:0.96,0:0.04/-1:0.96,0:0.04/-1:0.96,0:0.04/-1:0.96,0:0.04/-1:0.96,0:0.04/-1:0.96,0:0.04/-1:0.96,0:0.04/-1:0.96,0:0.04/-1:0.96,0:0.04/-1:0.96,0:0.04/-1:0.96,0:0.04/-1:0.96,-1,-1,-1,-1,-1,-1,-1
