(((M2.ATTATCCCACTTCTGC-1:8.989,(((M2.ACGGGCTCAAAGGCGT-1:4.577,M2.CGCCAAGCATATGGTC-1:6.38)clade_4:2.847,RW.TCATTACGTGCAGTAG-1:3.01)clade_3:1.137,RE.TGCGCAGAGATGTTAG-1:7.146)clade_1:1.871)I20:0.011,(((((((M1.GTCATTTTCGGCCGAT-1:2.29,M1.GCGCAACTCTTCTGGC-1:5.189)clade_43:2.746,(((M1.CGTCCATCATCTGGTA-1:7.607,M1.TCGTAGACAGGATTGG-1:5.096)I19:1.491,M1.CAAGTTGAGAAGGACA-1:5.395)clade_49:0.608,M1.GCGACCATCTCGGACG-1:4.003)I18:0.006)clade_42:0.998,((M2.GCTCCTACAATACGCT-1:0.05,M2.CACATTTTCGGTCTAA-1:3.033)clade_61:8.044,((M2.GTCGTAAGTGTTCTTT-1:2.035,M2.TTCTCCTAGGTGTGGT-1:2.374)clade_85:4.631,(M2.CCACGGAAGGACACCA-1:6.003,(((((M2.GCATGCGTCAGTTGAC-1:4.012,((M2.AAACCTGGTGCACTTA-1:0,M2.GTATCTTGTTTGGGCC-1:0)I17:0,M2.TTGCGTCGTATCTGCA-1:1)I16:0.012)clade_81:0.988,(((M2.ACGTCAATCTTGCATT-1:2,(M2.CACTCCATCGCCATAA-1:1,M2.GCACTCTTCTTGAGGT-1:2)I15:0)I14:0,M2.TAGGCATAGTGGAGAA-1:4)I13:0,M2.CTTAACTGTCCGAACC-1:3)clade_70:0)I12:0,M2.CGAATGTAGAAACCAT-1:4)I11:0,(M2.TGTATTCTCGGCGCTA-1:3,M2.CACCTTGGTAATTGGA-1:2)I10:0)I9:0.004,M2.AGACGTTGTTAGAACA-1:3.004)clade_64:2)I8:0.002)clade_63:1.085)clade_60:0.917)clade_41:1.105,M2.TTGACTTCAAGAGGCT-1:12.112)clade_40:0.894,((RW.AGGGTGAAGTGTACTC-1:3,(((RW.CAGCTAACAGGACCCT-1:0.005,M1.CATCAAGTCGTACGGC-1:1.005)clade_30:1.996,M2.TGGTTCCAGTACATGA-1:2.001)clade_29:0,((((M1.CTCTAATAGAATAGGG-1:0,M1.GCGCAACAGTGTTTGC-1:0)I7:0,((M1.GGTATTGAGCGTTTAC-1:0,M1.GGGTCTGGTAAAGTCA-1:0)I6:0.023,M1.CCATGTCGTTCGTTGA-1:2.023)clade_23:1.98)I5:0,(M1.GCAAACTTCGCCTGAG-1:2.113,M1.AACTCCCTCCGAGCCA-1:2.113)I4:2.894)I3:0.003,M1.AGATTGCTCGCCTGAG-1:5.003)clade_20:0.998)I2:0.067)clade_17:1.025,M1.GAACCTACAAAGGTGC-1:6.093)clade_15:4.929)I1:0.015,M1.TTCTACATCCTTTCGG-1:10.021)clade_35:0.831,M2.CGCTGGATCTGCTTGC-1:14)clade_13:0.148)root:0)I0;
I0,0,0,0,0,0,0,0,0,0,0,0,0,0,0,0,0,0,0,0,0
root,0,0,0,0,0,0,0,0,0,0,0,0,0,0,0,0,0,0,0,0
clade_13,0,0,0,0,0,0,0,0,0,0,0,0,0,0,0,0:0.85/2:0.15,0,0,0,0
M2.CGCTGGATCTGCTTGC-1,-1,-1,-1,6,0,0,4,0,0,4,3,0,2,0,6,-1,-1,-1,-1,-1
clade_35,0,0,0,0,0,0,0,0,0,0,0,0,0,0,0,0:0.02/2:0.98,0,0,0,0
M1.TTCTACATCCTTTCGG-1,4,9,0,6,7,0,0,4,0,0,0,0,-1,-1,-1,2,7,5,0,0
I1,0,0,0,0,0,0,0,0,0,0,0,0,0,0,0,0:0.01/2:0.99,0,0,0,0
clade_15,0,0,0,0:0.01/3:0.99,0:0.01/2:0.99,0,0,0,0,0:0.02/-1:0.97/0:0.002/2:0.002/3:0.002/4:0.002/5:0.002,0:0.02/-1:0.97/0:0.002/2:0.002/3:0.002/4:0.002/5:0.002/6:0.002,0:0.02/-1:0.97/2:0.001/0:0.001/3:0.001/4:0.001/5:0.001/6:0.001/7:0.001,0,0,0,2,0,0,0,0
M1.GAACCTACAAAGGTGC-1,0,0,0,3,2,0,5,5,6,-1,-1,-1,0,5,0,2,8,0,0,3
clade_17,0,0,0,3,2,0,0,0:0.07/2:0.93,0,-1,-1,-1,0,0,0,2,0,0,0,0
I2,0,0,0,3,2,0,0,2,0,-1,-1,-1,0,0,0,2,0,0,0,0
clade_20,0,0,0,3,2,0,0,2,0,-1,-1,-1,0,0,0,2,8,0,0,0
M1.AGATTGCTCGCCTGAG-1,0,12,0,3,2,5,7,2,0,-1,-1,-1,9,7,0,2,8,0,0,0
I3,0,0,0,3,2,0,0,2,0,-1,-1,-1,0,0,0,2,8,0,0,0
I4,0,0,0,3,2,0,0:0.03/-1:0.96/2:0.001/0:0.001/3:0.001/4:0.001/5:0.001/6:0.001/7:0.001,-1:0.96/2:0.04,0:0.03/-1:0.96/0:0.002/2:0.002/3:0.002/4:0.002/5:0.002/6:0.002,-1,-1,-1,0,0,0,2,8,0,0,0
M1.AACTCCCTCCGAGCCA-1,0,0,0,3,2,0,-1,-1,-1,-1,-1,-1,0,0,0,2,8,0,-1,-1
M1.GCAAACTTCGCCTGAG-1,2,0,0,3,2,0,-1,-1,-1,-1,-1,-1,0,0,0,2,8,7,0,0
I5,0,0,0,3,2,0,0,2,0,-1,-1,-1,0,0,0,2,8,0,0,0
clade_23,0,0,0,3,2,0,0,2,0,-1,-1,-1,0,0,0,2,8,0,0:0.01/-1:0.99,0:0.01/-1:0.99
M1.CCATGTCGTTCGTTGA-1,0,11,0,3,2,0,6,2,0,-1,-1,-1,0,0,0,2,8,0,-1,-1
I6,0,0,0,3,2,0,0,2,0,-1,-1,-1,0,0,0,2,8,0,-1,-1
M1.GGGTCTGGTAAAGTCA-1,0,0,0,3,2,0,0,2,0,-1,-1,-1,0,0,0,2,8,0,-1,-1
M1.GGTATTGAGCGTTTAC-1,0,0,0,3,2,0,0,2,0,-1,-1,-1,0,0,0,2,8,0,-1,-1
I7,0,0,0,3,2,0,0,2,0,-1,-1,-1,0,0,0,2,8,0,0,0
M1.GCGCAACAGTGTTTGC-1,0,0,0,3,2,0,0,2,0,-1,-1,-1,0,0,0,2,8,0,0,0
M1.CTCTAATAGAATAGGG-1,0,0,0,3,2,0,0,2,0,-1,-1,-1,0,0,0,2,8,0,0,0
clade_29,0,0,0,3,2,0,0,2,0,-1,-1,-1,0,0,0,2,0,0,0,0
M2.TGGTTCCAGTACATGA-1,2,0,0,3,2,0,0,2,0,-1,-1,-1,4,0,0,2,0,0,0,0
clade_30,0,0,0,3,2,0,0,2,0,-1,-1,-1,0,0,0,2,0,0,-1,-1
M1.CATCAAGTCGTACGGC-1,0,0,0,3,2,0,0,2,0,-1,-1,-1,0,0,0,2,0,4,-1,-1
RW.CAGCTAACAGGACCCT-1,0,0,0,3,2,0,0,2,0,-1,-1,-1,0,0,0,2,0,0,-1,-1
RW.AGGGTGAAGTGTACTC-1,0,0,0,3,2,0,-1,-1,-1,-1,-1,-1,0,0,0,2,0,0,0,0
clade_40,0,0,0,0,0,0,0,0:0.11/3:0.89,0,0,0,0,0,0,0,2,0,0,0,0
M2.TTGACTTCAAGAGGCT-1,2,3,3,4,5,3,2,3,0,3,0,0,0,2,2,2,3,2,0,0
clade_41,0,0,0,0,0,0,0:0.01/4:0.99,3,0,0,0,0,0,0,0,2,0,0,0,0
clade_60,0:0.09/2:0.91,0,0,0,0,0,4,3,0,0,0,0,0,0,0,2,0,0,0,0
clade_63,2,0,0,0,4,0,4,3,0,0,0,0,0,0,0,2,0,0,0,0
I8,2,0,0,0,4,0,4,3,0,0,0,0,0,0,0,2,0,0,0,0
clade_64,2,0,0,0,4,0,4,3,0,0,0,0,0,0,0,2,0,0,-1,-1
M2.AGACGTTGTTAGAACA-1,2,7,0,0,4,0,4,3,4,0,0,0,0,0,0,2,0,4,-1,-1
I9,2,0,0,0,4,0,4,3,0,0,0,0,0,0,0,2,0,0,-1,-1
I10,2,0,0,0,4,0,4,3,0,0,0,0,0,0,0,2,0,0,-1,-1
M2.CACCTTGGTAATTGGA-1,2,0,0,0,4,0,4,3,0,0,0,0,7,5,0,2,0,0,-1,-1
M2.TGTATTCTCGGCGCTA-1,2,0,5,0,4,0,4,3,0,0,0,0,0,3,3,2,0,0,-1,-1
I11,2,0,0,0,4,0,4,3,0,0,0,0,0,0,0,2,0,0,-1,-1
M2.CGAATGTAGAAACCAT-1,2,0,0,0,4,0,4,3,3,-1,-1,-1,0,0,0,2,0,0,-1,-1
I12,2,0,0,0,4,0,4,3,0,0,0,0,0,0,0,2,0,0,-1,-1
clade_70,2,0,0,0,4,0,4,3,0,0,0,0,0,0,0,2,0,0,-1,-1
M2.CTTAACTGTCCGAACC-1,2,5,0,0,4,0,4,3,0,0,0,3,0,0,5,2,0,0,-1,-1
I13,2,0,0,0,4,0,4,3,0,0,0,0,0,0,0,2,0,0,-1,-1
M2.TAGGCATAGTGGAGAA-1,2,0,6,0,4,0,4,3,0,0,0,0,0,0,0,-1,-1,-1,-1,-1
I14,2,0,0,0,4,0,4,3,0,0,0,0,0,0,0,2,0,0,-1,-1
I15,2,0,0,0,4,0,4,3,0,0,0,0,0,0,0,2,0,0,-1,-1
M2.GCACTCTTCTTGAGGT-1,2,0,0,0,4,0,4,3,0,0,0,0,6,0,4,2,0,0,-1,-1
M2.CACTCCATCGCCATAA-1,2,0,0,0,4,6,4,3,0,0,0,0,0,0,0,2,0,0,-1,-1
M2.ACGTCAATCTTGCATT-1,2,0,0,9,4,0,4,3,0,0,0,0,0,6,0,2,0,0,-1,-1
clade_81,2,0,0,0,4,0,4,3,0,0,0,0,0:0.01/2:0.99,0,0,2,0,0,-1,-1
I16,2,0,0,0,4,0,4,3,0,0,0,0,2,0,0,2,0,0,-1,-1
M2.TTGCGTCGTATCTGCA-1,2,0,0,0,4,0,4,3,0,2,0,0,2,0,0,2,0,0,-1,-1
I17,2,0,0,0,4,0,4,3,0,0,0,0,2,0,0,2,0,0,-1,-1
M2.GTATCTTGTTTGGGCC-1,2,0,0,0,4,0,4,3,0,0,0,0,2,0,0,2,0,0,-1,-1
M2.AAACCTGGTGCACTTA-1,2,0,0,0,4,0,4,3,0,0,0,0,2,0,0,2,0,0,-1,-1
M2.GCATGCGTCAGTTGAC-1,2,0,7,0,4,0,4,3,0,0,2,0,2,0,0,2,6,3,-1,-1
M2.CCACGGAAGGACACCA-1,2,7,0,7,4,0,4,3,0,5,5,5,0,0,0,2,0,4,0,0
clade_85,2,0,0:0.01/4:0.99,0,4,0,4,3,0,0:0.01/3:0.99,0,0,0:0.01/3:0.99,0,0,2,0:0.01/4:0.99,0,0,0:0.34/2:0.66
M2.TTCTCCTAGGTGTGGT-1,2,4,4,0,4,0,4,3,2,3,0,0,3,0,0,2,4,0,0,2
M2.GTCGTAAGTGTTCTTT-1,2,0,4,0,4,0,4,3,0,3,0,0,3,0,0,2,4,0,-1,-1
clade_61,0:0.02/2:0.98,0,0,5,6,4,4,3,0,0,0,0,5,4,0,2,5,0,0:0.01/-1:0.99,0:0.01/-1:0.99
M2.CACATTTTCGGTCTAA-1,-1,-1,-1,5,6,4,4,3,0,0,0,0,5,4,0,2,5,0,-1,-1
M2.GCTCCTACAATACGCT-1,2,0,0,5,6,4,4,3,0,0,0,0,5,4,0,2,5,0,-1,-1
clade_42,0,0,0,0,0,0,4,3,0,0:0.01/3:0.99,0,0,0,0,0,2,0,0,0,0
I18,0,0,0,0,0,0,4,3,0,3,0,0,0,0,0,2,0,0,0,0
M1.GCGACCATCTCGGACG-1,6,0,0,2,0,7,4,3,5,3,0,0,0,0,0,2,0,0,0,0
clade_49,0,0,0,0,0,0,4,3,0,3,0,0:0.39/6:0.61,0,0,0,2,0,0,0,0
M1.CAAGTTGAGAAGGACA-1,-1,-1,-1,0,0,0,4,3,0,3,0,6,10,8,0,2,0,0,0,0
I19,0,0,0,0:0.84/6:0.16,0,0,4,3,0,3,0,0:0.33/6:0.67,0,0,0,2,0,0,0:0.36/-1:0.62/0:0.01/2:0.01,0:0.36/-1:0.62/0:0.007/2:0.007/3:0.007
M1.TCGTAGACAGGATTGG-1,0,10,0,-1,-1,-1,4,3,0,3,0,6,0,0,0,2,0,0,-1,-1
M1.CGTCCATCATCTGGTA-1,0,0,0,6,0,0,4,3,0,-1,-1,-1,9,7,0,2,0,4,-1,-1
clade_43,0,0,0,0,0,0,4,3,0,3,0:0.55/6:0.45,0:0.55/7:0.45,0,0,0,2,0,0,0:0.08/-1:0.91/0:0.005/2:0.005,0:0.08/-1:0.91/0:0.003/2:0.003/3:0.003
M1.GCGCAACTCTTCTGGC-1,5,0,0,0,0,0,4,3,0,-1,-1,-1,8,0,0,2,0,0,-1,-1
M1.GTCATTTTCGGCCGAT-1,0,0,0,0,0,0,4,3,0,3,6,7,0,0,0,2,0,6,-1,-1
I20,0,0,0,0,0,0,0,0,0,0,0,0,0,0,0,0,0,0,0:0.99/2:0.01,0
clade_1,0,0,0,0,0,0,0,0,0,0,0,0,0,0,0,0,0,0,0:0.06/-1:0.93/2:0.01,0:0.06/-1:0.93/0:0.003/2:0.003/3:0.003
RE.TGCGCAGAGATGTTAG-1,0,2,2,0,3,2,3,0,0,0,0,0,0,0,0,3,2,0,-1,-1
clade_3,0,0,0,0:0.15/2:0.85,0,0,0:0.83/2:0.17,0,0,0,0,0,0,0,0,0,0,0,0:0.01/-1:0.99,0:0.01/-1:0.99
RW.TCATTACGTGCAGTAG-1,2,0,0,2,0,0,2,0,0,0,0,2,0,0,0,0,0,0,-1,-1
clade_4,0,0,0,0:0.1/2:0.9,0,0:0.7/5:0.3,0:0.14/-1:0.81/2:0.05,0:0.17/-1:0.81/0:0.004/2:0.004/3:0.004/4:0.004/5:0.004,0:0.17/-1:0.81/0:0.003/2:0.003/3:0.003/4:0.003/5:0.003/6:0.003,0,0,0,0,0,0,0,0,0,-1,-1
M2.CGCCAAGCATATGGTC-1,0,6,0,2,0,5,-1,-1,-1,0,4,4,0,3,3,0,0,0,-1,-1
M2.ACGGGCTCAAAGGCGT-1,2,0,0,-1,-1,-1,-1,-1,-1,0,0,0,0,0,0,0,0,0,-1,-1
M2.ATTATCCCACTTCTGC-1,3,8,8,8,0,0,-1,-1,-1,0,0,0,0,0,0,4,0,0,2,0
