((((LL.AACACGTTCTGCTGTC-1:11.005,((((M1.TTAACTCGTAGCGTCC-1:10.027,LL.GGGTCTGAGCCCAGCT-1:8.982)clade_20:0.047,((LL.GAACATCCACGTTGGC-1:0,LL.GTGCAGCGTTTGTTTC-1:0)clade_30:7.027,(LL.ATTTCTGGTGAAATCA-1:0.029,LL.GCGCAACTCAACACCA-1:3.029)clade_21:7.956)I3:0.037)clade_23:3.233,LL.TCAGATGGTTAAAGAC-1:9.263)clade_2:0.086,LL.ACCGTAATCCTCTAGC-1:11.002)clade_17:0.656)I2:0.003,((LL.CAGATCACACAGTCGC-1:9.011,LL.ACACCGGCACCAGATT-1:15.835)clade_3:4.303,LL.GTCGGGTCAGGATCGA-1:11.314)clade_12:1.694)clade_1:2.992,(((RE.AGGGTGAAGATAGGAG-1:2.016,RE.CTCGGGACATTTGCTT-1:0.016)clade_50:17.006,(((((LL.GTGTTAGGTGATGATA-1:6.527,LL.GGTGAAGGTCTTCAAG-1:11.527)clade_60:0.502,LL.ACTGAACAGAGGACGG-1:1.028)clade_57:0.995,(LL.ATTATCCAGTACGATA-1:0,LL.GTACGTACATTGCGGC-1:0)clade_59:6.024)clade_54:0.016,RE.GAATGAAAGATGTCGG-1:14.039)clade_65:3.071,(LL.AAGTCTGTCCTAGTGA-1:3.044,LL.CGTGAGCAGATAGCAT-1:1.305)clade_66:8.282)clade_53:3.382)I1:0.062,(LL.GCGCAACAGGTAGCTG-1:15.467,(((M2.GTAGGCCCATTGCGGC-1:3.01,M2.CCCAATCGTTGCGTTA-1:0.01)clade_35:1.025,M2.TCGGTAAAGAAGGTGA-1:7.007)clade_34:0.003,(RW.TTTATGCAGTCTTGCA-1:1.286,RW.TGAGCCGGTTGTACAC-1:10.268)clade_44:1.752)clade_40:11.486)clade_33:0.654)clade_31:0.978)root:0)I0;
I0,0,0,0,0,0,0,0,0,0,0,0,0,0,0,0,0,0,0,0,0,0,0,0,0,0,0,0
root,0,0,0,0,0,0,0,0,0,0,0,0,0,0,0,0,0,0,0,0,0,0,0,0,0,0,0
clade_31,0,0,0,0,0,0,0,0,0,0,0,0,0,0,0,0:0.02/2:0.98,0,0,0,0,0,0,0,0,0,0,0
clade_33,0,0,0,0,0,0,0,0,0,0:0.95/2:0.05,0:0.95/2:0.05,0,0,0,0:0.6/2:0.4,0:0.02/2:0.98,0,0,0,0,0,0:0.97/7:0.03,0:0.97/3:0.03,0:0.97/3:0.03,0:0.97/3:0.03,0,0:0.97/3:0.03
clade_40,0,2,0,0,0,2,0:0.02/2:0.98,0,0,2,2,0,0,0,2,2,0,0,0,0,0,-1,-1,-1,-1,-1,-1
clade_44,0,2,0,0,0,2,0:0.02/2:0.98,0,0,2,2,0,0,0,2,2,0,0,0,0:0.14/2:0.86,0:0.12/2:0.88,-1,-1,-1,-1,-1,-1
RW.TGAGCCGGTTGTACAC-1,2,2,0,-1,-1,-1,-1,-1,-1,2,2,2,2,2,2,2,0,0,0,2,2,-1,-1,-1,-1,-1,-1
RW.TTTATGCAGTCTTGCA-1,0,2,0,0,0,2,2,0,0,2,2,0,0,0,2,2,0,0,2,2,2,-1,-1,-1,-1,-1,-1
clade_34,0,2,0,0,0,2,0:0.02/2:0.98,0,0,2,2,0,0,0,2,2,0,0,0,0,0,-1,-1,-1,-1,-1,-1
M2.TCGGTAAAGAAGGTGA-1,0,2,0,0,0,2,-1,-1,-1,-1,-1,-1,4,0,2,2,0,0,0,0,0,-1,-1,-1,-1,-1,-1
clade_35,0,2,0,0,0,2,2,0,0,2,2,0,0,0,2,2,0,0,0:0.01/2:0.99,0,0,-1,-1,-1,-1,-1,-1
M2.CCCAATCGTTGCGTTA-1,0,2,0,0,0,2,2,0,0,2,2,0,0,0,2,2,0,0,2,0,0,-1,-1,-1,-1,-1,-1
M2.GTAGGCCCATTGCGGC-1,0,2,0,0,0,2,2,0,0,2,2,0,2,2,2,2,0,0,2,0,3,-1,-1,-1,-1,-1,-1
LL.GCGCAACAGGTAGCTG-1,0,3,3,3,6,0,5,0,0,-1,-1,-1,0,0,2,2,0,0,2,0,2,7,3,3,3,0,3
I1,0,0,0,0,0,0,0,0,0,0,0,0,0,0,0,0:0.02/2:0.98,0,0,0:0.96/3:0.04,0,0,0,0,0,0:0.99/4:0.01,0:0.99/2:0.01,0
clade_53,0,0,0,0,0:0.04/2:0.96,0:0.04/3:0.96,0,0,0,0,0,0,0,0,0,2,0,0,0:0.03/3:0.97,0,0,0,0,0,0:0.74/4:0.26,0:0.74/2:0.26,0
clade_66,0,7,5,0,2,3,0,0,0,0:0.01/-1:0.99,0:0.01/-1:0.99,0:0.01/-1:0.99,0,7,0,2,0,0,3,0,0,0,0,4,0:0.13/4:0.87,0:0.13/2:0.87,0
LL.CGTGAGCAGATAGCAT-1,0,7,5,0,2,3,0,0,0,-1,-1,-1,0,7,0,2,0,6,3,0,0,0,0,4,4,2,0
LL.AAGTCTGTCCTAGTGA-1,0,7,5,0,2,3,0,0,0,-1,-1,-1,0,7,0,2,0,0,3,0,0,0,0,4,-1,-1,-1
clade_65,0,0,0,0,2,3,0,0,0,0,0,0,0,0,0,2,0,0,3,0,0,0,0,0,0:0.01/-1:0.99,0:0.01/-1:0.99,0:0.01/-1:0.99
RE.GAATGAAAGATGTCGG-1,0,0,2,2,2,3,0,0,0,2,2,2,3,3,3,2,2,2,3,3,0,-1,-1,-1,-1,-1,-1
clade_54,0,0,0,0,2,3,0,0,0,0,0,0,0,0,0,2,0,0,3,0,0,0,0,0,0:0.01/-1:0.99,0:0.01/-1:0.99,0:0.01/-1:0.99
clade_59,0,6,0,0,2,3,0,0,0,0,0,0,-1,-1,-1,2,0,5,3,0,0,4,0,0,-1,-1,-1
LL.GTACGTACATTGCGGC-1,0,6,0,0,2,3,0,0,0,0,0,0,-1,-1,-1,2,0,5,3,0,0,4,0,0,-1,-1,-1
LL.ATTATCCAGTACGATA-1,0,6,0,0,2,3,0,0,0,0,0,0,-1,-1,-1,2,0,5,3,0,0,4,0,0,-1,-1,-1
clade_57,0,0,0,0,2,3,0:0.03/2:0.97,0,0,0,0,0,0,0,0,2,0,0,3,0,0,0,0,0,-1,-1,-1
LL.ACTGAACAGAGGACGG-1,0,0,0,0,2,3,2,0,0,0,0,0,0,7,0,2,0,0,3,0,0,0,0,0,-1,-1,-1
clade_60,0,0,0,0,2,3,0:0.01/2:0.99,0,0,0,0,0,0,0,0,2,0,0:0.51/5:0.49,3,0,0,0,0,0,-1,-1,-1
LL.GGTGAAGGTCTTCAAG-1,-1,-1,-1,0,2,3,2,0,0,4,5,4,2,2,0,2,0,5,3,4,5,5,0,0,-1,-1,-1
LL.GTGTTAGGTGATGATA-1,0,0,0,-1,-1,-1,2,0,0,0,0,0,0,5,0,2,0,5,3,0,0,0,2,2,-1,-1,-1
clade_50,0,3,3,0,3,4,3,0,0,0,3,3,0,4,4,2,0,3,-1,-1,-1,2,0,0,-1,-1,-1
RE.CTCGGGACATTTGCTT-1,0,3,3,0,3,4,3,0,0,0,3,3,0,4,4,2,0,3,-1,-1,-1,2,0,0,-1,-1,-1
RE.AGGGTGAAGATAGGAG-1,0,3,3,0,3,4,3,2,2,0,3,3,0,4,4,2,0,3,-1,-1,-1,2,0,0,-1,-1,-1
clade_1,0,0,0,0,0,0,4,3,0,0,0,0,0,0,0,0,0,0,0,0,0,0,0,0,0,0,2
clade_12,0,0,0,0:0.17/3:0.83,0,0,4,3,0,0,0,0,0,0,0,0,0,0,0,0,0:0.14/4:0.86,0,0,0,0,0,2
LL.GTCGGGTCAGGATCGA-1,0,5,4,3,4,0,4,3,3,0,4,0,5,6,0,3,3,0,4,0,4,0,0,0,2,0,2
clade_3,0:0.26/4:0.74,0:0.15/8:0.85,0,0:0.03/3:0.97,0,0,4,3,0,0,0,0,0:0.79/7:0.21,0,0:0.79/6:0.21,0,0,0:0.79/5:0.21,0,0,0:0.02/4:0.98,0,0:0.19/4:0.81,0:0.19/5:0.81,0,0:0.79/3:0.21,2
LL.ACACCGGCACCAGATT-1,4,8,0,3,0,0,-1,-1,-1,5,7,5,-1,-1,-1,-1,-1,-1,0,0,4,0,4,5,-1,-1,-1
LL.CAGATCACACAGTCGC-1,4,8,0,3,0,7,4,3,0,2,2,0,7,0,6,0,0,5,6,5,4,0,4,5,0,3,2
I2,0,0,0,0,0,0,4,3,0,0,0,0,0,0,0,0,0,0,0,0,0,0,0,0,0,0,2
clade_17,0,0,0,0,0,0,4,3,0,0,0,0,0,0,0,0:0.35/2:0.65,0,0,0,0,0,0,0,0,0,0,2
LL.ACCGTAATCCTCTAGC-1,0,0,4,0,0,2,4,3,0,0,6,0,2,2,0,-1,-1,-1,7,0,0,0,5,6,0,0,2
clade_2,0,0,0,0,0,0,4,3,0,0,0,0,0,0,0,0:0.26/2:0.74,0,0,0,0,0,0,0,0,0,0,2
LL.TCAGATGGTTAAAGAC-1,3,3,3,0,0,5,4,3,0,2,2,0,0,0,5,2,0,4,0,0,0,3,0,0,0,0,2
clade_23,0,0,0,0,0,0,4,3,0,0,0,0,0,0,0,0:0.01/2:0.99,0,0,0,0,0,0,0,0,0:0.01/-1:0.99,0:0.01/-1:0.99,-1:0.99/2:0.01
I3,0,0,0,0,0,0,4,3,0,0,0,0,0,0,0,0:0.01/2:0.99,0,0,0:0.98/2:0.02,0,0:0.98/6:0.02,0,0,0,0:0.01/-1:0.99,0:0.01/-1:0.99,-1:0.99/2:0.01
clade_21,3,0,0,5,0,0,4,3,0,0,0,0,6,0,0,-1:0.99/2:0.01,-1:0.99/0:0.003/2:0.003/3:0.003,-1:0.99/0:0.002/2:0.002/3:0.002/4:0.002/5:0.002/6:0.002,2,0,6,0,0,0,-1,-1,-1
LL.GCGCAACTCAACACCA-1,3,0,0,5,0,0,4,3,0,-1,-1,-1,6,0,0,-1,-1,-1,2,0,6,0,0,0,-1,-1,-1
LL.ATTTCTGGTGAAATCA-1,3,0,0,5,0,0,4,3,0,0,0,0,6,0,0,-1,-1,-1,2,0,6,0,0,0,-1,-1,-1
clade_30,2,4,0,0,0,6,4,3,0,0,0,2,0,0,0,2,0,0,-1,-1,-1,0,0,0,-1,-1,-1
LL.GTGCAGCGTTTGTTTC-1,2,4,0,0,0,6,4,3,0,0,0,2,0,0,0,2,0,0,-1,-1,-1,0,0,0,-1,-1,-1
LL.GAACATCCACGTTGGC-1,2,4,0,0,0,6,4,3,0,0,0,2,0,0,0,2,0,0,-1,-1,-1,0,0,0,-1,-1,-1
clade_20,0,0,0,0:0.99/4:0.01,0:0.99/5:0.01,0,4,3,0,0,0,0,0,0,0,0:0.01/2:0.99,0,0,0,0,0,0:0.99/6:0.01,0,0,0:0.01/-1:0.99,0:0.01/-1:0.99,-1:0.99/2:0.01
LL.GGGTCTGAGCCCAGCT-1,3,4,0,4,5,0,4,3,0,2,2,2,0,0,0,2,0,0,5,0,0,6,0,0,-1,-1,-1
M1.TTAACTCGTAGCGTCC-1,0,0,0,-1,-1,-1,4,3,0,3,0,0,-1,-1,-1,2,0,0,0,0,0,-1,-1,-1,-1,-1,-1
LL.AACACGTTCTGCTGTC-1,0,0,0,6,7,0,4,3,0,0,4,6,6,0,0,0,0,0,8,6,7,0,6,0,2,4,2
