((((M2.ACGATACCATTGAGCT-1:12,(((M1.GGTGTTAGTGATGATA-1:1.026,M1.GTAGTCAGTGTTTGGT-1:4.026)clade_124:1.148,M1.ATTCTACGTGGTTTCA-1:9.169)clade_123:9.963,(((M1.CCTCAGTTCCTGCAGG-1:1.008,M1.CACACTCGTGCTAGCC-1:1.008)clade_114:9.196,(M1.CTACACCAGGTGATAT-1:4.117,M1.CGCGGTAAGTTGTAGA-1:7.117)clade_121:1.088)clade_112:3.122,M1.TGAGGGAAGTACATGA-1:7.313)clade_118:2.822)clade_109:5.887)I13:0,((M1.GCAATCATCCTTCAAT-1:0.067,M1.CTCGAGGCATACCATG-1:2.014)clade_65:20.99,(((RE.GTCACGGCAAGTTAAG-1:1.02,RE.CGAACATCACCGAATT-1:1.02)clade_100:15.137,((Liv.AACCGCGTCAGCTCGG-1:8.096,RE.TGGGAAGAGTGGGTTG-1:3.096)clade_105:3.015,M1.CCTTCCCCAATAGAGT-1:7.111)clade_98:0.043)clade_103:3.222,M1.GTCCTCAGTTACCGAT-1:12.642)clade_97:10.231)clade_93:1.222)I12:0,((((((M2.AGAGCTTGTGAACCTT-1:10.32,RW.CTAAGACTCTTGAGGT-1:1.32)clade_28:2.791,((M1.TTTGGTTAGCGTTCCG-1:10.49,M1.GTACTTTAGGTGTTAA-1:7.49)clade_41:8.046,(((RE.CAGCATACACAAGTAA-1:18.017,Liv.GACACGCCACATGACT-1:10.495)clade_52:6.962,M2.TTCTCCTCACCATCCT-1:19.178)clade_49:0.872,((RW.AGTGTCATCGTATCAG-1:9.981,(M2.CTGCCTATCGGCGCAT-1:14.589,M2.TTCCCAGAGTCTCAAC-1:2.219)clade_45:4.785)clade_33:0.066,(RW.TCTCTAATCATGTGGT-1:9.8,RE.GCTTGAATCTCTGAGA-1:13.8)clade_36:0.21)clade_40:0.001)I11:1.025)clade_32:1.04)clade_27:3.961,(((LL.GTCGGGTCACTCTGTC-1:0.003,LL.CGAATGTAGCAGACTG-1:1.003)clade_58:12.106,((M2.TGTGGTAAGGTGTTAA-1:3.027,M2.CTCGTACGTCTACCTC-1:0.027)clade_61:9.536,M2.CAGCTGGCATATGGTC-1:4.56)clade_57:3.135)clade_56:2.831,RE.AGTGTCATCGGCTTGG-1:6.002)I10:0.535)clade_22:0.976,M2.TGGCGCATCAACACAC-1:27)clade_1:0,(((M1.AGAATAGTCAGGCCCA-1:4.021,M1.GTTCTCGAGCTGGAAC-1:2.021)clade_15:0.981,(((M1.TAGGCATAGGTTACCT-1:3.036,M1.GCAGCCACACACATGT-1:0.036)clade_9:2.99,(M1.CCTTCGAGTCGACTAT-1:1,M1.GCAAACTCAATCTGCA-1:0)I9:0.025)clade_7:4.977,(M1.GCTGCAGTCCGTCATC-1:6.141,M1.GATCTAGGTCCGAGTC-1:5.141)clade_11:0.859)I8:0.002)clade_6:7.857,M2.CCACCTATCTGGAGCC-1:8.422)clade_3:7.188)I7:0,((((((LL.AGCGTATAGATGGGTC-1:4.018,M1.TATTACCCACCTCGTT-1:0.018)clade_74:0.982,M1.TCGCGTTAGGACCACA-1:0)I6:0,((((M1.CGGGTCAGTGAGCGAT-1:2.075,M1.GTGTGCGTCTCTGAGA-1:2.075)clade_77:2.947,M1.CGCTTCATCCGAACGC-1:0.019)I5:0.029,M1.TAAGTGCTCAAGGCTT-1:10.046)clade_80:2.988,M1.CAACCAAAGCCGATTT-1:3.036)clade_76:1.965)I4:0.001,M1.TCAGATGTCTCTGAGA-1:11)I3:0.003,((M1.CATGCCTTCGCTAGCG-1:3.004,M1.CATCGAAGTTACTGAC-1:0.004)I2:0.963,M1.TGATTTCTCTCTGCTG-1:13.114)clade_70:1.038)clade_69:14.927,RE.CAACTAGGTCCCTTGT-1:21.928)clade_68:0.141)I1:0)root:0)I0;
I0,0,0,0,0,0,0,0,0,0,0,0,0,0,0,0,0,0,0,0,0,0,0,0,0,0,0,0,0,0,0,0,0,0,0,0,0,0,0,0,0
root,0,0,0,0,0,0,0,0,0,0,0,0,0,0,0,0,0,0,0,0,0,0,0,0,0,0,0,0,0,0,0,0,0,0,0,0,0,0,0,0
I1,0,0,0,0,0,0,0,0,0,0,0,0,0,0,0,0,0,0,0,0,0,0,0,0,0,0,0,0,0,0,0,0,0,0,0,0,0,0,0,0
clade_68,0,0,0,0,0,0,0,0,0,0,0,0,0,0,0:0.99/6:0.01,0:0.99/3:0.01,0:0.99/2:0.01,0,0:0.98/4:0.02,0:0.98/3:0.02,0,0,0,0:0.98/5:0.02,0,0,0,0,0,0:0.99/3:0.01,0:0.99/2:0.01,0,0,0,0,0,0,0,0,0
RE.CAACTAGGTCCCTTGT-1,4,0,0,-1,-1,-1,0,0,0,0,5,0,0,3,6,3,2,-1,-1,-1,6,0,0,-1,-1,-1,0,0,2,3,2,0,2,0,0,0,0,0,2,3
clade_69,0,0,0,0,0,0,6,0,0,11,9,0,0,6,-1,-1,-1,0,4,3,0,0,0,5,0,0,0,0,0,-1,-1,-1,0,0,0,0,0,6,5,0
clade_70,0,0,0,0,0,0,6,0,0:0.11/4:0.89,11,9,0,0,6,-1,-1,-1,0,4,3,0,0,0,5,0,0,0:0.85/7:0.15,0,0,-1,-1,-1,0,0,0,0,0,6,5,0
M1.TGATTTCTCTCTGCTG-1,0,0,0,0,0,0,6,0,4,11,9,0,0,6,-1,-1,-1,0,4,3,-1,-1,-1,-1,-1,-1,-1,-1,-1,-1,-1,-1,-1,-1,-1,0,0,6,5,6
I2,0,0,0,0,0,0,6,0,4,11,9,0,0,6,-1,-1,-1,0,4,3,0,0,0,5,0,0,7,0,0,-1,-1,-1,0,0,0,0,0,6,5,0
M1.CATCGAAGTTACTGAC-1,0,0,0,0,0,0,6,0,4,11,9,0,0,6,-1,-1,-1,0,4,3,0,0,0,5,0,0,7,0,0,-1,-1,-1,0,0,0,0,0,6,5,0
M1.CATGCCTTCGCTAGCG-1,0,0,6,0,0,0,6,0,4,11,9,0,0,6,-1,-1,-1,0,4,3,0,0,4,5,0,0,7,0,0,-1,-1,-1,0,0,7,0,0,6,5,0
I3,0,0,0,0,0,0,6,0,0,11,9,0,0,6,-1,-1,-1,0,4,3,0,0,0,5,0,0,0,0,0,-1,-1,-1,0,0,0,0,0,6,5,0
M1.TCAGATGTCTCTGAGA-1,0,0,0,0,3,0,6,0,0,11,9,0,-1,-1,-1,-1,-1,0,4,3,0,0,0,-1,-1,-1,2,0,0,-1,-1,-1,4,0,0,0,0,-1,-1,-1
I4,0,0,0,0,0,0,6,0,0,11,9,0,0,6,-1,-1,-1,0,4,3,0,0,0,5,0,0,0,0,0,-1,-1,-1,0,0,0,0,0,6,5,0
clade_76,0,0,0,0,0,0,6,0,0,11,9,0,0,6,-1,-1,-1,0,4,3,0:0.02/7:0.98,0,0,5,0,0,0,0,0,-1,-1,-1,0,0:0.02/6:0.98,0,0,0,6,5,0
M1.CAACCAAAGCCGATTT-1,0,0,0,0,7,6,6,0,0,11,9,0,0,6,-1,-1,-1,0,4,3,7,0,0,5,0,0,0,0,2,-1,-1,-1,0,6,0,0,0,6,5,0
clade_80,0,0,0,0,0,0,6,0,0,11,9,0,0,6,-1,-1,-1,0,4,3,7,0,0,-1:0.98/5:0.02,0:0.01/-1:0.98/0:0.003/2:0.003/3:0.003/4:0.003,0:0.01/-1:0.98/0:0.003/2:0.003/3:0.003,0,0,0,-1,-1,-1,0,6,0,0,0,6,5,0
M1.TAAGTGCTCAAGGCTT-1,-1,-1,-1,0,0,0,6,0,0,11,9,0,-1,-1,-1,-1,-1,0,4,3,7,0,0,-1,-1,-1,0,0,0,-1,-1,-1,-1,-1,-1,-1,-1,6,5,0
I5,0,0,0,0,0,0,6,0,0,11,9,0,0,6,-1,-1,-1,0,4,3,7,0,0,-1:0.99/5:0.01,0:0.01/-1:0.99,0:0.01/-1:0.99,0,0,0,-1,-1,-1,0,6,0,0,0,6,5,0
M1.CGCTTCATCCGAACGC-1,0,0,0,0,0,0,6,0,0,11,9,0,0,6,-1,-1,-1,0,4,3,7,0,0,-1,-1,-1,0,0,0,-1,-1,-1,0,6,0,0,0,6,5,0
clade_77,0,0,0,0,0,0,6,0,0,11,9,0,0,6,-1,-1,-1,0,4,3,-1:0.98/7:0.02,0:0.02/-1:0.98,0:0.02/-1:0.98,-1,-1,-1,0,0,0,-1,-1,-1,0,6,0,0,0,6,5,0
M1.GTGTGCGTCTCTGAGA-1,0,0,0,0,0,0,6,0,0,11,9,0,0,6,-1,-1,-1,0,4,3,-1,-1,-1,-1,-1,-1,4,3,0,-1,-1,-1,0,6,0,0,0,6,5,0
M1.CGGGTCAGTGAGCGAT-1,0,0,0,0,0,0,6,0,0,11,9,0,0,6,-1,-1,-1,0,4,3,-1,-1,-1,-1,-1,-1,2,0,2,-1,-1,-1,0,6,0,0,0,6,5,0
I6,0,0,0,0,0,0,6,0,0,11,9,0,0,6,-1,-1,-1,0,4,3,0,0,0,5,0,0,0,0,0,-1,-1,-1,0,0,0,0,0,6,5,0
M1.TCGCGTTAGGACCACA-1,0,0,0,0,0,0,6,0,0,11,9,0,0,6,-1,-1,-1,0,4,3,0,0,0,5,0,0,0,0,0,-1,-1,-1,0,0,0,0,0,6,5,0
clade_74,0,0,0,0,0,0,6,0,0,11,9,0,0,6,-1,-1,-1,0,4,3,0,0,0,5,0,0,0,0,0,-1,-1,-1,0:0.02/2:0.98,0,0,0,0,6,5,0
M1.TATTACCCACCTCGTT-1,0,0,0,0,0,0,6,0,0,11,9,0,0,6,-1,-1,-1,0,4,3,0,0,0,5,0,0,0,0,0,-1,-1,-1,2,0,0,0,0,6,5,0
LL.AGCGTATAGATGGGTC-1,0,7,0,0,9,0,6,0,0,11,9,0,0,6,-1,-1,-1,0,4,3,0,0,0,5,0,0,0,0,0,-1,-1,-1,2,3,0,0,3,6,5,0
I7,0,0,0,0,0,0,0,0,0,0,0,0,0,0,0,0,0,0,0,0,0,0,0,0,0,0,0,0,0,0,0,0,0,0,0,0,0,0,0,0
clade_3,0,0,0,0,0,0,0:0.1/-1:0.89/0:0.002/2:0.002/3:0.002/4:0.002/5:0.002/6:0.002,0:0.1/-1:0.89/0:0.002/2:0.002/3:0.002/4:0.002/5:0.002,0:0.1/-1:0.89/0:0.001/2:0.001/3:0.001/4:0.001/5:0.001/6:0.001/7:0.001,0:0.02/9:0.98,0:0.02/7:0.98,0,0,0,0,0,0,0:0.02/6:0.98,0,0,0,0,0,0:0.44/6:0.56,0,0,0,0,0,0:0.03/4:0.97,0,0,0,0,0,0,0,0,0,0
M2.CCACCTATCTGGAGCC-1,0,0,0,3,2,0,-1,-1,-1,9,7,0,0,0,3,0,0,6,0,0,0,0,0,-1,-1,-1,0,0,0,4,0,0,0,0,0,-1,-1,0,0,0
clade_6,0,0,4,6,4,0,-1,-1,-1,9,7,0,0,0,0,0,0,6,0,0,7,4,0,6,0,0,0,0,0,4,0,0,0,0,0,0,0,0,6,7
I8,0,0,4,6,4,0,-1,-1,-1,9,7,0,0,0,0,0,0,6,0,0,7,4,0,6,0,0,0,0,0,4,0,0,0,0,0,0,0,0,6,7
clade_11,0,0,4,6,4,0,-1,-1,-1,9,7,0,0,0,0,0,0,6,0,0,7,4,0,6,0,0,0,0,0,4,0,0,0:0.14/2:0.86,0,0,0,0,0,6,7
M1.GATCTAGGTCCGAGTC-1,-1,-1,-1,6,4,0,-1,-1,-1,9,7,0,0,0,0,0,7,6,0,0,7,4,0,6,0,0,0,0,0,4,0,0,2,0,3,0,0,0,6,7
M1.GCTGCAGTCCGTCATC-1,0,0,4,6,4,0,-1,-1,-1,9,7,0,0,0,0,0,0,6,0,0,7,4,0,-1,-1,-1,6,0,0,4,0,0,2,7,6,0,0,0,6,7
clade_7,0,0,4,6,4,4,-1,-1,-1,9,7,0,0,0,0:0.01/-1:0.99,0:0.01/-1:0.99,0:0.01/-1:0.99,6,0,0,7,4,0,6,0,0,0,5,0,4,0,0,0,0,0,0,0,0,6,7
I9,0,0,4,6,4,4,-1,-1,-1,9,7,0,0,0,-1,-1,-1,6,0,0,7,4,0,6,0,0,0,5,0,4,0,0,0,0,0,0,0,0,6,7
M1.GCAAACTCAATCTGCA-1,0,0,4,6,4,4,-1,-1,-1,9,7,0,0,0,-1,-1,-1,6,0,0,7,4,0,6,0,0,0,5,0,4,0,0,0,0,0,0,0,0,6,7
M1.CCTTCGAGTCGACTAT-1,0,0,4,6,4,4,-1,-1,-1,9,7,0,0,0,-1,-1,-1,6,0,0,7,4,0,6,0,0,0,5,0,4,0,0,0,0,0,0,7,0,6,7
clade_9,0,0,4,6,4,4,-1,-1,-1,9,7,0,0,0,-1,-1,-1,6,0,0,7,4,0,-1:0.99/6:0.01,0:0.01/-1:0.99,0:0.01/-1:0.99,0,5,0,4,0,0,0,0,0,0,0,0,6,7
M1.GCAGCCACACACATGT-1,0,0,4,6,4,4,-1,-1,-1,9,7,0,0,0,-1,-1,-1,6,0,0,7,4,0,-1,-1,-1,0,5,0,4,0,0,0,0,0,0,0,0,6,7
M1.TAGGCATAGGTTACCT-1,0,0,4,6,4,4,-1,-1,-1,9,7,0,0,0,-1,-1,-1,6,0,0,7,4,0,-1,-1,-1,0,5,0,4,0,0,-1,-1,-1,0,0,0,6,7
clade_15,0,0,4,6,4,0,-1,-1,-1,9,7,0,0,0,0,0,0,6,0,0,7,4,0,6,0,0,0:0.02/2:0.98,0,0,4,0,0,0,0,0,0,0,0,6,7
M1.GTTCTCGAGCTGGAAC-1,0,0,4,6,4,5,-1,-1,-1,9,7,0,0,0,11,0,0,6,0,0,7,4,0,6,0,0,2,0,0,4,0,0,0,0,0,0,0,0,6,7
M1.AGAATAGTCAGGCCCA-1,0,0,4,6,4,7,-1,-1,-1,9,7,0,0,0,0,0,0,6,0,0,7,4,0,6,0,0,2,0,0,4,4,0,2,0,8,0,0,0,6,7
clade_1,0,0,0,0,0,0,0,0,0,0,0,0,0,0,0,0,0,0,0,0,0,0,0,0,0,0,0,0,0,0,0,0,0,0,0,0,0,0,0,0
M2.TGGCGCATCAACACAC-1,-1,-1,-1,-1,-1,-1,0,3,2,8,6,7,0,5,3,0,0,0,0,0,-1,-1,-1,-1,-1,-1,4,3,3,0,0,0,0,5,2,4,0,4,3,0
clade_22,0,0,0,0,0,0,0,0,0,0,0,0,0,0,0,0,0,0,0,0:0.02/2:0.98,0,0,0,0,0,0,0,0,0,0,0,0,0,0,0,0,0,0,0,0
I10,0:0.49/6:0.51,0,0,0,0,0,0,0,0,0,0,0,0,0,0,0,0,0,0,2,0,0,0,0,0,0,0,0,0,0,0,0,0,0,0,0,0,0,0,0
RE.AGTGTCATCGGCTTGG-1,-1,-1,-1,0,0,0,0,0,0,5,0,0,0,0,0,0,0,0,0,2,0,0,0,4,0,0,0,0,0,0,0,0,0,0,0,0,0,2,0,0
clade_56,0:0.01/6:0.99,0,0,0,0,0,0:0.55/4:0.45,0,0,0,0,0,0,0,0,0,0,0,0,2,0,0,0:0.06/2:0.94,0,0,0,0,0,0,0,0,0,0,0,0,0,0,0,0,0:0.03/4:0.97
clade_57,6,0,0,0,0,0,0:0.03/4:0.97,0,0,0,0,0,0,0,0,0,0,0,0,2,0,0,2,0,0,0,0,0,0,0:0.16/-1:0.82/0:0.003/2:0.003/3:0.003/4:0.003/5:0.003/6:0.003/7:0.003,0:0.16/-1:0.82/0:0.005/2:0.005/3:0.005/4:0.005,0:0.16/-1:0.82/0:0.007/2:0.007/3:0.007,0,0,0,0,0,0,0,4
M2.CAGCTGGCATATGGTC-1,6,4,0,0,0,0,4,0,0,3,0,0,0,0,10,0,0,0,0,2,0,0,2,0,0,0,0,0,0,-1,-1,-1,0,0,0,0,0,5,0,4
clade_61,6,0,0,0,0,0,4,0,0,7,0,0,0,0,0,0,0,-1,-1,-1,0,3,2,-1,-1,-1,0,0,0,-1,-1,-1,0,0,0,0,0,3,0,4
M2.CTCGTACGTCTACCTC-1,6,0,0,0,0,0,4,0,0,7,0,0,0,0,0,0,0,-1,-1,-1,0,3,2,-1,-1,-1,0,0,0,-1,-1,-1,0,0,0,0,0,3,0,4
M2.TGTGGTAAGGTGTTAA-1,-1,-1,-1,0,0,0,4,0,0,7,0,0,0,0,0,0,0,-1,-1,-1,0,3,2,-1,-1,-1,0,0,0,-1,-1,-1,0,0,0,0,0,3,0,4
clade_58,6,6,0,8,0,0,-1,-1,-1,3,0,0,-1,-1,0,0,0,0,0,2,0,0,2,-1,-1,-1,0,0,0,0,0,0,0,0,0,0,8,0,0,4
LL.CGAATGTAGCAGACTG-1,6,6,0,8,0,0,-1,-1,-1,3,0,0,-1,-1,0,0,0,0,0,2,0,0,2,-1,-1,-1,0,0,0,7,0,0,0,0,0,0,8,0,0,4
LL.GTCGGGTCACTCTGTC-1,6,6,0,8,0,0,-1,-1,-1,3,0,0,-1,-1,0,0,0,0,0,2,0,0,2,-1,-1,-1,0,0,0,0,0,0,0,0,0,0,8,0,0,4
clade_27,0,0,0,0,0,0,0,0,0,0,0,0,0,0,0,0,0,0,0,2,0,0,0,0,0,0,0,0,0,0,0,0,0:0.01/2:0.99,0,0,0,0,0:0.02/-1:0.98,0:0.02/-1:0.98,0:0.02/-1:0.98
clade_32,0,0,0,0,0,0:0.02/2:0.98,0,0,0,0,0,0,0,0,0,0,0,0,0,2,0,0,0,0,0,0,0,0,0,0,0,0,2,0,0,0,0,-1,-1,-1
I11,0,0,0,0,0,2,0,0,0,0,0,0,0,0,0,0,0,0,0,2,0,0,0,0,0,0,0,0,2,0,0,0,2,0,0,0,0,-1,-1,-1
clade_40,0,0,0,0,0,2,0,0,0,0,0,0,0,0,0,0,0,0,0,2,0,0,0,0,0,0,0,0,2,0,0,0,2,0,0,0,0,-1,-1,-1
clade_36,0,0,0,0,0,2,0,0,0,0,0,0,0,0,0,0,0,0,0,2,0,0,0,0,0,0,0,0,2,0,0,0,2,0,0,0:0.9/-1:0.1,0:0.9/-1:0.1,-1,-1,-1
RE.GCTTGAATCTCTGAGA-1,0,3,0,0,0,2,0,0,0,0,0,5,0,0,4,2,0,0,0,2,5,0,0,3,3,2,2,0,2,-1,-1,-1,2,0,0,-1,-1,-1,-1,-1
RW.TCTCTAATCATGTGGT-1,2,0,0,2,0,2,0,0,0,0,0,2,2,0,2,0,0,2,0,2,2,0,0,2,0,0,0,0,2,0,0,0,2,0,0,-1,-1,-1,-1,-1
clade_33,0:0.95/5:0.05,0,0,0,0,2,0,0,0,0,0,0,0,0,0,0,0,0,0,2,0,0,0,0,0:0.98/2:0.02,0,0,0,2,0,0,0,2,0,0,0,0,-1,-1,-1
clade_45,0:0.03/5:0.97,0,0,0,0,2,0,0,0,0:0.03/6:0.97,0,0,0,0,0,0,0,0,0,2,0,0,0,0:0.16/-1:0.82/2:0.003/0:0.003/3:0.003/4:0.003/5:0.003/6:0.003/7:0.003,0:0.16/-1:0.82/2:0.02,0:0.16/-1:0.82/0:0.007/2:0.007/3:0.007,0,0,2,0,0,0,2,0,0:0.63/4:0.37,0,0,-1,-1,-1
M2.TTCCCAGAGTCTCAAC-1,5,0,0,0,0,2,0,0,0,6,0,0,0,0,8,0,0,0,0,2,0,0,0,-1,-1,-1,0,0,2,0,0,0,2,0,4,0,0,-1,-1,-1
M2.CTGCCTATCGGCGCAT-1,5,0,0,0,0,2,5,0,3,6,0,0,-1,-1,9,4,4,5,0,2,0,0,3,-1,-1,-1,0,0,2,0,3,2,-1,-1,-1,0,0,-1,-1,-1
RW.AGTGTCATCGTATCAG-1,-1,-1,-1,0,0,2,2,0,0,2,2,3,0,0,0,0,0,3,0,2,0,2,0,0,2,0,0,0,2,0,0,0,2,0,0,0,0,-1,-1,-1
clade_49,0,0,0,0:0.98/2:0.02,0,2,0,0,0,0:0.2/4:0.8,0,0,0,0,0,0,0,0,0,2,0,0,0,0,0,0:0.98/3:0.02,0,0,2,0,0:0.98/2:0.02,0,2,0,0,0,0,-1,-1,-1
M2.TTCTCCTCACCATCCT-1,0,0,0,-1,-1,-1,-1,-1,-1,4,0,0,0,4,7,0,3,4,3,2,0,0,0,-1,-1,-1,3,0,2,0,2,0,2,4,0,3,3,-1,-1,-1
clade_52,0,0,0,0:0.74/2:0.26,0,2,0,0,0,0:0.01/4:0.99,0:0.06/4:0.94,0:0.09/6:0.91,0,0,0:0.05/5:0.95,0,0,0,0:0.1/2:0.9,2,0:0.76/7:0.24,0,0,0,0,0:0.74/3:0.26,0,0,2,0:0.3/-1:0.68/0:0.003/2:0.003/3:0.003/4:0.003/5:0.003/6:0.003/7:0.003,0:0.29/-1:0.68/2:0.03,0:0.3/-1:0.68/0:0.007/2:0.007/3:0.007,2,0:0.76/3:0.24,0,0,0,-1,-1,-1
Liv.GACACGCCACATGACT-1,0,0,0,2,0,2,0,0,0,4,4,6,0,0,5,0,9,8,2,2,7,0,0,0,0,3,8,7,2,-1,-1,-1,-1,-1,-1,0,0,-1,-1,-1
RE.CAGCATACACAAGTAA-1,-1,-1,-1,-1,-1,-1,-1,-1,-1,4,4,6,0,0,5,0,0,0,2,2,-1,-1,-1,-1,-1,-1,0,0,2,-1,-1,-1,2,3,0,2,0,-1,-1,-1
clade_41,0:0.03/5:0.97,0,0,0,0,2,0,0,0,0:0.57/6:0.43,0,0,0,0,0,0,0,0:0.13/-1:0.86/2:0.001/0:0.001/3:0.001/4:0.001/5:0.001/6:0.001/7:0.001/8:0.001,0:0.13/-1:0.86/0:0.002/2:0.002/3:0.002/4:0.002/5:0.002/6:0.002,-1:0.86/2:0.14,0:0.02/8:0.98,0,0,0,0,0,0,0,0,0:0.13/-1:0.86/0:0.001/2:0.001/3:0.001/4:0.001/5:0.001/6:0.001/7:0.001,0:0.13/-1:0.86/0:0.003/2:0.003/3:0.003/4:0.003,0:0.13/-1:0.86/0:0.003/2:0.003/3:0.003,2,0,0,0,0:0.57/5:0.43,-1,-1,-1
M1.GTACTTTAGGTGTTAA-1,5,0,0,0,0,2,0,4,0,6,0,0,0,0,3,0,5,-1,-1,-1,8,0,0,0,0,0,0,0,2,-1,-1,-1,2,0,0,-1,-1,-1,-1,-1
M1.TTTGGTTAGCGTTCCG-1,5,0,0,0,0,2,3,0,0,-1,-1,-1,0,0,0,0,0,-1,-1,-1,8,0,0,-1,-1,-1,0,4,4,-1,-1,-1,2,0,0,0,5,-1,-1,-1
clade_28,0,0,0,0,0,0,0,0,0,0,0,0,0,0,0,0,0,0,0,2,0,0,0,0:0.09/-1:0.9/2:0.001/0:0.001/3:0.001/4:0.001/5:0.001/6:0.001/7:0.001,0:0.09/-1:0.9/0:0.003/2:0.003/3:0.003/4:0.003,0:0.09/-1:0.9/0:0.003/2:0.003/3:0.003,0,0,0,0,0,0,2,0,0,0,0,-1,-1,-1
RW.CTAAGACTCTTGAGGT-1,0,0,0,0,0,0,0,0,0,0,0,0,0,0,0,0,0,0,0,2,0,0,0,-1,-1,-1,0,2,0,0,0,0,2,0,0,0,0,-1,-1,-1
M2.AGAGCTTGTGAACCTT-1,0,0,0,0,0,0,0,0,0,10,8,0,0,0,-1,-1,-1,-1,-1,-1,7,0,0,-1,-1,-1,0,0,0,0,0,0,2,5,0,0,0,-1,-1,-1
I12,0,0,0,0,0,0,0,0,0,0,0,0,0,0,0,0,0,0,0,0,0,0,0,0,0,0,0,0,0,0,0,0,0,0,0,0,0,0,0,0
clade_93,0,0,0,0,0,0,0,0,0,0:0.91/3:0.09,0,0:0.91/4:0.09,0,0,0,0,0,0,0:0.96/5:0.04,0,0,0,0,0:0.97/7:0.03,0:0.97/4:0.03,0,0:0.69/-1:0.3/0:0.001/2:0.001/3:0.001/4:0.001/5:0.001/6:0.001/7:0.001/8:0.001,0:0.69/-1:0.3/0:0.001/2:0.001/3:0.001/4:0.001/5:0.001/6:0.001/7:0.001,0:0.69/-1:0.3/2:0.002/0:0.002/3:0.002/4:0.002/5:0.002/6:0.002,0,0,0,0,0,0,0,0,0,0,0
clade_97,0,0,0,0,0,0,0:0.01/3:0.99,0:0.02/2:0.98,0,0:0.01/3:0.99,0,0:0.01/4:0.99,0:0.02/3:0.98,0,0,0,0,0:0.05/-1:0.94/2:0.001/0:0.001/3:0.001/4:0.001/5:0.001/6:0.001/7:0.001/8:0.001,0:0.05/-1:0.94/5:0.01,0:0.05/-1:0.94/2:0.003/0:0.003/3:0.003/4:0.003,0,0,0,0:0.64/7:0.36,0:0.64/4:0.36,0,0:0.04/-1:0.96,0:0.04/-1:0.96,0:0.04/-1:0.96,0,0,0,0,0,0,0,0,0,0,0
M1.GTCCTCAGTTACCGAT-1,7,5,5,-1,-1,-1,3,2,0,3,10,4,3,0,3,0,6,-1,-1,-1,3,0,0,7,4,0,-1,-1,-1,0,0,0,0,0,0,0,0,0,7,0
clade_103,0,0,0,0,0,0,3,2,0,3,0,4,3,0,0,0,0,-1,-1,-1,0,0,0,0:0.03/-1:0.95/7:0.02,0:0.03/-1:0.95/4:0.02,0:0.04/-1:0.95/0:0.003/2:0.003/3:0.003,-1,-1,-1,0,0,0,0,0,0,0,0,0,0,0
clade_98,0,0,0,0,0,0,3,2,0,3,0,4,3,0,0,0,0,-1,-1,-1,0,0,0,0:0.02/-1:0.97/7:0.01,0:0.02/-1:0.97/4:0.01,0:0.03/-1:0.97,-1,-1,-1,0,0,0,0,0,0,0,0,0,0,0
M1.CCTTCCCCAATAGAGT-1,9,0,0,0,0,0,3,2,0,3,0,4,3,0,0,0,0,-1,-1,-1,0,0,0,-1,-1,-1,-1,-1,-1,0,0,0,0,9,0,-1,-1,7,10,9
clade_105,0,0,0,0,0,0,3,2,0,3,0,4,3,0:0.04/2:0.96,0:0.02/3:0.98,0,0,-1,-1,-1,0:0.02/3:0.98,0,0,-1,-1,-1,-1,-1,-1,0,0,0,0,0,0,0,0,0,0,0
RE.TGGGAAGAGTGGGTTG-1,0,0,0,0,0,0,3,2,0,3,0,4,3,2,3,0,0,-1,-1,-1,3,0,0,-1,-1,-1,-1,-1,-1,2,0,0,0,0,2,0,0,0,0,2
Liv.AACCGCGTCAGCTCGG-1,0,0,0,7,8,0,3,2,7,3,5,4,3,2,3,0,0,-1,-1,-1,3,0,0,-1,-1,-1,-1,-1,-1,6,0,0,0,0,0,0,0,8,2,3
clade_100,3,2,0,-1,-1,-1,3,2,0,3,0,4,3,0,0,0,0,-1,-1,-1,0,0,0,-1,-1,-1,-1,-1,-1,-1,-1,-1,3,2,3,0,2,-1,-1,-1
RE.CGAACATCACCGAATT-1,3,2,0,-1,-1,-1,3,2,0,3,3,4,3,0,0,0,0,-1,-1,-1,0,0,0,-1,-1,-1,-1,-1,-1,-1,-1,-1,3,2,3,0,2,-1,-1,-1
RE.GTCACGGCAAGTTAAG-1,3,2,0,-1,-1,-1,3,2,0,3,0,4,3,0,0,0,0,-1,-1,-1,4,0,0,-1,-1,-1,-1,-1,-1,-1,-1,-1,3,2,3,0,2,-1,-1,-1
clade_65,8,0,0,-1,-1,-1,0,5,6,-1,-1,-1,0,0:0.05/4:0.95,0,0,0,0,5,0,9,5,0,-1,-1,-1,-1,-1,-1,0,3,3,5,0,0,0,0,0,0,0
M1.CTCGAGGCATACCATG-1,8,0,0,-1,-1,-1,0,5,6,-1,-1,-1,-1,-1,0,0,0,0,5,0,9,5,0,-1,-1,-1,-1,-1,-1,0,3,3,5,0,0,0,0,0,0,0
M1.GCAATCATCCTTCAAT-1,8,0,0,-1,-1,-1,0,5,6,-1,-1,-1,0,4,0,0,0,0,5,0,9,5,0,-1,-1,-1,-1,-1,-1,0,3,3,5,0,0,0,0,0,0,0
I13,0,0,0,0,0,0,0,0,0,0,0,0,0,0,0,0,0,0,0,0,0,0,0,0,0,0,0,0,0,0,0,0,0,0,0,0,0,0,0,0
clade_109,0,0,0:0.02/3:0.98,0,0,0,0:0.02/6:0.98,0,0,0,0,0,0:0.02/4:0.98,0,0,0,0,0,0,0:0.03/4:0.97,0,0,0,0,0,0,0:0.01/5:0.99,0,0,0:0.01/5:0.99,0,0,0,0,0,0,0,0,0,0
clade_118,0,0,3,0,0,0,6,0,0,0:0.1/-1:0.9,0:0.1/-1:0.9,0:0.1/-1:0.9,4,0,0,0,0,0,0,4,0,0,0,0,0,0,5,0,0,5,0,0,0,0,0,0,0,0,0,0
M1.TGAGGGAAGTACATGA-1,0,0,3,5,0,3,6,0,0,-1,-1,-1,4,0,0,0,5,0,0,4,7,0,0,0,0,0,5,0,0,5,0,0,-1,-1,-1,0,0,0,0,0
clade_112,0,0,3,0,0,0,6,0,0,0:0.01/-1:0.99,0:0.01/-1:0.99,0:0.01/-1:0.99,4,0,0,0,0,0,0,4,0,0,0,0:0.06/-1:0.94,0:0.06/-1:0.94,0:0.06/-1:0.94,5,0,0,5,0,0,0,0,0,0,0,0,0,0
clade_121,0,0,3,0,0:0.06/5:0.94,0,6,0,0,-1,-1,-1,4,0,0,0,0,0,0,4,0,0,0,0:0.02/-1:0.98,0:0.02/-1:0.98,0:0.02/-1:0.98,5,0,0,5,0,0,0,0,0,0,0,0,0,0
M1.CGCGGTAAGTTGTAGA-1,0,0,3,0,5,0,6,0,0,-1,-1,-1,4,0,12,0,0,0,6,4,0,0,0,-1,-1,-1,5,0,5,5,0,0,4,8,0,0,6,3,0,0
M1.CTACACCAGGTGATAT-1,0,0,3,0,5,0,6,0,0,-1,-1,-1,4,0,0,5,0,0,0,4,0,0,0,-1,-1,-1,5,0,0,5,3,0,0,0,0,0,0,0,9,6
clade_114,0,0,3,0,0,3,6,0,0,-1,-1,-1,4,0,13,0,5,-1,-1,-1,10,0,0,-1,-1,-1,5,0,6,5,0,0,0,0,2,0,0,0,0,0
M1.CACACTCGTGCTAGCC-1,0,0,3,0,6,3,6,0,0,-1,-1,-1,4,0,13,0,5,-1,-1,-1,10,0,0,-1,-1,-1,5,0,6,5,0,0,0,0,2,0,0,0,0,0
M1.CCTCAGTTCCTGCAGG-1,0,0,3,5,0,3,6,0,0,-1,-1,-1,4,0,13,0,5,-1,-1,-1,10,0,0,-1,-1,-1,5,0,6,5,0,0,0,0,2,0,0,0,0,0
clade_123,0,0,3,0:0.02/-1:0.98,0:0.02/-1:0.98,0:0.02/-1:0.98,6,0,0:0.01/5:0.99,0,0,0,4,0,0,0,0,0,0,4,0,0,0,0:0.02/-1:0.98,0:0.02/-1:0.98,0:0.02/-1:0.98,5,0,0,5,0:0.01/3:0.99,0,0,0,0,0,0,0,8,8
M1.ATTCTACGTGGTTTCA-1,-1,-1,-1,-1,-1,-1,6,0,5,0,0,0,4,0,0,0,8,3,0,4,-1,-1,-1,-1,-1,-1,5,6,0,5,3,0,0,0,0,0,0,0,8,8
clade_124,0,0,3,-1,-1,-1,6,0,5,0,0,0,4,0,0,0,0,0,0,4,0,0,0,-1,-1,-1,5,0,0,5,3,0,0,0,0:0.01/5:0.99,0,0,0,8,8
M1.GTAGTCAGTGTTTGGT-1,0,0,3,-1,-1,-1,6,0,5,0,0,0,4,0,-1,-1,-1,7,0,4,0,0,0,-1,-1,-1,5,0,0,5,3,0,0,0,5,0,0,0,8,8
M1.GGTGTTAGTGATGATA-1,0,0,3,-1,-1,-1,6,0,5,0,0,0,4,0,0,0,0,3,0,4,0,0,0,-1,-1,-1,5,0,0,5,3,0,0,0,5,0,0,0,8,8
M2.ACGATACCATTGAGCT-1,0,0,2,4,0,0,0,0,0,3,0,0,0,0,-1,-1,-1,0,0,0,0,0,0,-1,-1,-1,0,0,0,0,0,0,0,0,0,0,4,0,4,5
