(((((LL.CTACCCAGTGGTTTCA-1:6.488,LL.CTTACCGTCTTTCCTC-1:6.488)clade_10:4.598,LL.GTAGGCCAGGCCCGTT-1:6.011)I7:0.018,(LL.ACCGTAAAGGCTAGAC-1:8.543,LL.AACTCTTAGAGTGAGA-1:13.543)clade_5:2.568)clade_2:2.971,(((((LL.GATCGATGTGCAACGA-1:7.003,((LL.TCTTTCCTCCAACCAA-1:0,LL.TCTCATATCCTCCTAG-1:0)I6:0.191,LL.CGTCCATAGCCACCTG-1:8.191)I5:1.694)clade_17:0.159,LL.CACATAGGTGACTACT-1:2.045)clade_16:4.551,LL.TCTATTGGTAGGGTAC-1:10.596)clade_22:3.448,((LL.AAGACCTGTATTCTCT-1:1.001,LL.CCTAAAGTCCACGAAT-1:1.001)I4:0.003,LL.CCACTACCAGCTGCAC-1:2.004)clade_25:14.004)clade_15:0.056,((((LL.GTCACAAAGAGGACGG-1:2.007,LL.CCTTTCTTCCCACTTG-1:4.007)I3:0.003,((LL.AACTCAGAGGAGTAGA-1:0,LL.CTGCCTATCAACTCTT-1:0)clade_56:3.135,LL.TAGAGCTCATATACCG-1:2.65)clade_55:3.363)clade_54:3.845,(((LL.AGCGGTCAGTGCAAGC-1:9.436,LL.CCTACACTCGCATGGC-1:3.715)clade_46:1.755,LL.GTCTTCGTCAAGAAGT-1:1.225)I2:3.013,LL.CGACTTCGTCCTCTTG-1:1.248)clade_45:5.473)clade_44:3.729,(((((LL.TTTGTCAAGACTTTCG-1:0,LL.GGGAGATAGCGCCTTG-1:0)I1:0.001,LL.CGGACACTCTTCGGTC-1:1.001)clade_35:0.041,(LL.ACGGCCAGTTGGTTTG-1:1.025,LL.GGAAAGCTCTATCGCC-1:1.025)clade_36:3.018)clade_39:3.1,LL.ACTGATGCAAGTACCT-1:3.144)clade_34:1.946,LL.ACACCAATCTTGTCAT-1:3.09)clade_33:10.995)clade_30:2.098)clade_14:2.976)root:0)I0;
I0,0,0,0,0,0,0,0,0,0,0,0,0,0,0,0,0,0,0,0,0,0,0,0,0,0,0,0,0
root,0,0,0,0,0,0,0,0,0,0,0,0,0,0,0,0,0,0,0,0,0,0,0,0,0,0,0,0
clade_14,0,0,0,0,0,0,0,0,0,0,0,0,0,0,0,0,0,0:0.02/2:0.98,0:0.01/2:0.99,2,0,0,0,0,0,0,0,0
clade_30,0,0,0,0,0,0,0,0,0,0,0,0,0,0:0.86/2:0.14,0,0,0,2,2,2,0,0,0,0,0:0.85/3:0.15,0,0:0.12/3:0.88,0:0.1/3:0.9
clade_33,0,0:0.01/2:0.99,0:0.01/2:0.99,0,0:0.01/2:0.99,0:0.01/2:0.99,0:0.01/2:0.99,0,0,0,0,0:0.01/2:0.99,0:0.01/2:0.99,0:0.01/2:0.99,0:0.01/2:0.99,0,0,2,2,2,0,0,0,0:0.01/-1:0.98/2:0.005/0:0.005,0:0.01/-1:0.98/3:0.01,0,3,3
LL.ACACCAATCTTGTCAT-1,0,2,2,0,2,2,2,4,0,5,0,2,2,2,2,5,0,2,2,2,0,0,0,-1,-1,0,3,3
clade_34,0,2,2,0,2,2,2,0,0,0,0,2,2,2,2,0,0:0.08/2:0.92,2,2,2,0,0,0:0.05/2:0.95,-1,-1,0,3,3
LL.ACTGATGCAAGTACCT-1,0,2,2,0,2,2,2,-1,-1,-1,0,2,2,2,2,0,2,2,2,2,0,0,2,-1,-1,0,3,3
clade_39,0,2,2,0,2,2,2,0,0,0,0,2,2,2,2,0,2,2,2,2,0,0,2,-1,-1,0:0.01/-1:0.99,-1:0.99/3:0.01,-1:0.99/3:0.01
clade_36,0,2,2,0,2,2,2,0:0.01/-1:0.99,0:0.01/-1:0.99,0:0.01/-1:0.99,0,2,2,2,2,0,2,2,2,2,0,0,2,-1,-1,-1,-1,-1
LL.GGAAAGCTCTATCGCC-1,0,2,2,0,2,2,2,-1,-1,-1,4,2,2,2,2,0,2,2,2,2,0,0,2,-1,-1,-1,-1,-1
LL.ACGGCCAGTTGGTTTG-1,0,2,2,0,2,2,2,-1,-1,-1,0,2,2,2,2,0,2,2,2,2,6,0,2,-1,-1,-1,-1,-1
clade_35,0,2,2,0,2,2,2,0,0,0,0,2,2,2,2,0,2,2,2,2,0,0,2,-1,-1,-1,-1,-1
LL.CGGACACTCTTCGGTC-1,0,2,2,0,2,2,2,3,0,0,0,2,2,2,2,0,2,2,2,2,0,0,2,-1,-1,-1,-1,-1
I1,0,2,2,0,2,2,2,0,0,0,0,2,2,2,2,0,2,2,2,2,0,0,2,-1,-1,-1,-1,-1
LL.GGGAGATAGCGCCTTG-1,0,2,2,0,2,2,2,0,0,0,0,2,2,2,2,0,2,2,2,2,0,0,2,-1,-1,-1,-1,-1
LL.TTTGTCAAGACTTTCG-1,0,2,2,0,2,2,2,0,0,0,0,2,2,2,2,0,2,2,2,2,0,0,2,-1,-1,-1,-1,-1
clade_44,0,0,0,0,0,0,0,0:0.06/3:0.94,0,0,0:0.64/2:0.36,0,0,0:0.08/-1:0.9/2:0.02,0:0.04/4:0.96,0,0,2,2,2,0,0,0,0,0:0.49/3:0.51,0,0:0.01/3:0.99,0:0.01/3:0.99
clade_45,0,0,0,0:0.03/2:0.97,0,0,0,3,0,0,0:0.02/-1:0.96/2:0.02,0:0.04/-1:0.96,0:0.04/-1:0.96,-1,4,0,0,2,2,2,0:0.01/2:0.99,0,0,0,0:0.06/3:0.94,0,0:0.01/3:0.99,0:0.01/3:0.99
LL.CGACTTCGTCCTCTTG-1,0,0,0,2,0,0,3,3,0,0,-1,-1,-1,-1,4,0,0,2,2,2,2,0,0,0,3,0,3,3
I2,0,0,0,2,0,0,0,3,0,0,-1,-1,-1,-1,4,0,0,2,2,2,2,0,0,0,0:0.04/3:0.96,0:0.05/-1:0.94/2:0.003/3:0.003/0:0.003/4:0.003,-1:0.94/3:0.06,-1:0.94/3:0.06
LL.GTCTTCGTCAAGAAGT-1,0,0,4,2,0,0,0,3,0,0,-1,-1,-1,-1,4,0,0,2,2,2,2,0,0,0,3,-1,-1,-1
clade_46,0,0,0,2,0,0,0,3,0:0.86/4:0.14,0:0.86/3:0.14,-1,-1,-1,-1,4,0,0,2,2,2,2,0,0,0:0.32/-1:0.67/2:0.005/0:0.005,0:0.01/-1:0.67/3:0.32,0:0.02/-1:0.98,-1:0.98/3:0.02,-1:0.98/3:0.02
LL.CCTACACTCGCATGGC-1,0,0,0,2,0,0,0,-1,-1,-1,-1,-1,-1,-1,4,0,0,2,2,2,2,0,0,-1,-1,-1,-1,-1
LL.AGCGGTCAGTGCAAGC-1,0,6,0,2,-1,-1,-1,3,4,3,-1,-1,-1,-1,-1,-1,-1,2,2,2,2,0,0,-1,-1,-1,-1,-1
clade_54,0,0,0,0,0,3,0,3,0,0,2,0,0,-1,4,0,0,2,2,2,0,0,0,-1,-1,0,3,3
clade_55,0,0,0,0,0,3,0,3,0,0,2,0,0:0.51/3:0.49,-1,4,0,0,2,2,2,0,0,0,-1,-1,0:0.04/-1:0.95/2:0.003/3:0.003/0:0.003/4:0.003,-1:0.95/3:0.05,-1:0.95/3:0.05
LL.TAGAGCTCATATACCG-1,0,0,0,0,0,3,0,3,0,0,2,0,3,-1,4,4,3,2,2,2,0,0,0,-1,-1,-1,-1,-1
clade_56,0,0,0,0,0,3,0,3,0,0,-1,-1,-1,-1,4,0,0,2,2,2,0,0,0,-1,-1,-1,-1,-1
LL.CTGCCTATCAACTCTT-1,0,0,0,0,0,3,0,3,0,0,-1,-1,-1,-1,4,0,0,2,2,2,0,0,0,-1,-1,-1,-1,-1
LL.AACTCAGAGGAGTAGA-1,0,0,0,0,0,3,0,3,0,0,-1,-1,-1,-1,4,0,0,2,2,2,0,0,0,-1,-1,-1,-1,-1
I3,0,0,0,0,0,3,0,3,0,0,2,0,0,-1,4,0,0,2,2,2,0,0,0,-1,-1,0,3,3
LL.CCTTTCTTCCCACTTG-1,0,5,0,0,0,3,0,3,3,0,2,0,0,-1,4,0,0,2,2,2,5,5,0,-1,-1,0,3,3
LL.GTCACAAAGAGGACGG-1,0,0,0,0,0,3,0,3,0,0,2,0,0,-1,4,0,0,2,2,2,3,3,0,-1,-1,0,3,3
clade_15,0,0,0:0.96/3:0.04,0,0,0,0,0,0,0,0:0.99/6:0.01,0,0,0,0,0,0,0:0.01/2:0.99,2,2,0,0,0,0,0,0,0,0
clade_25,0,-1,-1,-1,3,0,0,-1,-1,-1,6,0,0,3,6,3,0,2,2,2,-1,-1,-1,0,0,0,0,0
LL.CCACTACCAGCTGCAC-1,0,-1,-1,-1,3,0,0,-1,-1,-1,6,4,0,3,6,3,0,2,2,2,-1,-1,-1,0,0,0,0,4
I4,0,-1,-1,-1,3,0,0,-1,-1,-1,6,0,0,3,6,3,0,2,2,2,-1,-1,-1,0,0,0,0,0
LL.CCTAAAGTCCACGAAT-1,0,-1,-1,-1,3,0,0,-1,-1,-1,6,0,0,3,6,3,0,2,2,2,-1,-1,-1,0,0,0,4,0
LL.AAGACCTGTATTCTCT-1,0,-1,-1,-1,3,0,0,-1,-1,-1,6,0,4,3,6,3,0,2,2,2,-1,-1,-1,0,0,0,0,0
clade_22,0,0,0:0.06/3:0.94,0,0,0,0,0,0,0,0:0.15/-1:0.82/6:0.03,0:0.16/-1:0.82/2:0.005/0:0.005/3:0.005/4:0.005,0:0.16/-1:0.82/2:0.004/3:0.004/0:0.004/4:0.004/5:0.004,0,0,0,0,2,2,2,0,0,0,0,0,0,0,0
LL.TCTATTGGTAGGGTAC-1,0,3,3,0,3,0,0,2,0,0,-1,-1,-1,3,0,3,0,2,2,2,0,2,3,0,0,3,2,2
clade_16,0,0,3,0,0,0,0,0,0,0,-1,-1,-1,0,3,2,0,2,2,2,0,0,0,0:0.04/2:0.96,0,2,0,0
LL.CACATAGGTGACTACT-1,0,0,3,0,0,5,0,0,0,0,-1,-1,-1,0,3,2,0,2,2,2,0,0,0,2,0,2,0,6
clade_17,0,0,3,0,0:0.92/3:0.08,0,0,0,0,0,-1,-1,-1,0,3,2,0,2,2,2,0,0,0,0:0.03/2:0.97,0:0.93/2:0.07,2,0,0
I5,0,0,3,0,0:0.06/3:0.94,0,0,0,0,0,-1,-1,-1,0,3,2,0,2,2,2,0,0,0,0:0.01/2:0.99,0:0.12/2:0.88,2,0,0
LL.CGTCCATAGCCACCTG-1,0,-1,-1,-1,3,4,0,-1,-1,-1,-1,-1,-1,0,3,2,0,2,2,2,0,0,0,2,2,2,0,5
I6,0,0,3,0,3,0,0,0,0,0,-1,-1,-1,0,3,2,0,2,2,2,0,0,0,2,2,2,0,0
LL.TCTCATATCCTCCTAG-1,0,0,3,0,3,0,0,0,0,0,-1,-1,-1,0,3,2,0,2,2,2,0,0,0,2,2,2,0,0
LL.TCTTTCCTCCAACCAA-1,0,0,3,0,3,0,0,0,0,0,-1,-1,-1,0,3,2,0,2,2,2,0,0,0,2,2,2,0,0
LL.GATCGATGTGCAACGA-1,-1,0,3,0,-1,-1,-1,0,0,0,-1,-1,-1,0,3,2,0,2,2,2,0,0,0,-1,-1,2,0,4
clade_2,0:0.01/2:0.99,0,0,3,0,0,0,0,0,0,0,0,0,0,0,0,0,0:0.01/3:0.99,0,0,0,0,0,0,0,0,0,0
clade_5,0:0.01/2:0.99,0:0.2/6:0.8,0,3,0,0,0,0,0,0,0,0,0,0,0:0.41/-1:0.56/2:0.005/3:0.005/0:0.005/4:0.005/5:0.005/6:0.005,0:0.41/-1:0.56/0:0.006/2:0.006/3:0.006/4:0.006/5:0.006,0:0.41/-1:0.56/2:0.01/0:0.01/3:0.01,0:0.01/3:0.99,0,0,0,0,0,0,0,0,0,0
LL.AACTCTTAGAGTGAGA-1,2,6,0,3,6,0,5,3,0,6,6,0,3,4,-1,-1,-1,3,3,5,0,0,0,-1,-1,0,5,0
LL.ACCGTAAAGGCTAGAC-1,2,6,6,3,5,6,4,0,0,4,0,0,0,0,-1,-1,-1,3,0,4,0,0,5,0,0,0,0,0
I7,0:0.01/2:0.99,0,0,3,0:0.99/4:0.01,0,0,0,0,0,0,0,0,0,0,0,0,0:0.01/3:0.99,0,0,0,0,0,0,0,0,0,0
LL.GTAGGCCAGGCCCGTT-1,2,0,0,3,4,0,0,0,2,0,3,0,4,0,0,0,0,3,0,0,0,4,4,0,0,0,0,0
clade_10,2,0,0,3,0:0.11/-1:0.87/4:0.02,0:0.11/-1:0.87/2:0.003/0:0.003/3:0.003/4:0.003/5:0.003/6:0.003,0:0.11/-1:0.87/2:0.004/0:0.004/3:0.004/4:0.004/5:0.004,0,0,0,0,0,0,0,0:0.05/5:0.95,0,0,3,0,0,0,0,0,0,0,0,0,0:0.05/4:0.95
LL.CTTACCGTCTTTCCTC-1,2,0,0,3,-1,-1,-1,0,0,2,0,0,0,0,5,0,0,3,0,3,4,4,0,-1,-1,0,0,4
LL.CTACCCAGTGGTTTCA-1,2,4,5,3,-1,-1,-1,0,0,0,5,3,5,0,5,0,0,3,0,0,0,0,0,0,0,4,0,4
