((((((M1.GAAACTCTCTTAGAGC-1:2.059,M1.GTCACAATCACCATAG-1:3.059)clade_38:6.424,M1.CTCGTCAAGAACTGTA-1:11.459)clade_37:1.687,((((M2.CGAACATCACTAGTAC-1:5.054,M2.TGCCAAAAGAGACTTA-1:0.781)clade_48:1.219,(((M2.TACAGTGCAGCCAGAA-1:0,M2.GATCTAGGTAATCGTC-1:1)I10:0,M2.ACGAGGAAGACCTTTG-1:1)I9:0,M2.TACGGTAAGATAGGAG-1:3)I8:0)I7:0,M2.CTTAACTCATCGGACC-1:7)I6:0.012,M2.GAATAAGTCGGAGGTA-1:4.002)clade_45:7.156)clade_36:13.941,((((((M1.CTAAGACTCCTACAGA-1:17.087,LL.GCTCCTAGTGTCCTCT-1:17.087)clade_62:0.121,M2.TTCTCCTCAGCTCGAC-1:18.207)clade_35:0.047,M1.GTCCTCAGTCACCCAG-1:21.238)clade_81:3.796,M1.GATGAAATCATCGATG-1:20.012)clade_61:0.001,(LL.CCGTGGAAGAGAGCTC-1:19.156,(((((((M1.CAAGAAATCGTTTGCC-1:3.988,(M1.CTAGTGATCATCGCTC-1:1.047,M1.ACAGCCGTCGGTTCGG-1:2.047)clade_22:2.963)clade_18:0.018,M1.AACCATGGTCGAACAG-1:6.006)clade_17:2.016,(((M1.CAGAATCGTTACAGAA-1:0,M1.AGCTCTCTCTTGTATC-1:2)I5:0.036,M1.CAGGTGCAGCTAACAA-1:6.034)clade_10:2.127,((M1.AACGTTGTCATAACCG-1:1.001,M1.TGAGAGGTCACATGCA-1:0.001)I4:0.004,M1.TTCTACACAACTGCGC-1:3.004)clade_14:7.153)clade_9:0.858)clade_8:8.264,M1.CAACCTCTCTTCATGT-1:15.285)clade_27:3.062,M2.GGATTACAGTGAACAT-1:15.39)clade_2:1.185,(M1.GGTGTTACAGTATGCT-1:2.276,M1.TCAGGTATCACCTTAT-1:11.333)clade_3:9.969)clade_1:2.727,((M1.CTTCTCTGTAGCTTGT-1:0.003,M1.TTGGAACGTGGCTCCA-1:1.003)clade_75:8.396,RW.ATTGGACAGGAGTTTA-1:3.743)clade_74:12.545)clade_67:1.553)clade_70:2.157)I3:0.036,RW.CCGGTAGAGCCAGTAG-1:20)I2:0.036)I1:0.914,((M1.CTGATCCAGACTGTAA-1:9.928,M2.TCTCTAAGTAGCTGCC-1:12.913)clade_88:12.297,((M2.GACGTGCTCTTCAACT-1:11.951,M2.TGAGAGGGTATAAACG-1:13.345)clade_94:8.537,RW.CGTGTCTCATTCCTCG-1:16.46)clade_93:0.599)clade_86:1.941)root:0)I0;
I0,0,0,0,0,0,0,0,0,0,0,0,0,0,0,0,0,0,0,0,0,0,0,0,0,0,0,0,0,0,0
root,0,0,0,0,0,0,0,0,0,0,0,0,0,0,0,0,0,0,0,0,0,0,0,0,0,0,0,0,0,0
clade_86,0,0,0,0,0,0,0,0,0,0,0,0,0,0,0,0,0,0,0:0.04/2:0.96,0:0.02/2:0.98,0,0,0,0,0,0,0,0,0,0
clade_93,0,0,0,0,0,0,0,0,0,0,0,0,0,0,0:0.47/2:0.53,0,0,0,0:0.02/2:0.98,0:0.01/2:0.99,0,0,0,0,0:0.96/2:0.04,0,0,0,0,0
RW.CGTGTCTCATTCCTCG-1,2,0,0,0,2,0,2,0,0,2,0,2,2,0,2,2,2,2,2,2,2,2,2,0,2,0,0,2,2,2
clade_94,0,0,0,0,0,0:0.61/3:0.39,0,0:0.61/5:0.39,0:0.61/5:0.39,0:0.07/5:0.93,0,0,0,0,0:0.04/2:0.96,0:0.09/4:0.91,0:0.07/6:0.93,0:0.07/5:0.93,2,2,0,0,0,0,0:0.19/-1:0.74/2:0.07,0:0.2/-1:0.74/0:0.007/2:0.007/3:0.007/4:0.007/5:0.007/6:0.007/7:0.007/8:0.007,0:0.2/-1:0.74/0:0.009/2:0.009/3:0.009/4:0.009/5:0.009/6:0.009/7:0.009,0,0:0.61/6:0.39,0:0.61/3:0.39
M2.TGAGAGGGTATAAACG-1,0,4,4,-1,-1,-1,-1,-1,-1,5,0,0,0,2,2,4,6,5,2,2,0,6,6,0,-1,-1,-1,0,6,3
M2.GACGTGCTCTTCAACT-1,2,0,0,0,0,3,0,5,5,5,0,0,5,0,2,4,6,5,2,2,3,8,7,4,-1,-1,-1,-1,-1,-1
clade_88,0,0:0.51/6:0.49,0:0.51/6:0.49,0,0:0.51/7:0.49,0:0.51/9:0.49,0:0.05/5:0.95,0:0.05/3:0.95,0:0.05/4:0.95,0:0.12/-1:0.82/2:0.005/0:0.005/3:0.005/4:0.005/5:0.005/6:0.005/7:0.005/8:0.005/9:0.005/10:0.005/11:0.005,0:0.12/-1:0.82/0:0.005/2:0.005/3:0.005/4:0.005/5:0.005/6:0.005/7:0.005/8:0.005/9:0.005/10:0.005/11:0.005,0:0.12/-1:0.82/2:0.03/0:0.03,0,0:0.06/3:0.94,0:0.06/5:0.94,0:0.51/5:0.49,0:0.51/7:0.49,0,2,2,0,0:0.04/4:0.96,0,0,0:0.06/5:0.94,0,0,0,0,0
M2.TCTCTAAGTAGCTGCC-1,-1,-1,-1,-1,-1,-1,5,3,4,-1,-1,-1,4,3,5,5,7,0,2,2,0,4,0,0,5,0,4,5,7,4
M1.CTGATCCAGACTGTAA-1,0,6,6,0,7,9,5,3,4,-1,-1,-1,7,3,5,-1,-1,-1,2,2,0,4,0,0,5,4,6,9,0,0
I1,0,0,0,0,0,0,0,0,0,0,0,0:0.09/2:0.91,0,0,0,0,0,0,0,0,0,0,0,0,0,0,0,0,0,0
I2,0,0,0,0,0,0,0,0,0,0,0,0:0.05/2:0.95,0,0,0,0,0,0,0,0,0,0,0,0,0,0,0,0,0,0
RW.CCGGTAGAGCCAGTAG-1,-1,-1,-1,2,3,0,3,0,2,-1,-1,-1,-1,-1,-1,0,3,0,0,3,3,3,3,0,0,0,0,3,3,0
I3,0,0,0,0,0,0,0,0,0,0,0,0:0.01/2:0.99,0,0,0,0,0,0,0,0,0,0,0,0,0,0,0,0,0,0
clade_70,0,0:0.08/2:0.92,0:0.08/2:0.92,0,0,0:0.7/2:0.3,0,0,0,0,0,2,0,0,0,0,0,0,0,0,0,0,0,0,0,0,0,0,0,0
clade_67,0,0:0.01/2:0.99,0:0.01/2:0.99,0,0,0:0.5/2:0.5,0,0,0,0,0,2,0:0.15/3:0.85,0,0,0,0,0,0,0,0,0,0,0,0,0,0,0,0:0.63/8:0.37,0
clade_74,0:0.02/3:0.98,2,2,0:0.03/-1:0.95/0:0.003/2:0.003/3:0.003/4:0.003/5:0.003/6:0.003/7:0.003/8:0.003,0:0.03/-1:0.95/2:0.003/3:0.003/4:0.003/0:0.003/5:0.003/6:0.003/7:0.003,0:0.01/-1:0.95/2:0.04,0,0,0,0,0,2,0:0.05/3:0.95,0,0:0.3/3:0.7,0,0:0.01/4:0.99,0:0.01/3:0.99,0,0,0,0,0:0.02/4:0.98,0:0.02/2:0.98,0:0.02/3:0.98,0,0,0:0.03/-1:0.95/2:0.002/3:0.002/4:0.002/0:0.002/5:0.002/6:0.002/7:0.002/8:0.002/9:0.002,0:0.02/-1:0.95/8:0.03,0:0.03/-1:0.95/2:0.002/0:0.002/3:0.002/4:0.002/5:0.002/6:0.002/7:0.002/8:0.002/9:0.002/10:0.002/11:0.002/12:0.002
RW.ATTGGACAGGAGTTTA-1,3,2,2,-1,-1,-1,0,0,0,0,0,2,3,0,3,3,4,3,0,0,0,4,4,2,3,0,2,-1,-1,-1
clade_75,3,2,2,-1,-1,-1,0,0,2,6,0,2,-1,-1,-1,0,4,3,4,6,0,9,4,2,3,0,0,-1,-1,-1
M1.TTGGAACGTGGCTCCA-1,3,2,2,-1,-1,-1,7,0,2,6,0,2,-1,-1,-1,0,4,3,4,6,0,9,4,2,3,0,0,-1,-1,-1
M1.CTTCTCTGTAGCTTGT-1,3,2,2,-1,-1,-1,0,0,2,6,0,2,-1,-1,-1,0,4,3,4,6,0,9,4,2,3,0,0,-1,-1,-1
clade_1,0,2,2,0,0,0:0.17/2:0.83,0,0,0,0,0,2,0:0.05/3:0.95,0,0:0.32/6:0.68,0,0,0,0,0,0,0,0,0,0:0.02/6:0.98,0,0,0,0:0.01/8:0.99,0
clade_3,0,2,2,0,0,0:0.06/2:0.94,0:0.38/8:0.62,0,0:0.38/8:0.62,0,0,2,-1:0.92/3:0.08,0:0.05/-1:0.92/0:0.004/2:0.004/3:0.004/4:0.004/5:0.004/6:0.004/7:0.004/8:0.004,0:0.02/-1:0.92/6:0.06,0,0,0:0.02/2:0.98,0,0,0,0:0.38/4:0.62,0:0.38/4:0.62,0:0.38/2:0.62,6,0:0.03/3:0.97,0:0.03/5:0.97,0,8,0:0.02/9:0.98
M1.TCAGGTATCACCTTAT-1,0,2,2,-1,-1,-1,-1,-1,-1,0,0,2,-1,-1,-1,0,0,2,2,2,0,-1,-1,-1,6,3,5,0,8,9
M1.GGTGTTACAGTATGCT-1,0,2,2,0,0,2,8,0,8,0,0,2,-1,-1,-1,0,0,2,0,0,0,4,4,2,6,3,5,0,8,9
clade_2,0,2,2,0:0.95/4:0.05,0,0:0.16/2:0.84,0,0,0,0,0,2,0:0.01/3:0.99,0,0:0.05/6:0.95,0,0,0,0,0,0,0,0,0,6,0,0:0.21/3:0.79,0,8,0
M2.GGATTACAGTGAACAT-1,-1,-1,-1,4,0,2,6,4,0,0,0,2,3,0,6,5,8,6,-1,-1,-1,7,0,0,6,0,3,6,8,5
clade_27,0,2,2,0:0.31/-1:0.64/4:0.05,0:0.33/-1:0.64/2:0.004/3:0.004/4:0.004/0:0.004/5:0.004/6:0.004/7:0.004,0:0.05/-1:0.64/2:0.31,0,0,0,0,0,2,3,0,0:0.01/6:0.99,0,0,0,0,0,0,0,0,0,6,0,0:0.04/3:0.96,0:0.15/7:0.85,8,0
M1.CAACCTCTCTTCATGT-1,0,2,2,-1,-1,-1,10,9,9,3,10,2,3,7,6,7,11,2,6,10,0,12,6,0,6,6,3,7,8,0
clade_8,0,2,2,-1,-1,-1,8,6,6,7,0,2,3,0,6,0,0,0,0,7,6,0:0.01/4:0.99,0,0,6,0,3,7,8,0
clade_9,0,2,2,-1,-1,-1,8,6,6,7,0,2,3,0,6,0,0,0,0:0.15/3:0.85,7,6,0:0.01/4:0.99,0,0,6,0,3,7,8,0
clade_14,0,2,2,-1,-1,-1,8,6,6,7,4,2,3,0,6,0,9,7,3,7,6,-1,-1,-1,6,0,3,7,8,8
M1.TTCTACACAACTGCGC-1,0,2,2,-1,-1,-1,8,6,6,7,4,2,3,0,6,0,9,7,3,7,6,-1,-1,-1,-1,-1,-1,7,8,8
I4,0,2,2,-1,-1,-1,8,6,6,7,4,2,3,0,6,0,9,7,3,7,6,-1,-1,-1,6,0,3,7,8,8
M1.TGAGAGGTCACATGCA-1,0,2,2,-1,-1,-1,8,6,6,7,4,2,3,0,6,0,9,7,3,7,6,-1,-1,-1,6,0,3,7,8,8
M1.AACGTTGTCATAACCG-1,0,2,2,-1,-1,-1,8,6,6,7,4,2,3,0,6,8,9,7,3,7,6,-1,-1,-1,6,0,3,7,8,8
clade_10,0,2,2,-1,-1,-1,8,6,6,7,0,2,3,0,6,0,0:0.02/10:0.98,0:0.02/9:0.98,3,7,6,4,0,0,6,0,3,7,8,0
M1.CAGGTGCAGCTAACAA-1,0,2,2,-1,-1,-1,8,6,6,-1,-1,-1,3,0,6,0,10,9,3,7,6,-1,-1,-1,6,0,3,7,8,0
I5,0,2,2,-1,-1,-1,8,6,6,7,0,2,3,0,6,0,10,9,3,7,6,4,0,0,6,0,3,7,8,0
M1.AGCTCTCTCTTGTATC-1,2,2,2,-1,-1,-1,8,6,6,7,0,2,3,0,6,0,10,9,3,7,6,4,0,0,6,0,3,7,8,10
M1.CAGAATCGTTACAGAA-1,0,2,2,-1,-1,-1,8,6,6,7,0,2,3,0,6,0,10,9,3,7,6,4,0,0,6,0,3,7,8,0
clade_17,0,2,2,-1,-1,-1,8,6,6,7,0,2,3,0,6,0,8,6,0,7,6,4,0,0,6,0,3,7,8,0
M1.AACCATGGTCGAACAG-1,-1,-1,-1,-1,-1,-1,8,6,6,7,0,2,3,0,6,5,8,6,0,7,6,4,6,7,6,0,3,7,8,0
clade_18,0,2,2,-1,-1,-1,8,6,6,7,0,2,3,0,6,0,8,6,0,7,6,4,0,0:0.98/6:0.02,6,0,3,7,8,0
clade_22,0,2,2,-1,-1,-1,8,6,6,7,0,2,3,0,6,0,8,6,0,7,6,-1:0.98/4:0.02,0:0.01/-1:0.98/2:0.001/3:0.001/4:0.001/5:0.001/6:0.001/0:0.001/7:0.001/8:0.001,0:0.01/-1:0.98/6:0.01,6,0,3,7,8,0
M1.ACAGCCGTCGGTTCGG-1,0,2,2,-1,-1,-1,8,6,6,7,4,2,3,0,6,0,8,6,3,7,6,-1,-1,-1,6,0,3,7,8,0
M1.CTAGTGATCATCGCTC-1,0,2,2,-1,-1,-1,8,6,6,7,8,2,3,0,6,0,8,6,0,7,6,-1,-1,-1,6,0,3,7,8,0
M1.CAAGAAATCGTTTGCC-1,0,2,2,-1,-1,-1,8,6,6,7,0,2,3,0,6,0,8,6,-1,-1,-1,4,0,6,6,0,3,7,8,0
LL.CCGTGGAAGAGAGCTC-1,6,2,2,-1,-1,-1,0,11,11,11,11,2,0,8,9,0,0,11,7,0,0,14,8,9,9,8,0,0,11,12
clade_61,0,0,0,0,0,0,0,0,0,0,0,0:0.01/2:0.99,0,0,0,0,0,0,0,0,0,0,0,0,0,0,0,0,0,0
M1.GATGAAATCATCGATG-1,-1,-1,-1,2,6,8,2,0,0,3,7,2,6,5,0,5,5,4,0,0,0,10,0,5,7,0,2,8,9,0
clade_81,0,0,0,0,0,0,0,0,0,0,0,2,0,0,0,0,0,0,0:0.07/-1:0.92/2:0.001/0:0.001/3:0.001/4:0.001/5:0.001/6:0.001/7:0.001,0:0.07/-1:0.92/2:0.001/3:0.001/0:0.001/4:0.001/5:0.001/6:0.001/7:0.001/8:0.001/9:0.001/10:0.001,0:0.07/-1:0.92/2:0.001/3:0.001/0:0.001/4:0.001/5:0.001/6:0.001/7:0.001/8:0.001,0,0,0,0,0,0,0:0.01/4:0.99,0,0
M1.GTCCTCAGTCACCCAG-1,2,5,5,5,5,6,2,0,0,8,5,2,6,5,0,-1,-1,-1,-1,-1,-1,-1,-1,-1,-1,-1,-1,4,9,0
clade_35,0:0.99/5:0.01,0,0,0:0.99/8:0.01,0,0,0,0,0,0,0,2,0,0,0,0,0,0,0:0.06/-1:0.93/2:0.001/0:0.001/3:0.001/4:0.001/5:0.001/6:0.001/7:0.001,0:0.06/-1:0.93/2:0.001/3:0.001/0:0.001/4:0.001/5:0.001/6:0.001/7:0.001/8:0.001/9:0.001/10:0.001,0:0.06/-1:0.93/2:0.001/3:0.001/0:0.001/4:0.001/5:0.001/6:0.001/7:0.001/8:0.001,0,0,0,0,0,0,4,0,0
M2.TTCTCCTCAGCTCGAC-1,-1,-1,-1,-1,-1,-1,0,0,3,3,0,2,-1,-1,-1,0,5,4,-1,-1,-1,-1,-1,-1,0,0,3,4,4,0
clade_62,0:0.98/5:0.02,0,0,0:0.98/8:0.02,0,0,0,0,0,0,0,2,0,0,0,0,0,0,0:0.06/-1:0.93/2:0.001/0:0.001/3:0.001/4:0.001/5:0.001/6:0.001/7:0.001,0:0.06/-1:0.93/2:0.001/3:0.001/0:0.001/4:0.001/5:0.001/6:0.001/7:0.001/8:0.001/9:0.001/10:0.001,0:0.06/-1:0.93/2:0.001/3:0.001/0:0.001/4:0.001/5:0.001/6:0.001/7:0.001/8:0.001,0,0,0,0:0.9/8:0.1,0,0,4,0,0
LL.GCTCCTAGTGTCCTCT-1,-1,-1,-1,8,0,0,11,10,10,0,0,2,9,0,7,9,0,10,-1,-1,-1,13,0,8,8,7,7,4,0,11
M1.CTAAGACTCCTACAGA-1,5,0,0,-1,-1,-1,9,8,0,10,9,2,8,6,8,6,0,8,-1,-1,-1,11,0,0,8,5,0,4,10,0
clade_36,0:0.01/4:0.99,0:0.01/3:0.99,0:0.01/3:0.99,0,0,0,0,0,0,0,0,2,0:0.03/3:0.97,0,0,0:0.01/-1:0.98/2:0.001/0:0.001/3:0.001/4:0.001/5:0.001/6:0.001/7:0.001/8:0.001/9:0.001,0:0.01/-1:0.98/2:0.001/3:0.001/4:0.001/5:0.001/6:0.001/7:0.001/8:0.001/9:0.001/0:0.001/10:0.001/11:0.001,0:0.01/-1:0.98/2:0.001/0:0.001/3:0.001/4:0.001/5:0.001/6:0.001/7:0.001/8:0.001/9:0.001/10:0.001/11:0.001,0,0,0,5,0:0.01/5:0.99,0:0.01/3:0.99,0:0.01/4:0.99,0:0.01/2:0.99,0:0.01/3:0.99,0,5,0
clade_45,4,3,3,3,4,0,0,0:0.01/2:0.99,0,4,0,2,3,0,4,-1,-1,-1,3,0,0,5,5,3,4,2,3,4,5,0
M2.GAATAAGTCGGAGGTA-1,4,3,3,3,4,2,-1,-1,-1,4,0,2,3,0,4,-1,-1,-1,3,0,0,5,5,3,4,2,3,4,5,0
I6,4,3,3,3,4,0,0,2,0,4,0,2,3,0,4,-1,-1,-1,3,0,0,5,5,3,4,2,3,4,5,0
M2.CTTAACTCATCGGACC-1,4,3,3,3,4,4,2,2,0,4,0,2,3,0,4,-1,-1,-1,3,0,5,-1,-1,-1,4,2,3,4,5,7
I7,4,3,3,3,4,0,0,2,0,4,0,2,3,0,4,-1,-1,-1,3,0,0,5,5,3,4,2,3,4,5,0
I8,4,3,3,3,4,0,0,2,0,4,0,2,3,0,4,-1,-1,-1,3,0,0,5,5,3,4,2,3,4,5,0
M2.TACGGTAAGATAGGAG-1,4,3,3,3,4,0,0,2,0,4,0,2,3,4,4,-1,-1,-1,3,5,4,5,5,3,4,2,3,4,5,0
I9,4,3,3,3,4,0,0,2,0,4,0,2,3,0,4,-1,-1,-1,3,0,0,5,5,3,4,2,3,4,5,0
M2.ACGAGGAAGACCTTTG-1,4,3,3,3,4,0,0,2,0,4,3,2,3,0,4,-1,-1,-1,3,0,0,5,5,3,4,2,3,4,5,0
I10,4,3,3,3,4,0,0,2,0,4,0,2,3,0,4,-1,-1,-1,3,0,0,5,5,3,4,2,3,4,5,0
M2.GATCTAGGTAATCGTC-1,4,3,3,3,4,0,0,2,0,4,0,2,3,0,4,-1,-1,-1,3,0,0,5,5,3,4,2,3,4,5,6
M2.TACAGTGCAGCCAGAA-1,4,3,3,3,4,0,0,2,0,4,0,2,3,0,4,-1,-1,-1,3,0,0,5,5,3,4,2,3,4,5,0
clade_48,4,3,3,3,4,0,0:0.73/4:0.27,2,0,4,0,2,3,0,4,-1,-1,-1,3,0:0.05/4:0.95,0,5,5,3,4,2,3,4,5,0
M2.TGCCAAAAGAGACTTA-1,4,3,3,3,4,0,4,2,0,4,0,2,3,0,4,-1,-1,-1,3,4,0,5,5,3,4,2,3,4,5,0
M2.CGAACATCACTAGTAC-1,4,3,3,3,4,5,-1,-1,-1,4,2,2,3,0,4,-1,-1,-1,3,4,0,5,5,3,4,2,3,4,5,0
clade_37,4,3,3,0,0,0,0,0,0,0,0:0.19/6:0.81,2,0:0.02/3:0.98,0,0,0:0.01/-1:0.99,0:0.01/-1:0.99,0:0.01/-1:0.99,0,0,0,5,5,3,4,2,3,0:0.22/7:0.78,5,0
M1.CTCGTCAAGAACTGTA-1,4,3,3,7,0,0,-1,-1,-1,9,6,2,-1,-1,-1,-1,-1,-1,3,9,8,5,5,3,4,2,3,7,5,0
clade_38,4,3,3,0:0.01/6:0.99,0,0:0.01/7:0.99,0,0,0,0:0.01/3:0.99,6,2,3,0,0,-1,-1,-1,0:0.01/5:0.99,0:0.01/8:0.99,0:0.01/7:0.99,5,5,3,4,2,3,7,5,0
M1.GTCACAATCACCATAG-1,4,3,3,6,0,7,0,7,7,3,6,2,3,0,7,-1,-1,-1,5,8,7,5,5,3,4,2,3,7,5,0
M1.GAAACTCTCTTAGAGC-1,4,3,3,6,0,7,2,0,0,3,6,2,3,0,2,-1,-1,-1,5,8,7,5,5,3,4,2,3,7,5,0
