(((RW.CACCAGGCATGTTCCC-1:16.863,RW.CTGATAGGTACTCTCC-1:16.874)clade_78:0.162,((((RW.AAGTCTGAGTGCCAGA-1:8.001,RW.CAAGATCAGAGACGAA-1:8.001)I8:0,((((((RW.TTCCCAGGTAAGGGCT-1:2.012,RW.AGCAGCCCAAACGTGG-1:0.012)clade_21:1.989,(RW.CTAGTGAGTTTCCACC-1:1,RW.AGGCCACAGTGTTAGA-1:0)I7:0)I6:0,RW.TCAGGATCATTCCTCG-1:4.001)clade_20:0.008,RW.CGTGAGCCAGCTTAAC-1:4.009)clade_27:3.216,RW.CTGATAGAGGCTATCT-1:3.799)clade_19:4.409,RW.CGTGAGCGTAGCCTCG-1:7.785)clade_15:2.216)I5:0.001,(((RW.AGGTCCGTCATTATCC-1:5.001,RW.TGAGCATAGCACAGGT-1:0.001)I4:0.002,(RW.CGTTCTGAGGTAGCTG-1:1.21,RW.AACTCCCCAACTGCGC-1:5.21)clade_40:2.811)clade_37:2.127,((((RW.GTAGGCCCACTTCTGC-1:2.969,RW.ACATCAGCACGAGAGT-1:11.337)clade_44:2.184,RW.AACGTTGCAAACAACA-1:3.152)clade_53:0.832,RW.AAATGCCGTCCTCTTG-1:13.052)clade_49:0.154,RW.GGGAATGCACACGCTG-1:10.137)clade_36:3.999)clade_31:0.872)I3:1.028,((RW.CACAGTACATCGGGTC-1:4.291,RW.CAAGGCCTCTTCTGGC-1:8.679)clade_66:3.343,((RW.ACAGCCGTCGTTACGA-1:4.076,((RW.GCACTCTGTCTTGTCC-1:2.992,RW.GTGCAGCGTAGAAAGG-1:5.012)clade_10:0.026,RW.CAACTAGAGAACAATC-1:8.017)clade_7:1.058)I2:0.941,RW.ACATGGTTCTGTCTAT-1:10.016)I1:0.006)clade_2:3.011)clade_1:0.97)root:0)I0;
I0,0,0,0,0,0,0,0,0,0,0,0,0,0,0,0,0,0,0,0,0,0,0,0
root,0,0,0,0,0,0,0,0,0,0,0,0,0,0,0,0,0,0,0,0,0,0,0
clade_1,0,0,0,0,0,0,0,0,0,0,0,0,0,0,0,0:0.03/2:0.97,0,0,0,0,0,0,0
clade_2,0,0,0,0,0,0,0,0,0,0,0,0,0,0,0,2,0,0,0,0,0:0.01/-1:0.99,0:0.01/-1:0.99,0:0.01/-1:0.99
I1,0,0,0,0,0,0,0,0,0,0,0,0,0,0,0,2,0,0,0,0,-1:0.99/0:0.005/2:0.005,-1:0.99/0:0.005/2:0.005,-1:0.99/0:0.005/2:0.005
RW.ACATGGTTCTGTCTAT-1,0,4,5,2,0,0,-1,-1,-1,0,0,2,2,0,0,2,4,4,0,0,-1,-1,-1
I2,0,0,0,0,0:0.07/2:0.93,0,0,0,0,0,0,0,0,0,0,2,0,0,0,0,-1,-1,-1
clade_7,0,0,0,0,0:0.01/2:0.99,0:0.01/3:0.99,0,0,0,0,0,0,0,0,0,2,0,0,0,0,-1,-1,-1
RW.CAACTAGAGAACAATC-1,0,0,4,0,2,3,-1,-1,-1,6,0,-1,-1,0,0,2,5,0,0,0,-1,-1,-1
clade_10,0,0,0,0,2,0:0.01/3:0.99,0,0,0,0,0,0,0,0,0,2,0,0:0.98/2:0.02,0,0,-1,-1,-1
RW.GTGCAGCGTAGAAAGG-1,0,0,0,0,2,3,0,0,0,2,2,0,0,0,0,2,0,-1,-1,-1,-1,-1,-1
RW.GCACTCTGTCTTGTCC-1,4,0,0,0,2,3,0,0,0,0,0,4,0,0,0,2,0,2,0,0,-1,-1,-1
RW.ACAGCCGTCGTTACGA-1,0,5,0,2,2,0,0,0,7,0,0,0,0,2,0,2,0,0,0,0,-1,-1,-1
clade_66,0:0.09/4:0.91,0,0:0.09/3:0.91,0,0,0,0,0:0.69/7:0.31,0:0.69/6:0.31,0,0:0.11/5:0.89,0,0,0,0,2,0,0,0,0,-1,-1,-1
RW.CAAGGCCTCTTCTGGC-1,4,3,3,2,0,6,0,7,6,0,5,0,0,0,0,2,4,-1,-1,-1,-1,-1,-1
RW.CACAGTACATCGGGTC-1,4,0,3,0,0,0,-1,-1,-1,0,5,0,0,0,3,2,0,0,0,0,-1,-1,-1
I3,0,0,0,0,2,0,0,0,0,0,0,0,0,0,0,2,0,0,0,0,0,0,0
clade_31,0,0,0,0,2,0,0,0,0,0,0,0,0,0,0:0.13/2:0.87,2,0,0,0,0,0,0,0
clade_36,0,0,0,0,2,0,0,0,0,0,0,0,0:0.05/3:0.95,0,2,2,0,0,0,0,0:0.03/-1:0.97,0:0.03/-1:0.97,0:0.03/-1:0.97
RW.GGGAATGCACACGCTG-1,-1,-1,-1,4,2,0,0,3,2,0,3,0,3,0,2,2,0,-1,-1,-1,-1,-1,-1
clade_49,0,0,0,0:0.89/3:0.11,2,0,0,0,0,0,0,0,0:0.04/3:0.96,0,2,2,0,0,0,0,0:0.02/-1:0.98,0:0.02/-1:0.98,0:0.02/-1:0.98
RW.AAATGCCGTCCTCTTG-1,6,0,0,-1,-1,-1,-1,-1,-1,-1,-1,-1,-1,3,2,2,4,0,0,0,-1,-1,-1
clade_53,0,0,0,0:0.13/3:0.87,2,0,0,0,0,0,0,0,0:0.01/3:0.99,0,2,2,0,0,0,0,-1:0.99/0:0.005/2:0.005,-1:0.99/0:0.005/2:0.005,-1:0.99/0:0.005/2:0.005
RW.AACGTTGCAAACAACA-1,0,6,0,3,2,0,0,0,0,8,0,7,3,0,2,2,0,0,0,0,-1,-1,-1
clade_44,0:0.82/3:0.18,0,0,0:0.03/3:0.97,2,0:0.17/4:0.83,0,0:0.82/2:0.18,0,0:0.13/3:0.87,0,0,3,0,2,2,0,0,0,0,-1,-1,-1
RW.ACATCAGCACGAGAGT-1,-1,-1,-1,3,2,4,-1,-1,-1,3,0,3,3,-1,2,2,0,7,5,6,-1,-1,-1
RW.GTAGGCCCACTTCTGC-1,3,0,0,3,2,4,0,2,0,3,0,0,3,0,2,2,0,0,0,3,-1,-1,-1
clade_37,3,0,0,0,2,0,0,0,0,0,0,0,0,0,2,2,0,0,0,2,0,0,0
clade_40,3,0,0,0,2,0,0,0,0,0,0,0,0,0,2,2,0,0,0,2,0:0.06/-1:0.93/0:0.005/2:0.005,0:0.06/-1:0.93/0:0.005/2:0.005,0:0.06/-1:0.93/0:0.005/2:0.005
RW.AACTCCCCAACTGCGC-1,3,0,0,-1,-1,-1,2,0,0,2,0,0,0,0,2,2,0,0,0,2,-1,-1,-1
RW.CGTTCTGAGGTAGCTG-1,3,0,0,0,2,0,4,0,0,0,0,0,0,0,2,2,0,0,0,2,-1,-1,-1
I4,3,0,0,0,2,0,0,0,0,0,0,0,0,0,2,2,0,0,0,2,0,0,0
RW.TGAGCATAGCACAGGT-1,3,0,0,0,2,0,0,0,0,0,0,0,0,0,2,2,0,0,0,2,0,0,0
RW.AGGTCCGTCATTATCC-1,3,0,0,2,2,3,7,0,0,5,0,0,0,0,2,2,0,6,0,2,0,0,0
I5,0,0,0,0,2,0,0,0,0,0,0,0,0,0,0,2,0,0,0,0,0,0,0
clade_15,0:0.09/2:0.91,0:0.09/2:0.91,0,0,2,0,0,0,0,0,0,0,0,0,0,2,0,0:0.8/3:0.2,0:0.8/2:0.2,0,0,0,0
RW.CGTGAGCGTAGCCTCG-1,2,2,0,0,2,0,0,5,4,5,0,0,0,0,4,2,0,3,2,0,2,2,0
clade_19,2,2,0,0,2,0,0:0.02/2:0.98,0,0,0,0,0,0,0,0,2,0,0:0.05/-1:0.93/3:0.02,0:0.05/-1:0.93/2:0.02,0:0.06/-1:0.93/2:0.002/3:0.002/0:0.002/4:0.002/5:0.002/6:0.002,0,0,0:0.57/2:0.43
RW.CTGATAGAGGCTATCT-1,2,2,0,0,2,0,2,0,0,0,0,0,0,0,-1,-1,-1,-1,-1,-1,0,0,2
clade_27,2,2,0,0,2,0,2,0,0,0,0,0,0,0,0,2,0,-1,-1,-1,-1,-1,-1
RW.CGTGAGCCAGCTTAAC-1,2,2,0,0,2,0,2,0,0,0,0,5,0,0,-1,-1,-1,-1,-1,-1,-1,-1,-1
clade_20,2,2,0,0,2,0,2,0,0,0,0,0,0,0,0,2,0,-1,-1,-1,-1,-1,-1
RW.TCAGGATCATTCCTCG-1,2,2,2,2,2,0,2,0,0,0,0,3,0,0,0,2,2,-1,-1,-1,-1,-1,-1
I6,2,2,0,0,2,0,2,0,0,0,0,0,0,0,0,2,0,-1,-1,-1,-1,-1,-1
I7,2,2,0,0,2,0,2,0,0,0,0,0,0,0,0,2,0,-1,-1,-1,-1,-1,-1
RW.AGGCCACAGTGTTAGA-1,2,2,0,0,2,0,2,0,0,0,0,0,0,0,0,2,0,-1,-1,-1,-1,-1,-1
RW.CTAGTGAGTTTCCACC-1,2,2,0,0,2,5,2,0,0,0,0,0,0,0,0,2,0,-1,-1,-1,-1,-1,-1
clade_21,2,2,0,0,2,0,2,0,0,0,0,2,0:0.01/2:0.99,0,0,2,0,-1,-1,-1,-1,-1,-1
RW.AGCAGCCCAAACGTGG-1,2,2,0,0,2,0,2,0,0,0,0,2,2,0,0,2,0,-1,-1,-1,-1,-1,-1
RW.TTCCCAGGTAAGGGCT-1,2,2,0,0,2,2,2,0,0,0,0,2,2,2,0,2,0,-1,-1,-1,-1,-1,-1
I8,0,0,0,0,2,0,0,0,0,0,0,0,0,0,0,2,0,0,0,0,0,0,0
RW.CAAGATCAGAGACGAA-1,0,0,0,0,2,0,6,0,0,2,0,6,4,0,3,2,0,5,4,5,0,0,0
RW.AAGTCTGAGTGCCAGA-1,3,0,6,0,2,0,2,0,7,7,0,0,0,0,0,2,4,0,0,0,2,2,0
clade_78,0:0.99/5:0.01,0,0,0,0,0:0.99/3:0.01,0,0,0,0,0,0:0.99/4:0.01,0,0,0,0,0,0,0,0,0:0.96/-1:0.04,0:0.96/-1:0.04,0:0.96/-1:0.04
RW.CTGATAGGTACTCTCC-1,-1,-1,-1,0,0,3,3,4,3,4,4,-1,-1,-1,3,0,0,0,0,3,-1,-1,-1
RW.CACCAGGCATGTTCCC-1,5,0,0,-1,-1,-1,5,6,5,0,0,4,0,0,5,3,3,4,3,4,-1,-1,-1
