((((((((RE.GCTGCAGAGACATAAC-1:1.006,RE.AGTCTTTTCAAGAAGT-1:1.006)clade_33:3.048,(((RE.TTGTAGGTCGTAGGTT-1:0,RE.CATCAGAAGTGGTAGC-1:0)I22:0.004,((RE.TTGGAACCATGGATGG-1:0.001,RE.GCTCCTAAGTATCGAA-1:2.001)clade_39:0.009,RE.GTTCGGGTCACGATGT-1:5.01)clade_38:0.994)clade_24:0.007,((((((RE.CTCGGAGTCATCACCC-1:0,RE.CGACTTCGTTACAGAA-1:1)I21:0,RE.AGCGTATGTAATCACC-1:1)I20:0,RE.GCAGTTAGTCAACTGT-1:1)I19:0,RE.AGTGTCAAGCTGCGAA-1:1)clade_25:0.001,RE.CGCTTCATCGCCCTTA-1:2.001)clade_29:0.01,RE.GGTATTGCATCCGGGT-1:3.01)I18:3)I17:2.992)I16:0.003,((((RE.CGACCTTAGGCCCTTG-1:2.181,RE.TCTCTAAGTCTCGTTC-1:2.181)I15:2.833,(RE.CATCGGGTCGGAATCT-1:4,RE.ACTGAACTCGCGTAGC-1:2)clade_44:0)I14:0.001,((RE.CTGCCTAAGAAGGGTA-1:2.008,(RE.TACAGTGAGATCGATA-1:0.002,RE.CAAGGCCAGCGCTCCA-1:1.002)clade_48:1.006)I13:0.011,RE.GAACATCTCACGCATA-1:3.02)I12:2.983)I11:0.025,(RE.CACCAGGGTCTCCATC-1:0,RE.CCCTCCTCATCACCCT-1:0)clade_46:3.026)I10:3.032)clade_23:1.846,RE.GTCTTCGAGTTCGCGC-1:6)clade_20:0.097,(((RE.ACGGCCATCCTATGTT-1:3.546,(((RE.CGATGTAAGGCCATAG-1:1.87,RE.TGCTACCGTCTTTCAT-1:4.267)clade_5:3.385,RE.AAGGCAGAGGCTATCT-1:0.246)clade_8:2.86,RE.TTAGGACTCGCGATCG-1:4.542)clade_4:2.005)clade_3:0.169,((((RE.TTAGTTCTCCTGCCAT-1:1,RE.TACTTACCAGCGAACA-1:2)I9:0,RE.ACGGGTCTCTCTGTCG-1:1)I8:0.001,RE.GACGGCTGTTCCACGG-1:2.001)I7:0.148,RE.TACCTATGTAGCGATG-1:6.148)I6:2.86)I5:1.285,((RE.GTGGGTCCACATCTTT-1:3,(RE.AGCGTCGGTCAGCTAT-1:0,RE.AGGTCCGTCACTGGGC-1:0)I4:0)I3:0,RE.CCCATACGTCCGTGAC-1:5)I2:0)I1:0)clade_1:1,RW.TAGAGCTCACATGGGA-1:9)clade_63:0,(RE.GGTGCGTTCTATCCTA-1:0,RE.TTTGTCATCTTACCGC-1:0)clade_68:14)root:0)I0;
I0,0,0,0,0,0,0,0,0,0,0,0,0,0,0,0,0,0,0,0
root,0,0,0,0,0,0,0,0,0,0,0,0,0,0,0,0,0,0,0
clade_68,-1,-1,-1,2,0,0,2,0,2,2,2,2,2,0,0,2,-1,-1,-1
RE.TTTGTCATCTTACCGC-1,-1,-1,-1,2,0,0,2,0,2,2,2,2,2,0,0,2,-1,-1,-1
RE.GGTGCGTTCTATCCTA-1,-1,-1,-1,2,0,0,2,0,2,2,2,2,2,0,0,2,-1,-1,-1
clade_63,0,0,0,0,0,0,0,0,0,0,0,0,0,0,0,0,0,0,0
RW.TAGAGCTCACATGGGA-1,0,0,2,0,0,0,0,0,0,0,0,-1,-1,-1,-1,-1,-1,-1,-1
clade_1,0,0,3,0,0,0,0,0,0,0,0,0,0,0,0,0,0,0,0
I1,0,0,3,0,0,0,0,0,0,0,0,0,0,0,0,0,0,0,0
I2,0,0,3,0,0,0,0,0,0,0,0,0,0,0,0,0,0,0,0
RE.CCCATACGTCCGTGAC-1,0,4,3,0,0,0,0,0,6,4,5,0,0,3,0,0,0,0,0
I3,0,0,3,0,0,0,0,0,0,0,0,0,0,0,0,0,0,0,0
I4,0,0,3,0,0,0,0,0,0,0,0,0,0,0,0,0,0,0,0
RE.AGGTCCGTCACTGGGC-1,0,0,3,0,0,0,0,0,0,0,0,0,0,0,0,0,0,0,0
RE.AGCGTCGGTCAGCTAT-1,0,0,3,0,0,0,0,0,0,0,0,0,0,0,0,0,0,0,0
RE.GTGGGTCCACATCTTT-1,0,0,3,5,4,0,0,0,3,0,0,0,0,0,0,0,0,0,0
I5,0,0,3,0,0,0,0,0,0,0,0,0,0,0,0:0.36/2:0.64,0:0.36/3:0.64,0,0,0
I6,0,0,3,0,0,0,0,0,0,0,0,0,0,0:0.04/-1:0.95/0:0.003/2:0.003/3:0.003/4:0.003,0:0.02/-1:0.95/2:0.03,0:0.02/-1:0.95/3:0.03,0,0,0
RE.TACCTATGTAGCGATG-1,-1,-1,-1,0,0,0,0,0,-1,-1,-1,0,0,-1,-1,-1,0,0,0
I7,0,0,3,0,0,0,0,0,0,0,0,0,0,-1,-1,-1,0,0,0
RE.GACGGCTGTTCCACGG-1,2,3,3,0,0,0,0,0,0,0,0,0,0,-1,-1,-1,0,0,0
I8,0,0,3,0,0,0,0,0,0,0,0,0,0,-1,-1,-1,0,0,0
RE.ACGGGTCTCTCTGTCG-1,0,0,3,0,0,0,0,0,0,0,0,0,0,-1,-1,-1,0,8,0
I9,0,0,3,0,0,0,0,0,0,0,0,0,0,-1,-1,-1,0,0,0
RE.TACTTACCAGCGAACA-1,0,0,3,0,0,0,0,0,0,0,0,0,0,-1,-1,-1,3,3,0
RE.TTAGTTCTCCTGCCAT-1,0,0,3,0,0,0,0,0,0,0,0,0,0,-1,-1,-1,0,0,2
clade_3,0,0,3,0,0,0,0,0,0,0,0,0,0,0,0:0.27/2:0.73,0:0.27/3:0.73,0,0,0
clade_4,0,0,3,0:0.04/3:0.96,0:0.06/3:0.94,0,0,0,0,0,0,0,0,0,0:0.22/2:0.78,0:0.22/3:0.78,0,0,0
RE.TTAGGACTCGCGATCG-1,0,0,3,3,3,0,0,2,0,0,0,0,0,0,2,3,2,2,3
clade_8,0,0,3,3,3,0,0,0,0,0,0,0,0,0:0.08/-1:0.92,0:0.02/-1:0.92/2:0.06,0:0.02/-1:0.92/3:0.06,0,0,0
RE.AAGGCAGAGGCTATCT-1,0,0,3,3,3,0,0,0,0,0,0,0,0,-1,-1,-1,0,0,0
clade_5,0:0.08/-1:0.92,0:0.08/-1:0.92,-1:0.92/3:0.08,3,3,0:0.6/4:0.4,0,0,0,0,0,0,0,0:0.01/-1:0.99,-1:0.99/2:0.01,-1:0.99/3:0.01,0,0,0
RE.TGCTACCGTCTTTCAT-1,-1,-1,-1,-1,-1,-1,0,2,0,0,0,0,0,-1,-1,-1,0,0,0
RE.CGATGTAAGGCCATAG-1,-1,-1,-1,3,3,4,0,0,0,0,3,0,0,-1,-1,-1,0,0,0
RE.ACGGCCATCCTATGTT-1,0,0,3,0,0,0,0,0,0,0,0,3,0,4,2,3,5,0,0
clade_20,0,0,3,0,0,0,0,0,0,0,0,0,0,0:0.9/2:0.1,0,0,0,0,0
RE.GTCTTCGAGTTCGCGC-1,0,0,3,0,0,0,0,0,0,3,4,0,0,-1,-1,-1,0,5,0
clade_23,0,0,3,0,2,0,0,0,0,0,0,0,0,0:0.05/2:0.95,0,0,0,0,0
I10,0:0.01/-1:0.99,0:0.01/-1:0.99,-1:0.99/3:0.01,0,2,0,0,0,0,0,0,0,0,2,0,0,0,0,0
clade_46,-1,-1,-1,0,2,0,0,0,0,0,0,0,0,2,0,0,-1,-1,-1
RE.CCCTCCTCATCACCCT-1,-1,-1,-1,0,2,0,0,0,0,0,0,0,0,2,0,0,-1,-1,-1
RE.CACCAGGGTCTCCATC-1,-1,-1,-1,0,2,0,0,0,0,0,0,0,0,2,0,0,-1,-1,-1
I11,-1,-1,-1,0,2,0,0,0,0,0,0,0,0,2,0,0,0,0,0
I12,-1,-1,-1,0,2,0,0,0,0,0,0,0,0,-1:0.99/2:0.01,0:0.01/-1:0.99,0:0.01/-1:0.99,0,0,0
RE.GAACATCTCACGCATA-1,-1,-1,-1,0,2,0,-1,-1,0,0,0,0,0,-1,-1,-1,0,7,0
I13,-1,-1,-1,0,2,0,0,0,0,0,0,0,0,-1,-1,-1,0,0,0
clade_48,-1,-1,-1,4,2,0,0,0,0,0,0,0,0,-1,-1,-1,0,0,0
RE.CAAGGCCAGCGCTCCA-1,-1,-1,-1,4,2,0,3,0,0,0,0,0,0,-1,-1,-1,0,0,0
RE.TACAGTGAGATCGATA-1,-1,-1,-1,4,2,0,0,0,0,0,0,0,0,-1,-1,-1,0,0,0
RE.CTGCCTAAGAAGGGTA-1,-1,-1,-1,0,2,0,0,0,0,0,0,0,4,-1,-1,-1,0,0,6
I14,-1,-1,-1,0,2,0,0,0,0,0,0,0,0,2,0,0,0,0,0
clade_44,-1,-1,-1,0,2,0,0,0,0,0,0,0,0,2,0,0,0,0,0
RE.ACTGAACTCGCGTAGC-1,-1,-1,-1,0,2,0,0,2,0,0,0,0,0,2,3,0,0,0,0
RE.CATCGGGTCGGAATCT-1,-1,-1,-1,0,2,0,0,0,7,5,0,2,2,2,0,0,0,0,0
I15,-1,-1,-1,0,2,0,0,0,0:0.06/-1:0.94,0:0.06/-1:0.94,0:0.06/-1:0.94,0,0,2,0,0,0,0,0
RE.TCTCTAAGTCTCGTTC-1,-1,-1,-1,0,2,0,0,0,-1,-1,-1,0,3,2,0,0,0,0,4
RE.CGACCTTAGGCCCTTG-1,-1,-1,-1,0,2,0,-1,-1,-1,-1,-1,0,0,2,0,0,0,0,0
I16,0,0,3,0,2,0,0,0,0,0,0,0,0,0:0.05/2:0.95,0,0,0,0,0
I17,0,0,3,0,2,0,0,0,0,0,0,0,0,-1,-1,-1,0,0,0
I18,-1,-1,-1,0,2,0,0,0,0,0,0,0,0,-1,-1,-1,0,0,0
RE.GGTATTGCATCCGGGT-1,-1,-1,-1,0,2,0,0,0,0,0,0,0,0,-1,-1,-1,-1,-1,-1
clade_29,-1,-1,-1,0,2,0,0,0,0,0,0,0,0,-1,-1,-1,0,0,0
RE.CGCTTCATCGCCCTTA-1,-1,-1,-1,0,2,0,0,0,4,0,0,0,0,-1,-1,-1,5,0,0
clade_25,-1,-1,-1,0,2,0,0,0,0,0,0,0,0,-1,-1,-1,0,0,0
RE.AGTGTCAAGCTGCGAA-1,-1,-1,-1,0,2,0,0,0,0,0,0,0,0,-1,-1,-1,6,0,0
I19,-1,-1,-1,0,2,0,0,0,0,0,0,0,0,-1,-1,-1,0,0,0
RE.GCAGTTAGTCAACTGT-1,-1,-1,-1,0,2,3,0,0,0,0,0,0,0,-1,-1,-1,0,0,0
I20,-1,-1,-1,0,2,0,0,0,0,0,0,0,0,-1,-1,-1,0,0,0
RE.AGCGTATGTAATCACC-1,-1,-1,-1,7,2,0,0,0,0,0,0,0,0,-1,-1,-1,0,0,0
I21,-1,-1,-1,0,2,0,0,0,0,0,0,0,0,-1,-1,-1,0,0,0
RE.CGACTTCGTTACAGAA-1,-1,-1,-1,0,2,0,0,0,5,0,0,0,0,-1,-1,-1,0,0,0
RE.CTCGGAGTCATCACCC-1,-1,-1,-1,0,2,0,0,0,0,0,0,0,0,-1,-1,-1,0,0,0
clade_24,0,0,3,0,2,0,0,0,0,0,0,0,0,-1,-1,-1,0,0,0
clade_38,0,0,3,0,2,0,0,0,0,0,0:0.01/3:0.99,0,0,-1,-1,-1,0,0,0
RE.GTTCGGGTCACGATGT-1,-1,-1,-1,0,2,0,0,3,0,0,3,0,0,-1,-1,-1,0,4,0
clade_39,0,0,3,0,2,0,0,0,0,0,3,0,0,-1,-1,-1,0,0,0
RE.GCTCCTAAGTATCGAA-1,0,2,3,0,2,0,0,2,0,0,3,0,0,-1,-1,-1,0,0,0
RE.TTGGAACCATGGATGG-1,0,0,3,0,2,0,0,0,0,0,3,0,0,-1,-1,-1,0,0,0
I22,0,0,3,0,2,0,0,0,0,0,0,0,0,-1,-1,-1,0,0,0
RE.CATCAGAAGTGGTAGC-1,0,0,3,0,2,0,0,0,0,0,0,0,0,-1,-1,-1,0,0,0
RE.TTGTAGGTCGTAGGTT-1,0,0,3,0,2,0,0,0,0,0,0,0,0,-1,-1,-1,0,0,0
clade_33,0,0,3,0,2,0,0,0,0,0,0,0,0,2,0,0,4,6,5
RE.AGTCTTTTCAAGAAGT-1,0,0,3,6,2,0,0,0,0,0,0,0,0,2,0,0,4,6,5
RE.GCTGCAGAGACATAAC-1,0,0,3,0,2,2,0,0,0,0,0,0,0,2,0,0,4,6,5
