(((((((RE.CTGTGCTAGTCAATAG-1:5.95,RE.ACATGGTGTAGCAAAT-1:6.003)I30:0.054,RE.AGACGTTCAAACCTAC-1:5.004)clade_65:0.006,((RE.GAGCAGAGTTTGACTG-1:5.052,RE.GCGGGTTGTCATCGGC-1:1.052)clade_16:0.949,((RE.GGGAATGTCACGGTTA-1:2,RE.TAAGTGCTCATAACCG-1:3)I29:0,RE.GTCCTCATCCACGACG-1:4)I28:0.001)clade_12:3.009)clade_29:3.05,((RE.CCTCAGTCATATACGC-1:2.161,RE.CTCGTACGTCAGTGGA-1:4.161)clade_60:5.864,(((((((RE.GACAGAGTCACAGGCC-1:3,RE.AACCGCGCAATAGCGG-1:1)I27:0,RE.CCCAGTTAGAGTCTGG-1:6)I26:0.002,RE.GGCGACTAGCTAACAA-1:5.002)clade_34:0.999,RE.GGGCACTAGTTGAGAT-1:3.001)I25:0.003,RE.CGTAGCGTCATCATTC-1:3.004)clade_31:1.996,((((RE.CTAGAGTCATCCCACT-1:5.086,RE.CCACTACAGGCAGGTT-1:1.781)clade_51:1.219,(RE.TACAGTGGTAGCGCAA-1:3.001,(RE.TATCTCACAGTTAACC-1:3,RE.GGATTACTCGGAATCT-1:1)I24:0)clade_46:0.999)I23:0,RE.TAGACCATCCTGTACC-1:7)I22:0,(RE.TAAGTGCCAACTGGCC-1:2.122,RE.TCTCTAAGTATGAATG-1:3.122)clade_42:3.897)I21:0)I20:0.001,RE.GAACATCAGATTACCC-1:7)clade_30:0.003)clade_64:1.447)I19:3.554,(((((RE.ACTGTCCTCATCTGCC-1:2.001,(RE.AGGGTGATCCACTCCA-1:0.055,RE.GGGAGATCACATGGGA-1:5.055)I18:0.945)I17:0.002,RE.CTCGGGAAGAGTTGGC-1:7.002)clade_73:2.01,((RE.GAAACTCTCAAGATCC-1:3,RE.TCACAAGTCGCCAGCA-1:4)I16:0,(RE.ATCATGGAGTACCGGA-1:4.938,RE.CGAGAAGAGGAGCGTT-1:6)I15:0.062)clade_23:2.012)clade_70:0.012,RE.TCAGCAACAAGTCTAC-1:12.024)I14:2.978,(((RE.CATCGGGTCTGGAGCC-1:6.105,(RE.GAATGAATCTACTATC-1:10.336,RE.ATGAGGGTCTTTCCTC-1:2.236)clade_5:0.87)clade_3:4.905,(RE.TCAGCAAGTCCTCCAT-1:7,(((RE.AAAGCAATCCAGATCA-1:1.031,(RE.TCTCTAAAGTGTCCCG-1:2.183,RE.GAAATGAGTCTGATCA-1:4.183)clade_123:2.864)clade_121:2.053,RE.AGACGTTTCTCGAGTA-1:6.084)clade_118:0.942,RE.ATGAGGGTCATGGTCA-1:8.026)clade_117:0.071)I13:1.903)I12:0,((RE.CTTAACTCAGGGAGAG-1:3,((RE.CTACACCGTTACCGAT-1:5.053,M1.GCGAGAACAGGTTTCA-1:0.053)clade_87:3.951,(RE.CAGCAGCAGAGCTGGT-1:4.003,RE.ACACCAAAGTGTTGAA-1:2.003)I11:0.002)clade_83:0.996)I10:0.001,((RE.CTTAGGAAGATGTCGG-1:4.227,RE.CTGCTGTGTCAGCTAT-1:3.396)I9:3.622,((RE.TGGTTAGAGGATGTAT-1:3,(((RE.GAATAAGGTGTGGTTT-1:5.166,RE.TTGACTTAGTGTACTC-1:3.166)clade_103:1.834,RE.GGAAAGCGTGATGCCC-1:2)I8:0,RE.CAACTAGGTAAATGAC-1:5)I7:0)I6:0,((RE.TCGTACCTCTCAAACG-1:11.293,RE.CTACACCTCAAGGTAA-1:0.293)clade_96:0.708,(((RE.TGCCCTAGTCGTCTTC-1:3.003,(RE.TCTCATAGTTCCCTTG-1:1,RE.GTACTCCAGCCTATGT-1:0)I5:0.003)I4:0.005,RE.GACGCGTGTCTCGTTC-1:4.008)clade_98:2.993,RE.CTGTGCTCAGGATTGG-1:1)I3:0)clade_95:0.999)I2:0.002)clade_91:1.999)clade_82:3.999)I1:0)clade_8:0)clade_19:0,RE.AGCTTGACATTAGCCA-1:9)root:0)I0;
I0,0,0,0,0,0,0,0,0,0,0,0,0,0,0,0,0,0,0,0,0,0
root,0,0,0,0,0,0,0,0,0,0,0,0,0,0,0,0,0,0,0,0,0
RE.AGCTTGACATTAGCCA-1,-1,-1,-1,0,0,0,0,0,4,0,10,0,0,-1,-1,-1,0,0,0,0,3
clade_19,0,0,0,0,0,0,0,0,0,0,0,0,0,0,0,0,0,0,0,0,0
clade_8,0,0,0,0,0,0,0,0,0,0,0,0,0,0,0,0,0,0,0,0,0
I1,0,0,0,0,0,0,0,0,0,0,0,0,0,0,0,0,0,0,0,0,0
clade_82,0,0,0,0,2,0,0,2,2,0,0,0,0,0,0,0,0,0,0,0,2
clade_91,2,2,0,0,2,0,0,2,2,0,0,0,0,0,0,0,0,0,0,0,2
I2,2,2,0,0,2,0,0,2,2,0,0,0,0,0,0,0,0,0,0,0,2
clade_95,2,2,0,0,2,0,0,2,2,0,0,0,0,0,0,0,0,4,0,0,2
I3,2,2,0,0,2,0,0,2,2,0,0,0,0,0,0,0,0,4,0,0,2
RE.CTGTGCTCAGGATTGG-1,2,2,0,0,2,0,11,2,2,0,0,0,0,0,0,0,0,4,0,0,2
clade_98,2,2,0,0,2,0,0,2,2,0,0,0,0,-1,-1,-1,0,4,0,0,2
RE.GACGCGTGTCTCGTTC-1,2,2,0,0,2,0,10,2,2,0,6,8,5,-1,-1,-1,0,4,0,0,2
I4,2,2,0,0,2,0,0,2,2,0,0,0,0,-1,-1,-1,0,4,0,0,2
I5,2,2,0,0,2,0,0,2,2,0,0,0,0,-1,-1,-1,0,4,0,0,2
RE.GTACTCCAGCCTATGT-1,2,2,0,0,2,0,0,2,2,0,0,0,0,-1,-1,-1,0,4,0,0,2
RE.TCTCATAGTTCCCTTG-1,2,2,2,0,2,0,0,2,2,0,0,0,0,-1,-1,-1,0,4,0,0,2
RE.TGCCCTAGTCGTCTTC-1,2,2,0,0,2,0,0,2,2,0,0,0,2,-1,-1,-1,-1,-1,0,0,2
clade_96,2,2,0,0,2,0,0,2,2,0:0.29/2:0.71,0,0,0,0,0,0,0,4,0,0,2
RE.CTACACCTCAAGGTAA-1,2,2,0,0,2,0,0,2,2,2,0,0,0,0,0,0,0,4,0,0,2
RE.TCGTACCTCTCAAACG-1,2,2,0,0,2,4,4,2,2,2,-1,-1,-1,-1,-1,-1,0,4,-1,-1,-1
I6,2,2,0,0,2,0,0,2,2,0,0,0,0,0,0,0,0,0,0,0,2
I7,2,2,0,0,2,0,0,2,2,0,0,0,0,0,0,0,0,0,0,0,2
RE.CAACTAGGTAAATGAC-1,2,2,0,0,2,0,0,2,2,0,0,3,3,-1,-1,-1,0,0,0,0,2
I8,2,2,0,0,2,0,0,2,2,0,0,0,0,0,0,0,0,0,0,0,2
RE.GGAAAGCGTGATGCCC-1,2,2,0,0,2,0,8,2,2,0,0,7,0,0,0,0,0,0,0,0,2
clade_103,2,2,0,0,2,0,0,2,2,0,0,0,0,0,0,0,0:0.11/2:0.89,0:0.06/2:0.94,0,0,2
RE.TTGACTTAGTGTACTC-1,2,2,0,0,2,0,0,2,2,0,0,0,0,0,0,0,2,2,-1,-1,-1
RE.GAATAAGGTGTGGTTT-1,2,2,0,2,2,6,0,2,2,2,0,0,6,6,0,0,2,2,0,0,2
RE.TGGTTAGAGGATGTAT-1,2,2,0,0,2,0,0,2,2,0,0,2,0,2,0,0,0,0,2,0,2
I9,2,2,0,0,-1:0.92/2:0.08,0:0.07/-1:0.92/0:0.001/2:0.001/3:0.001/4:0.001/5:0.001/6:0.001/7:0.001/8:0.001/9:0.001,0:0.07/-1:0.92/0:0.001/2:0.001/3:0.001/4:0.001/5:0.001/6:0.001/7:0.001/8:0.001/9:0.001/10:0.001/11:0.001/12:0.001/13:0.001/14:0.001,2,2,0,0,0,0,0:0.58/7:0.42,0:0.58/3:0.42,0,0,0,0,0,2
RE.CTGCTGTGTCAGCTAT-1,2,2,0,0,-1,-1,-1,2,2,0,0,0,0,7,3,0,0,0,5,5,2
RE.CTTAGGAAGATGTCGG-1,2,2,0,0,-1,-1,-1,2,2,5,0,0,0,-1,-1,-1,0,0,0,0,2
I10,0,0,0,0,2,0,0,2,2,0,0,0,0,0,0,0,0,0,0,0,2
clade_83,0,0,0,0,2,0,0,2,2,0,0,0,6,0,0,0,0,0,0,0,2
I11,0,0,0,0,2,0,0,2,2,0,0,0,6,0,0,0,0,0,0,0,2
RE.ACACCAAAGTGTTGAA-1,0,8,0,0,2,0,0,2,2,0,0,12,6,0,0,0,0,0,0,0,2
RE.CAGCAGCAGAGCTGGT-1,0,0,0,0,2,0,0,2,2,6,0,0,6,-1,-1,-1,0,0,0,0,2
clade_87,0:0.01/8:0.99,0,0,0:0.02/3:0.98,2,0,0,2,2,0,0,0,6,0,0,0,0,0,0:0.01/5:0.99,0:0.01/5:0.99,2
M1.GCGAGAACAGGTTTCA-1,8,0,0,3,2,0,0,2,2,0,0,0,6,0,0,0,0,0,5,5,2
RE.CTACACCGTTACCGAT-1,8,0,0,3,2,0,0,2,2,0,0,0,6,-1,-1,-1,2,2,5,5,2
RE.CTTAACTCAGGGAGAG-1,8,0,0,0,2,0,0,2,2,0,0,0,0,0,0,3,0,0,6,0,2
I12,0,0,0,0,0,0,0,0,0,0,0,0,0,0,0,0,0,0,0,0,0
I13,0:0.05/3:0.95,0:0.05/3:0.95,0,0,0,0,0,0,0,0,0,0,0,0,0,0,0,0,0,0,0
clade_117,0:0.01/3:0.99,0:0.02/3:0.98,0,0,0,0,0,0,0,0,0,0,0,0,0,0,0,0,0,0,0
RE.ATGAGGGTCATGGTCA-1,3,3,0,0,0,0,0,0,0,0,4,11,5,8,0,0,0,5,8,2,4
clade_118,3,3,0,0,0,0,0,0,0,0:0.08/2:0.92,0,0,0,0,0,0,0,0,0,0,0
RE.AGACGTTTCTCGAGTA-1,3,3,0,0,10,0,14,0,5,2,0,0,0,9,0,4,0,8,0,0,0
clade_121,3,3,0,0,0,0:0.02/3:0.98,0:0.01/3:0.99,0,0,2,0,0,0,0,0,0,0,0,0,0,0
clade_123,3,3,0,0,0,3,3,0,0,2,0,0,0,0:0.06/-1:0.94,0:0.06/-1:0.94,0:0.06/-1:0.94,0,0,0,0,0
RE.GAAATGAGTCTGATCA-1,3,3,0,0,0,3,3,4,0,2,0,3,3,-1,-1,-1,0,0,0,0,8
RE.TCTCTAAAGTGTCCCG-1,3,3,2,0,0,3,3,0,0,2,0,0,0,-1,-1,-1,0,4,0,0,0
RE.AAAGCAATCCAGATCA-1,3,3,0,-1,0,3,3,0,0,2,0,0,0,0,0,0,0,0,0,0,0
RE.TCAGCAAGTCCTCCAT-1,-1,-1,-1,2,0,0,0,0,0,3,0,0,0,3,0,0,0,0,0,0,3
clade_3,0,0,0,0:0.02/3:0.98,0,0,0,0,0,0,0,0,0,0,0,0,0:0.03/-1:0.96/2:0.003/0:0.003/3:0.003/4:0.003,0:0.03/-1:0.96/2:0.001/0:0.001/3:0.001/4:0.001/5:0.001/6:0.001/7:0.001/8:0.001,0:0.01/5:0.99,0:0.01/5:0.99,0
clade_5,0,0:0.9/7:0.1,0,0:0.01/3:0.99,0,0,0,0,0,0,0,0,0:0.29/6:0.71,0,0,0,0:0.01/-1:0.98/2:0.003/0:0.003/3:0.003/4:0.003,0:0.01/-1:0.98/2:0.001/0:0.001/3:0.001/4:0.001/5:0.001/6:0.001/7:0.001/8:0.001,5,5,0
RE.ATGAGGGTCTTTCCTC-1,0,7,0,3,8,0,0,0,0,0,0,0,6,0,0,0,-1,-1,5,5,0
RE.GAATGAATCTACTATC-1,-1,-1,-1,3,2,0,0,4,3,0,7,0,6,-1,-1,-1,-1,-1,5,5,0
RE.CATCGGGTCTGGAGCC-1,10,6,8,3,0,0,0,5,0,2,0,10,0,0,0,0,-1,-1,5,5,0
I14,0,0,0,0,0,0,0,3,0,0,0,0,0,0,0,0,0:0.01/-1:0.99,0:0.01/-1:0.99,0,0,0
RE.TCAGCAACAAGTCTAC-1,0,0,3,0,0,5,5,3,0,0,2,3,3,-1,-1,-1,-1,-1,-1,-1,-1
clade_70,0,0,0,0,0,0,0,3,0,0,0,0,0,0,0,0,-1:0.99/2:0.003/0:0.003/3:0.003/4:0.003,-1:0.99/2:0.001/0:0.001/3:0.001/4:0.001/5:0.001/6:0.001/7:0.001/8:0.001,0,0,0
clade_23,0,0,0,0,0,0,0,3,0,0,0,4,4,0,0,0,-1,-1,0,0,0
I15,0,0,0,0,0:0.98/9:0.02,0:0.98/9:0.02,0:0.98/10:0.02,3,0,0,0,4,4,0,0,0,-1,-1,0,0,0
RE.CGAGAAGAGGAGCGTT-1,0,0,0,0,-1,-1,-1,3,0,0,0,4,4,-1,-1,-1,-1,-1,0,0,0
RE.ATCATGGAGTACCGGA-1,0,0,0,0,9,9,10,3,0,0,0,4,4,0,0,0,-1,-1,9,6,0
I16,0,0,0,0,0,0,0,3,0,0,0,4,4,0,0,0,-1,-1,0,0,0
RE.TCACAAGTCGCCAGCA-1,4,4,4,0,0,0,0,3,0,0,0,4,4,0,0,0,-1,-1,2,0,0
RE.GAAACTCTCAAGATCC-1,0,0,0,0,0,0,0,-1,-1,-1,0,4,4,0,0,0,-1,-1,0,0,0
clade_73,2,2,0,0,0,0,0,3,0,0,0,0,0,0,0,0,-1,-1,0,0,0
RE.CTCGGGAAGAGTTGGC-1,2,2,0,0,0,8,0,3,0,0,9,0,0,-1,-1,-1,-1,-1,2,0,10
I17,2,2,0,0,0,0,0,3,0,0,0,0,0,0,0,0,-1,-1,0,0,0
I18,2,2,0,0,0,0,0,3,0,0:0.06/4:0.94,0,0,0,0,0,0,-1,-1,0,0,0
RE.GGGAGATCACATGGGA-1,2,2,0,0,0,0,0,3,0,4,2,0,0,-1,-1,-1,-1,-1,0,4,0
RE.AGGGTGATCCACTCCA-1,2,2,0,0,0,0,0,3,0,4,0,0,0,0,0,0,-1,-1,0,0,0
RE.ACTGTCCTCATCTGCC-1,2,2,0,0,0,0,0,3,0,6,0,0,0,0,0,0,-1,-1,11,0,0
I19,0,0,0,0,0,0,0,0:0.02/-1:0.98,0:0.02/-1:0.98,0:0.02/-1:0.98,0,0,0,0,0,0:0.39/2:0.61,0,0,0,0,0
clade_64,0,0,0,0,0,2,0,-1,-1,-1,0,0,0,0,0,2,0,0,0,0,0
clade_30,0,0,0,0,0,2,0,-1,-1,-1,0,0,0,0,0,2,0,0,0,0,0
RE.GAACATCAGATTACCC-1,0,0,0,0,-1,-1,-1,-1,-1,-1,0,0,0,7,3,2,0,4,6,0,0
I20,0,0,0,0,0,2,0,-1,-1,-1,0,0,0,0,0,2,0,0,0,0,0
I21,0,0,0,0,0,2,0,-1,-1,-1,0,0,0,0,0,2,0,0,0,0,0
clade_42,0:0.03/-1:0.96/2:0.001/3:0.001/0:0.001/4:0.001/5:0.001/6:0.001/7:0.001/8:0.001/9:0.001/10:0.001/11:0.001,0:0.03/-1:0.96/2:0.001/3:0.001/0:0.001/4:0.001/5:0.001/6:0.001/7:0.001/8:0.001,0:0.03/-1:0.96/0:0.001/2:0.001/3:0.001/4:0.001/5:0.001/6:0.001/7:0.001/8:0.001,0,0,2,0,-1,-1,-1,0,0,0,0,0,2,0,0:0.01/3:0.99,0,0,0
RE.TCTCTAAGTATGAATG-1,-1,-1,-1,0,2,2,2,-1,-1,-1,0,0,0,0,0,2,0,3,0,0,2
RE.TAAGTGCCAACTGGCC-1,-1,-1,-1,0,0,2,0,-1,-1,-1,5,0,0,0,0,2,0,3,3,0,0
I22,0,0,0,0,0,2,0,-1,-1,-1,0,0,0,0,0,2,0,0,0,0,0
RE.TAGACCATCCTGTACC-1,5,0,0,0,3,2,0,-1,-1,-1,4,5,0,4,0,2,0,0,0,2,4
I23,0,0,0,0,0,2,0,-1,-1,-1,0,0,0,0,0,2,0,0,0,0,0
clade_46,0,0,0,0,0,2,0,-1,-1,-1,3,0,0,0,0,2,0,0,0,0,0
I24,0,0,0,0,0,2,0,-1,-1,-1,3,0,0,0,0,2,0,0,0,0,0
RE.GGATTACTCGGAATCT-1,0,0,0,0,0,2,0,-1,-1,-1,3,0,0,5,0,2,0,0,0,0,0
RE.TATCTCACAGTTAACC-1,0,5,0,0,0,2,0,-1,-1,-1,3,3,3,0,0,2,0,0,0,0,0
RE.TACAGTGGTAGCGCAA-1,0,0,5,0,0,2,6,-1,-1,-1,3,0,0,0,0,2,0,0,0,0,2
clade_51,0,0,0,0,0,2,0:0.69/10:0.31,-1,-1,-1,0,0,0,0,0:0.09/4:0.91,2,0,0,0,0,0
RE.CCACTACAGGCAGGTT-1,0,0,0,0,0,2,10,-1,-1,-1,0,0,0,0,4,2,0,7,0,0,0
RE.CTAGAGTCATCCCACT-1,0,0,0,3,-1,-1,-1,-1,-1,-1,0,0,0,0,4,2,0,0,7,0,0
clade_31,0,0,0,0,0,2,7,-1,-1,-1,0,0,0,0,0,2,3,0,0,0,0
RE.CGTAGCGTCATCATTC-1,0,0,0,0,0,2,7,-1,-1,-1,0,0,0,-1,-1,-1,3,0,0,0,0
I25,0,0,0,0,0,2,7,-1,-1,-1,0,0,0,0,0,2,3,0,0,0,0
RE.GGGCACTAGTTGAGAT-1,0,0,0,0,0,2,7,-1,-1,-1,0,3,3,0,2,2,3,0,0,0,0
clade_34,7,0,0,0,0,2,7,-1,-1,-1,0,0,0,0,0,2,3,0,0,0,0
RE.GGCGACTAGCTAACAA-1,7,0,0,0,0,2,7,-1,-1,-1,0,0,0,-1,-1,-1,3,0,0,2,4
I26,7,0,0,0,0,2,7,-1,-1,-1,0,0,0,0,0,2,3,0,0,0,0
RE.CCCAGTTAGAGTCTGG-1,7,0,0,3,0,2,7,-1,-1,-1,4,0,6,0,5,2,3,0,5,5,0
I27,7,0,0,0,0,2,7,-1,-1,-1,0,0,0,0,0,2,3,0,0,0,0
RE.AACCGCGCAATAGCGG-1,7,0,0,0,0,2,7,-1,-1,-1,0,0,0,0,0,2,3,0,0,0,11
RE.GACAGAGTCACAGGCC-1,7,0,0,0,0,2,7,-1,-1,-1,0,0,0,0,0,2,3,4,6,0,7
clade_60,0,0,0,0,0:0.01/7:0.99,2,0,-1,-1,-1,0,0,0:0.02/6:0.98,0:0.01/6:0.99,0,2,0,0,0:0.03/-1:0.96/2:0.001/0:0.001/3:0.001/4:0.001/5:0.001/6:0.001/7:0.001/8:0.001/9:0.001/10:0.001/11:0.001,0:0.03/-1:0.96/0:0.001/2:0.001/3:0.001/4:0.001/5:0.001/6:0.001/7:0.001,0:0.03/-1:0.96/2:0.001/0:0.001/3:0.001/4:0.001/5:0.001/6:0.001/7:0.001/8:0.001/9:0.001/10:0.001/11:0.001
RE.CTCGTACGTCAGTGGA-1,0,0,7,0,7,2,13,-1,-1,-1,8,9,6,6,0,2,0,0,-1,-1,-1
RE.CCTCAGTCATATACGC-1,9,0,0,0,7,2,0,-1,-1,-1,4,0,6,6,0,2,0,0,-1,-1,-1
clade_29,0,0,0,0,0,0,0,-1,-1,-1,0,0,0,-1,-1,-1,0,0,0,0,0
clade_12,6,0,0,3,0,0,0,-1,-1,-1,0,6,0,-1,-1,-1,0,0,0,0,0
I28,6,0,0,3,0,0,0,-1,-1,-1,0,6,0,-1,-1,-1,0,0,0,0,0
RE.GTCCTCATCCACGACG-1,6,0,0,3,0,0,0,-1,-1,-1,0,6,0,-1,-1,-1,0,5,4,3,6
I29,6,0,0,3,0,0,0,-1,-1,-1,0,6,0,-1,-1,-1,0,0,0,0,0
RE.TAAGTGCTCATAACCG-1,6,0,0,3,0,0,0,-1,-1,-1,4,6,0,-1,-1,-1,0,4,0,0,5
RE.GGGAATGTCACGGTTA-1,6,0,0,3,0,0,0,-1,-1,-1,0,6,0,-1,-1,-1,4,6,0,0,0
clade_16,6,0,0,3,0,0,0,-1,-1,-1,0,6,0,-1,-1,-1,0,0,0,0,0:0.05/2:0.95
RE.GCGGGTTGTCATCGGC-1,6,0,0,3,4,0,0,-1,-1,-1,0,6,0,-1,-1,-1,0,0,0,0,2
RE.GAGCAGAGTTTGACTG-1,6,0,6,3,5,0,9,-1,-1,-1,0,6,0,-1,-1,-1,0,0,5,5,2
clade_65,0,0,0,0,0,0,0,-1,-1,-1,0,0,0,-1,-1,-1,0,0,0,0,0
RE.AGACGTTCAAACCTAC-1,0,0,2,4,9,9,0,-1,-1,-1,0,0,0,-1,-1,-1,0,0,10,0,0
I30,0,0,0,0,0:0.98/6:0.02,0:0.98/7:0.02,0:0.98/12:0.02,-1,-1,-1,0,0,0,-1,-1,-1,0,0,0,0,0
RE.ACATGGTGTAGCAAAT-1,11,0,0,0,-1,-1,-1,-1,-1,-1,0,0,0,-1,-1,-1,0,4,0,7,0
RE.CTGTGCTAGTCAATAG-1,2,2,0,0,6,7,12,-1,-1,-1,0,0,0,-1,-1,-1,0,0,0,0,9
