(((((M1.GTGTTAGAGGCTAGAC-1:7.411,(M1.GACGCGTAGGACAGCT-1:5.102,((((M1.CGCTTCACACTCGACG-1:3.162,(M1.ATGGGAGCAATGTAAG-1:0,M1.TGACGGCTCACCATAG-1:0)I57:0.162)clade_102:3.146,M1.GGGACCTTCATAGCAC-1:1.503)clade_101:3.561,((M1.TCATTACCAAACTGTC-1:0,M1.AGCGGTCTCTGAGTGT-1:0)clade_97:3.022,((M1.GCGGGTTGTGACAAAT-1:0,M1.ATCATCTAGATTACCC-1:0)clade_98:1,(M1.GGAACTTAGACAAGCC-1:1,(M1.ACTGAGTTCAGCCTAA-1:0,M1.AGATTGCCAATGTTGC-1:0)I56:0)I55:0)I54:0.168)clade_96:4.795)clade_95:0.051,(((((M1.CGATGGCTCAGCTTAG-1:1.002,M1.AGCCTAAAGTGTTAGA-1:0.002)clade_57:0.998,((M1.TCGTAGACATACGCCG-1:0,M1.CGCGGTATCAGCGATT-1:0)I53:0.015,M1.ATAAGAGTCATTATCC-1:3.015)clade_55:0.985)I52:0,((((M1.CACACAAGTCGAATCT-1:0.002,M1.TAAACCGTCTTGAGAC-1:1.002)clade_60:0.998,(((((M1.GCATGTAAGCCCTAAT-1:0.002,M1.CTCGGGACAGGAATCG-1:1.002)clade_63:0.998,(M1.CGAGAAGGTGAGGGTT-1:0.013,M1.CTAAGACGTAGGGTAC-1:2.013)clade_67:0.987)I51:0,((M1.CGTCAGGAGCGTTGCC-1:1.085,M1.TTTCCTCAGAAACGCC-1:4.085)clade_82:0.915,(M1.GGGACCTCATACCATG-1:2,((M1.GTCTCGTGTAATTGGA-1:1,(((M1.GTGTTAGTCGATGAGG-1:0,M1.TAAGAGAAGCGGCTTC-1:0)I50:0,(M1.CTGATCCAGAAACGAG-1:0,M1.CTCGAGGCACAGACAG-1:0)I49:0)I48:0,((M1.ATTACTCGTCATCCCT-1:0,LL.CGCTGGAAGGGTCTCC-1:0)I47:0,M1.ATAACGCTCTCCAACC-1:0)I46:0)I45:0)I44:0,M1.GACACGCGTTTGTGTG-1:1)I43:0)I42:0)I41:0)clade_74:0,(((M1.CTTCTCTGTCAAGCGA-1:1,M1.TCAACGACAGTGGAGT-1:1)I40:0,(M1.CGGCTAGTCAGCTCTC-1:1,((M1.CTCGAGGCACGTAAGG-1:0,M1.CGATGGCTCAGGCCCA-1:0)I39:0,M1.ACCGTAAGTGTGAAAT-1:0)I38:0)I37:0)I36:0.013,M1.CAGCATAGTACATCCA-1:3.013)clade_90:0.987)I35:0,(M1.CCAATCCAGCTCCCAG-1:0,M1.GTTCGGGTCAGGCCCA-1:0)clade_79:3)I34:0)I33:0,((((M1.TCAGGATGTTCCATGA-1:0,M1.CGAGCCATCCACGCAG-1:0)I32:0,M1.TTTATGCGTTAAGGGC-1:1)I31:0,(M1.CTCGGGAAGCTTTGGT-1:1.002,M1.ACAGCTACAATACGCT-1:0.002)clade_76:0.998)clade_75:1.009,(M1.CACACCTTCTACCAGA-1:0.063,M1.ACCAGTACATATGAGA-1:4.063)clade_80:0.946)I30:0.991)I29:0,((M1.TTTGTCACAACACCCG-1:3.208,M1.CGATTGAGTGTTTGTG-1:3.122)clade_70:0.895,M1.TGCGCAGTCTATCGCC-1:0.102)clade_69:0.898)I28:0)clade_54:0.003,(M1.GAAACTCGTCTGATCA-1:0.122,M1.CACAGGCGTCATGCCG-1:6.122)clade_65:0.882)clade_86:0.076,((M1.CTAATGGGTTTGACAC-1:0,M1.TGATTTCCAGGGCATA-1:0)I27:0,(M1.AGCAGCCCACATTTCT-1:0,M1.ATAGACCAGAATGTGT-1:0)I26:0)clade_91:3)clade_52:0.935)clade_53:1.087)clade_85:2.312)clade_49:5.716,(((RW.TTCGGTCGTGACTACT-1:3.64,((RW.ATGAGGGGTTTGACTG-1:1.005,RW.ACGGGTCAGAAGAAGC-1:0.005)I25:0.396,(M1.GCAGTTAGTCTGCGGT-1:0,M1.ACGGAGATCCTGCCAT-1:0)clade_11:3.052)clade_10:6.185)I24:3.358,M1.TCTCTAACATGGAATA-1:7.138)clade_8:1.143,(((((RW.TTCTCCTAGGCTCTTA-1:3.001,(RW.ACCTTTAAGTGGTAGC-1:0,RW.TAGACCATCAAACCGT-1:2)I23:0.001)I22:0.001,RW.ATCTGCCCACTTAAGC-1:3.001)clade_24:1.357,((RW.AGGGTGAAGGATGCGT-1:4.11,RW.CGAGCACGTACCTACA-1:0.158)clade_31:1.167,M2.CTTTGCGAGTTTCCTT-1:6.252)clade_28:4.903)clade_23:2.629,M1.TTGAACGCAGCTATTG-1:6.257)clade_19:3.98,((((((M1.ACTATCTCAACTGCTA-1:1.032,M1.GAATAAGAGGAGTTGC-1:1.032)I21:2.971,((M1.TGATTTCCAAAGAATC-1:0,M1.CCCAGTTAGAGCTGGT-1:0)I20:0,M1.TACGGGCGTCTGGAGA-1:3)I19:0.001)I18:0.003,M1.AAAGATGCAGATGGGT-1:5.004)clade_36:0.943,(M1.GTTTCTACAGGTGCCT-1:1.086,M1.GTTACAGTCCGGCACA-1:2.086)I17:2.933)I16:0.055,M1.CACAAACGTTCATGGT-1:4.001)I15:0.011,M1.CTCACACTCCTCGCAT-1:4.005)clade_34:6.003)I14:0.049)clade_7:1.035)I13:0.025,(M2.CGATGGCCAACACCTA-1:1.02,M2.CCTACACTCCTTTCGG-1:1.02)clade_4:10.063)clade_1:2.923,(((M1.GAACGGAGTTAGTGGG-1:0,M1.AGCGTATAGCGATGAC-1:0)clade_107:3.002,(M1.TCGCGTTCAAGTCATC-1:3.001,(((((M1.ACGGAGAAGCTACCGC-1:0,M1.ATTACTCCAGGGTATG-1:0)I12:0,M1.GGCAATTAGTGGTAGC-1:1)I11:0,M1.TTGAACGAGTGTACCT-1:1)clade_109:1,((M1.CACATAGTCAGGATCT-1:1,(((M1.CCCTCCTCACCTGGTG-1:0,M1.ACGCCGAGTGAAATCA-1:0)I10:0,(M1.TTCTTAGGTCTTCGTC-1:0,M1.GTGTGCGGTTCGGCAC-1:0)I9:0)I8:0,(M1.TGCCCTACACCATGTA-1:0,M1.TGCCAAACAACGCACC-1:0)I7:0)I6:0)I5:0,M1.TGGTTAGGTCACCTAA-1:2)I4:0)I3:0,(M1.CCGTACTGTGTTTGGT-1:3.068,M1.GTCACGGAGTACGATA-1:0.068)clade_112:0.932)I2:0.001)I1:0.013)clade_106:7.626,RW.CTCGGAGAGGCCCGTT-1:8.22)clade_105:8.547)root:0)I0;
I0,0,0,0,0,0,0,0,0,0,0,0,0,0,0,0,0,0,0,0
root,0,0,0,0,0,0,0,0,0,0,0,0,0,0,0,0,0,0,0
clade_105,0:0.47/3:0.53,0:0.47/6:0.53,0:0.47/4:0.53,0:0.2/3:0.8,0:0.2/3:0.8,0,0:0.14/-1:0.8/2:0.007/0:0.007/3:0.007/4:0.007/5:0.007/6:0.007/7:0.007/8:0.007,0:0.14/-1:0.8/2:0.02/3:0.02/4:0.02,0:0.14/-1:0.8/0:0.007/2:0.007/3:0.007/4:0.007/5:0.007/6:0.007/7:0.007/8:0.007,0,0,0,0,0:0.08/3:0.92,0:0.09/4:0.91,0:0.06/3:0.94,0,0,0
RW.CTCGGAGAGGCCCGTT-1,-1,-1,-1,3,3,0,-1,-1,-1,3,0,0,3,3,4,3,2,0,3
clade_106,3,6,4,3,3,0,-1,-1,-1,6,3,4,0,3,4,3,6,7,0
I1,3,6,4,3,3,0,-1,-1,-1,6,3,4,0,3,4,3,6,7,0
I2,3,6,4,3,3,0,-1,-1,-1,6,3,4,0,3,4,3,6,7,0
clade_112,3,6,4,3,3,0,-1,-1,-1,6,3,4,0:0.07/2:0.93,3,4,3,6,7,0
M1.GTCACGGAGTACGATA-1,3,6,4,3,3,0,-1,-1,-1,6,3,4,2,3,4,3,6,7,0
M1.CCGTACTGTGTTTGGT-1,3,6,4,-1,-1,-1,-1,-1,-1,6,3,4,2,3,4,3,6,7,0
I3,3,6,4,3,3,0,-1,-1,-1,6,3,4,0,3,4,3,6,7,0
I4,3,6,4,3,3,0,-1,-1,-1,6,3,4,0,3,4,3,6,7,0
M1.TGGTTAGGTCACCTAA-1,3,6,4,3,3,0,-1,-1,-1,6,3,4,4,3,4,3,6,7,8
I5,3,6,4,3,3,0,-1,-1,-1,6,3,4,0,3,4,3,6,7,0
I6,3,6,4,3,3,0,-1,-1,-1,6,3,4,0,3,4,3,6,7,0
I7,3,6,4,3,3,0,-1,-1,-1,6,3,4,0,3,4,3,6,7,0
M1.TGCCAAACAACGCACC-1,3,6,4,3,3,0,-1,-1,-1,6,3,4,0,3,4,3,6,7,0
M1.TGCCCTACACCATGTA-1,3,6,4,3,3,0,-1,-1,-1,6,3,4,0,3,4,3,6,7,0
I8,3,6,4,3,3,0,-1,-1,-1,6,3,4,0,3,4,3,6,7,0
I9,3,6,4,3,3,0,-1,-1,-1,6,3,4,0,3,4,3,6,7,0
M1.GTGTGCGGTTCGGCAC-1,3,6,4,3,3,0,-1,-1,-1,6,3,4,0,3,4,3,6,7,0
M1.TTCTTAGGTCTTCGTC-1,3,6,4,3,3,0,-1,-1,-1,6,3,4,0,3,4,3,6,7,0
I10,3,6,4,3,3,0,-1,-1,-1,6,3,4,0,3,4,3,6,7,0
M1.ACGCCGAGTGAAATCA-1,3,6,4,3,3,0,-1,-1,-1,6,3,4,0,3,4,3,6,7,0
M1.CCCTCCTCACCTGGTG-1,3,6,4,3,3,0,-1,-1,-1,6,3,4,0,3,4,3,6,7,0
M1.CACATAGTCAGGATCT-1,3,6,4,3,3,0,-1,-1,-1,6,3,4,5,3,4,3,6,7,0
clade_109,3,6,4,3,3,0,-1,-1,-1,6,3,4,0,3,4,3,6,7,7
M1.TTGAACGAGTGTACCT-1,3,6,4,3,3,0,-1,-1,-1,6,3,4,4,3,4,3,6,7,7
I11,3,6,4,3,3,0,-1,-1,-1,6,3,4,0,3,4,3,6,7,7
M1.GGCAATTAGTGGTAGC-1,3,6,4,3,3,0,-1,-1,-1,6,3,4,2,3,4,3,6,7,7
I12,3,6,4,3,3,0,-1,-1,-1,6,3,4,0,3,4,3,6,7,7
M1.ATTACTCCAGGGTATG-1,3,6,4,3,3,0,-1,-1,-1,6,3,4,0,3,4,3,6,7,7
M1.ACGGAGAAGCTACCGC-1,3,6,4,3,3,0,-1,-1,-1,6,3,4,0,3,4,3,6,7,7
M1.TCGCGTTCAAGTCATC-1,3,6,4,3,3,0,-1,-1,-1,6,3,4,0,3,4,3,-1,-1,-1
clade_107,-1,-1,-1,3,3,0,-1,-1,-1,6,3,4,0,3,4,3,6,7,0
M1.AGCGTATAGCGATGAC-1,-1,-1,-1,3,3,0,-1,-1,-1,6,3,4,0,3,4,3,6,7,0
M1.GAACGGAGTTAGTGGG-1,-1,-1,-1,3,3,0,-1,-1,-1,6,3,4,0,3,4,3,6,7,0
clade_1,0,0,0,0:0.03/2:0.97,0:0.03/2:0.97,0:0.03/2:0.97,0,0,0,0,0,0,0,0,0,0,0,0,0
clade_4,0,0,0,2,2,2,3,3,3,4,0,0,2,-1,-1,-1,2,0,5
M2.CCTACACTCCTTTCGG-1,0,5,0,2,2,2,3,3,3,4,0,0,2,-1,-1,-1,2,0,5
M2.CGATGGCCAACACCTA-1,0,0,0,2,2,2,3,3,3,4,0,0,2,-1,-1,-1,2,5,5
I13,0,0,0,0:0.02/2:0.98,0:0.02/2:0.98,0:0.02/2:0.98,0,0,0,0,0,0,0,0,0,0,0,0,0
clade_7,0,0,0,2,2,2,0,0:0.01/2:0.99,0,0,0,0,0,0,0,0,0,0,0
I14,0,0,0,2,2,2,0,0:0.01/2:0.99,0,0,0,0,0,0,0:0.98/2:0.02,0:0.98/2:0.02,0,0,0
clade_34,0,0,0,2,2,2,0,2,0:0.01/5:0.99,3,0,0,0,-1,-1,-1,0,0,9
M1.CTCACACTCCTCGCAT-1,0,7,0,2,2,2,-1,-1,-1,3,0,0,0,-1,-1,-1,0,0,9
I15,0,0,0,2,2,2,0,2,5,3,0,0,0,-1,-1,-1,0,0,9
M1.CACAAACGTTCATGGT-1,0,0,0,2,2,2,0,2,5,-1,-1,-1,0,-1,-1,-1,0,9,9
I16,0,0,0:0.95/2:0.05,2,2,2,0,2,5,3,0,0,0,-1,-1,-1,0,0,9
I17,0:0.02/-1:0.97/0:0.003/2:0.003/3:0.003/4:0.003,0:0.02/-1:0.97/2:0.001/3:0.001/4:0.001/0:0.001/5:0.001/6:0.001/7:0.001/8:0.001,0:0.02/-1:0.97/2:0.01,2,2,2,0,2,5,3,0,0,0,-1,-1,-1,0,0,9
M1.GTTACAGTCCGGCACA-1,-1,-1,-1,2,2,2,0,2,5,3,0,6,0,-1,-1,-1,2,0,9
M1.GTTTCTACAGGTGCCT-1,-1,-1,-1,2,2,2,0,2,5,3,0,0,0,-1,-1,-1,0,3,9
clade_36,0,0,2,2,2,2,0,2,5,3,0,0,0,-1,-1,-1,0,0,9
M1.AAAGATGCAGATGGGT-1,4,8,2,2,2,2,0,2,5,3,8,13,2,-1,-1,-1,0,0,9
I18,0,0,2,2,2,2,0,2,5,3,0,0,0,-1,-1,-1,0,0,9
I19,0,0,2,2,2,2,0,2,5,3,0,0,0,-1,-1,-1,0,0,9
M1.TACGGGCGTCTGGAGA-1,0,0,2,2,2,2,8,2,5,3,0,0,0,-1,-1,-1,7,8,9
I20,0,0,2,2,2,2,0,2,5,3,0,0,0,-1,-1,-1,0,0,9
M1.CCCAGTTAGAGCTGGT-1,0,0,2,2,2,2,0,2,5,3,0,0,0,-1,-1,-1,0,0,9
M1.TGATTTCCAAAGAATC-1,0,0,2,2,2,2,0,2,5,3,0,0,0,-1,-1,-1,0,0,9
I21,0,0,2,2,2,2,0:0.01/-1:0.99,-1:0.99/2:0.01,-1:0.99/5:0.01,3,0,0,0,-1,-1,-1,0,0,9
M1.GAATAAGAGGAGTTGC-1,0,0,2,2,2,2,-1,-1,-1,3,0,12,0,-1,-1,-1,0,0,9
M1.ACTATCTCAACTGCTA-1,0,0,2,2,2,2,-1,-1,-1,3,0,0,0,-1,-1,-1,0,10,9
clade_19,0,0,0,2,2,2,0:0.03/2:0.97,2,0,0:0.37/2:0.63,0,0:0.36/2:0.64,0,0,0:0.13/2:0.87,0:0.09/2:0.91,0,0,0
M1.TTGAACGCAGCTATTG-1,0,0,0,2,2,2,2,2,0,-1,-1,-1,2,5,2,2,5,0,0
clade_23,0,0:0.06/2:0.94,0:0.11/2:0.89,2,2,2,2,2,0,0:0.03/2:0.97,0,0:0.01/2:0.99,0,0,0:0.09/2:0.91,0:0.06/2:0.94,0,0,0
clade_28,0,0:0.02/2:0.98,0:0.04/2:0.96,2,2,2,2,2,0,0:0.01/2:0.99,0,2,0,0:0.05/-1:0.94/0:0.002/2:0.002/3:0.002/4:0.002/5:0.002/6:0.002,-1:0.94/2:0.06,-1:0.94/2:0.06,0,0:0.04/4:0.96,0:0.03/4:0.97
M2.CTTTGCGAGTTTCCTT-1,-1,-1,-1,2,2,2,2,2,0,-1,-1,-1,0,-1,-1,-1,0,4,4
clade_31,0,2,2,2,2,2,2,2,0,2,0,2,0:0.08/2:0.92,0:0.01/-1:0.99,-1:0.99/2:0.01,-1:0.99/2:0.01,0,0:0.03/4:0.97,0:0.02/4:0.98
RW.CGAGCACGTACCTACA-1,0,2,2,2,2,2,2,2,0,2,0,2,2,-1,-1,-1,0,4,4
RW.AGGGTGAAGGATGCGT-1,0,2,2,2,2,2,2,2,0,2,2,2,2,-1,-1,-1,-1,-1,-1
clade_24,0,2,2,2,2,2,2,2,0,2,0,2,2,0,2,2,0,0,0
RW.ATCTGCCCACTTAAGC-1,0,2,2,2,2,2,2,2,0,-1,-1,-1,2,0,2,2,0,0,0
I22,0,2,2,2,2,2,2,2,0,2,0,2,2,0,2,2,0,0,0
I23,0,2,2,2,2,2,2,2,0,2,0,2,2,0,2,2,0,0,0
RW.TAGACCATCAAACCGT-1,0,2,2,2,2,2,2,2,0,2,0,2,2,0,2,2,0,3,2
RW.ACCTTTAAGTGGTAGC-1,0,2,2,2,2,2,2,2,0,2,0,2,2,0,2,2,0,0,0
RW.TTCTCCTAGGCTCTTA-1,0,2,2,2,2,2,2,2,0,2,0,2,2,0,2,2,-1,-1,-1
clade_8,0,0,0,2,2,2,0,0:0.01/2:0.99,0,0,0,0,0,0:0.87/2:0.13,0:0.87/3:0.13,0,0,0:0.13/2:0.87,0
M1.TCTCTAACATGGAATA-1,-1,-1,-1,2,2,2,0,2,0,0,0,0,0,-1,-1,-1,2,2,0
I24,0,0,0,2,2,2,0,2,0,0:0.15/-1:0.81/2:0.006/3:0.006/4:0.006/5:0.006/6:0.006/0:0.006/7:0.006,0:0.15/-1:0.81/0:0.005/2:0.005/3:0.005/4:0.005/5:0.005/6:0.005/7:0.005/8:0.005,0:0.15/-1:0.81/2:0.003/0:0.003/3:0.003/4:0.003/5:0.003/6:0.003/7:0.003/8:0.003/9:0.003/10:0.003/11:0.003/12:0.003/13:0.003,0,0:0.53/2:0.47,0:0.53/3:0.47,0,0,0:0.01/2:0.99,0
clade_10,0,0:0.17/4:0.83,0:0.17/3:0.83,2,2,2,0,2,2,-1,-1,-1,0,-1:0.99/2:0.01,-1:0.99/3:0.01,0:0.01/-1:0.99,0,2,0
clade_11,-1,-1,-1,2,2,2,0,2,2,-1,-1,-1,0,-1,-1,-1,0,2,0
M1.ACGGAGATCCTGCCAT-1,-1,-1,-1,2,2,2,0,2,2,-1,-1,-1,0,-1,-1,-1,0,2,0
M1.GCAGTTAGTCTGCGGT-1,-1,-1,-1,2,2,2,0,2,2,-1,-1,-1,0,-1,-1,-1,0,2,0
I25,0,4,3,2,2,2,0,2,2,-1,-1,-1,0,-1,-1,-1,0,2,0
RW.ACGGGTCAGAAGAAGC-1,0,4,3,2,2,2,0,2,2,-1,-1,-1,0,-1,-1,-1,0,2,0
RW.ATGAGGGGTTTGACTG-1,0,4,3,2,2,2,0,2,2,-1,-1,-1,0,-1,-1,-1,3,2,0
RW.TTCGGTCGTGACTACT-1,2,3,0,2,2,2,0,2,0,-1,-1,-1,0,2,3,0,0,2,0
clade_49,0:0.07/-1:0.91/0:0.005/2:0.005/3:0.005/4:0.005,0:0.07/-1:0.91/2:0.003/3:0.003/4:0.003/0:0.003/5:0.003/6:0.003/7:0.003/8:0.003,0:0.07/-1:0.91/2:0.005/0:0.005/3:0.005/4:0.005,2,2,2,0,0,0,0,0,0,0:0.07/-1:0.91/2:0.004/0:0.004/3:0.004/4:0.004/5:0.004,0,0,0,0:0.03/4:0.97,0:0.02/6:0.98,0
clade_85,-1:0.99/0:0.003/2:0.003/3:0.003/4:0.003,-1:0.99/2:0.001/3:0.001/4:0.001/0:0.001/5:0.001/6:0.001/7:0.001/8:0.001,-1:0.99/2:0.003/0:0.003/3:0.003/4:0.003,2,2,2,0,0,0,0,0,0,-1:0.99/2:0.002/0:0.002/3:0.002/4:0.002/5:0.002,0:0.03/4:0.97,0:0.04/5:0.96,0,4,6,0
clade_53,-1,-1,-1,2,2,2,0,0,0,0:0.01/5:0.99,0,0,-1,4,5,0,4,6,0
clade_52,-1,-1,-1,2,2,2,0,0:0.08/2:0.92,0,5,0,0,-1,4,5,0,4,6,0
clade_91,-1,-1,-1,2,2,2,-1,-1,-1,5,0,0,-1,4,5,0,4,6,0
I26,-1,-1,-1,2,2,2,-1,-1,-1,5,0,0,-1,4,5,0,4,6,0
M1.ATAGACCAGAATGTGT-1,-1,-1,-1,2,2,2,-1,-1,-1,5,0,0,-1,4,5,0,4,6,0
M1.AGCAGCCCACATTTCT-1,-1,-1,-1,2,2,2,-1,-1,-1,5,0,0,-1,4,5,0,4,6,0
I27,-1,-1,-1,2,2,2,-1,-1,-1,5,0,0,-1,4,5,0,4,6,0
M1.TGATTTCCAGGGCATA-1,-1,-1,-1,2,2,2,-1,-1,-1,5,0,0,-1,4,5,0,4,6,0
M1.CTAATGGGTTTGACAC-1,-1,-1,-1,2,2,2,-1,-1,-1,5,0,0,-1,4,5,0,4,6,0
clade_86,-1,-1,-1,2,2,2,0,2,0,5,0,0,-1,4,5,0,4,6,0
clade_65,-1,-1,-1,2,2,2,0,2,0:0.12/7:0.88,5,0,0,-1,4,5,0,4,6,0
M1.CACAGGCGTCATGCCG-1,-1,-1,-1,-1,-1,-1,0,2,7,-1,-1,-1,-1,4,5,0,4,6,0
M1.GAAACTCGTCTGATCA-1,-1,-1,-1,2,2,2,0,2,7,5,0,0,-1,4,5,0,4,6,0
clade_54,-1,-1,-1,2,2,2,0,2,0,5,0,0,-1,4,5,0,4,6,0
I28,-1,-1,-1,2,2,2,0,2,0,5,0,0,-1,4,5,0,4,6,0
clade_69,-1,-1,-1,2,2,2,0:0.1/4:0.9,2,0,5,0,0,-1,4,5,0,4,6,0
M1.TGCGCAGTCTATCGCC-1,-1,-1,-1,2,2,2,4,2,0,5,0,0,-1,4,5,0,4,6,0
clade_70,-1,-1,-1,2,2,2,0:0.09/4:0.91,2,0,5,0,0,-1,4,5,0:0.12/4:0.88,4,6,0
M1.CGATTGAGTGTTTGTG-1,-1,-1,-1,2,2,2,-1,-1,-1,5,0,0,-1,4,5,4,4,6,0
M1.TTTGTCACAACACCCG-1,-1,-1,-1,2,2,2,4,2,0,-1,-1,-1,-1,4,5,4,4,6,0
I29,-1,-1,-1,2,2,2,0,2,0,5,0,0,-1,4,5,0,4,6,0
I30,-1,-1,-1,2,2,2,0,2,0,5,0,0:0.01/3:0.99,-1,4,5,0,4,6,0
clade_80,-1,-1,-1,2,2,2,0,2,0,5,0:0.06/2:0.94,3,-1,4,5,0,4,6,0
M1.ACCAGTACATATGAGA-1,-1,-1,-1,2,2,2,-1,-1,-1,5,2,3,-1,4,5,6,4,6,0
M1.CACACCTTCTACCAGA-1,-1,-1,-1,2,2,2,0,2,0,5,2,3,-1,4,5,0,4,6,0
clade_75,-1,-1,-1,2,2,2,0,2,4,5,0,3,-1,4,5,0,4,6,0
clade_76,-1,-1,-1,2,2,2,0,2,4,5,0,3,-1,4,5,0,4,6,13
M1.ACAGCTACAATACGCT-1,-1,-1,-1,2,2,2,0,2,4,5,0,3,-1,4,5,0,4,6,13
M1.CTCGGGAAGCTTTGGT-1,-1,-1,-1,2,2,2,4,2,4,5,0,3,-1,4,5,0,4,6,13
I31,-1,-1,-1,2,2,2,0,2,4,5,0,3,-1,4,5,0,4,6,0
M1.TTTATGCGTTAAGGGC-1,-1,-1,-1,2,2,2,5,2,4,5,0,3,-1,4,5,0,4,6,0
I32,-1,-1,-1,2,2,2,0,2,4,5,0,3,-1,4,5,0,4,6,0
M1.CGAGCCATCCACGCAG-1,-1,-1,-1,2,2,2,0,2,4,5,0,3,-1,4,5,0,4,6,0
M1.TCAGGATGTTCCATGA-1,-1,-1,-1,2,2,2,0,2,4,5,0,3,-1,4,5,0,4,6,0
I33,-1,-1,-1,2,2,2,0,2,0,5,0,0,-1,4,5,0,4,6,0
I34,-1,-1,-1,2,2,2,0,2,0,5,0,0,-1,4,5,0,4,6,0
clade_79,-1,-1,-1,2,2,2,0,2,0,-1,-1,-1,-1,4,5,0,4,6,0
M1.GTTCGGGTCAGGCCCA-1,-1,-1,-1,2,2,2,0,2,0,-1,-1,-1,-1,4,5,0,4,6,0
M1.CCAATCCAGCTCCCAG-1,-1,-1,-1,2,2,2,0,2,0,-1,-1,-1,-1,4,5,0,4,6,0
I35,-1,-1,-1,2,2,2,0,2,0,5,0,0,-1,4,5,0,4,6,0
clade_90,-1,-1,-1,2,2,2,0:0.01/7:0.99,2,0,5,0,0,-1,4,5,0,4,6,0
M1.CAGCATAGTACATCCA-1,-1,-1,-1,2,2,2,7,2,0,-1,-1,-1,-1,4,5,0,4,6,0
I36,-1,-1,-1,2,2,2,7,2,0,5,0,0,-1,4,5,0,4,6,0
I37,-1,-1,-1,2,2,2,7,2,0,5,0,0,-1,4,5,0,4,6,0
I38,-1,-1,-1,2,2,2,7,2,0,5,0,0,-1,4,5,0,4,6,0
M1.ACCGTAAGTGTGAAAT-1,-1,-1,-1,2,2,2,7,2,0,5,0,0,-1,4,5,0,4,6,0
I39,-1,-1,-1,2,2,2,7,2,0,5,0,0,-1,4,5,0,4,6,0
M1.CGATGGCTCAGGCCCA-1,-1,-1,-1,2,2,2,7,2,0,5,0,0,-1,4,5,0,4,6,0
M1.CTCGAGGCACGTAAGG-1,-1,-1,-1,2,2,2,7,2,0,5,0,0,-1,4,5,0,4,6,0
M1.CGGCTAGTCAGCTCTC-1,-1,-1,-1,2,2,2,7,2,0,5,0,0,-1,4,5,6,4,6,0
I40,-1,-1,-1,2,2,2,7,2,0,5,0,0,-1,4,5,0,4,6,0
M1.TCAACGACAGTGGAGT-1,-1,-1,-1,2,2,2,7,2,4,5,0,0,-1,4,5,0,4,6,0
M1.CTTCTCTGTCAAGCGA-1,-1,-1,-1,2,2,2,7,2,0,5,0,0,-1,4,5,0,4,6,11
clade_74,-1,-1,-1,2,2,2,0,2,0,5,0,0,-1,4,5,0,4,6,0
I41,-1,-1,-1,2,2,2,0,2,0,5,0,0,-1,4,5,0,4,6,0
I42,-1,-1,-1,2,2,2,0,2,0,5,0,0,-1,4,5,0,4,6,0
I43,-1,-1,-1,2,2,2,0,2,0,5,0,0,-1,4,5,0,4,6,0
M1.GACACGCGTTTGTGTG-1,-1,-1,-1,2,2,2,0,2,0,5,0,11,-1,4,5,0,4,6,0
I44,-1,-1,-1,2,2,2,0,2,0,5,0,0,-1,4,5,0,4,6,0
I45,-1,-1,-1,2,2,2,0,2,0,5,0,0,-1,4,5,0,4,6,0
I46,-1,-1,-1,2,2,2,0,2,0,5,0,0,-1,4,5,0,4,6,0
M1.ATAACGCTCTCCAACC-1,-1,-1,-1,2,2,2,0,2,0,5,0,0,-1,4,5,0,4,6,0
I47,-1,-1,-1,2,2,2,0,2,0,5,0,0,-1,4,5,0,4,6,0
LL.CGCTGGAAGGGTCTCC-1,-1,-1,-1,2,2,2,0,2,0,5,0,0,-1,4,5,0,4,6,0
M1.ATTACTCGTCATCCCT-1,-1,-1,-1,2,2,2,0,2,0,5,0,0,-1,4,5,0,4,6,0
I48,-1,-1,-1,2,2,2,0,2,0,5,0,0,-1,4,5,0,4,6,0
I49,-1,-1,-1,2,2,2,0,2,0,5,0,0,-1,4,5,0,4,6,0
M1.CTCGAGGCACAGACAG-1,-1,-1,-1,2,2,2,0,2,0,5,0,0,-1,4,5,0,4,6,0
M1.CTGATCCAGAAACGAG-1,-1,-1,-1,2,2,2,0,2,0,5,0,0,-1,4,5,0,4,6,0
I50,-1,-1,-1,2,2,2,0,2,0,5,0,0,-1,4,5,0,4,6,0
M1.TAAGAGAAGCGGCTTC-1,-1,-1,-1,2,2,2,0,2,0,5,0,0,-1,4,5,0,4,6,0
M1.GTGTTAGTCGATGAGG-1,-1,-1,-1,2,2,2,0,2,0,5,0,0,-1,4,5,0,4,6,0
M1.GTCTCGTGTAATTGGA-1,-1,-1,-1,2,2,2,8,2,0,5,0,0,-1,4,5,0,4,6,0
M1.GGGACCTCATACCATG-1,-1,-1,-1,2,2,2,0,2,0,5,0,8,-1,4,5,6,4,6,0
clade_82,-1,-1,-1,2,2,2,0,2,0:0.08/4:0.92,5,0,0,-1,4,5,0,4,6,0
M1.TTTCCTCAGAAACGCC-1,-1,-1,-1,2,2,2,0,2,4,-1,-1,-1,-1,4,5,0,4,6,6
M1.CGTCAGGAGCGTTGCC-1,-1,-1,-1,2,2,2,0,2,4,5,0,0,-1,4,5,0,4,6,13
I51,-1,-1,-1,2,2,2,0,2,0,5,0,0,-1,4,5,0,4,6,0
clade_67,-1,-1,-1,2,2,2,0,2,0:0.01/8:0.99,5,0,0,-1,4,5,0,4,6,0
M1.CTAAGACGTAGGGTAC-1,-1,-1,-1,2,2,2,0,2,8,5,7,0,-1,4,5,8,4,6,0
M1.CGAGAAGGTGAGGGTT-1,-1,-1,-1,2,2,2,0,2,8,5,0,0,-1,4,5,0,4,6,0
clade_63,-1,-1,-1,2,2,2,0,2,0,5,0,9,-1,4,5,0,4,6,0
M1.CTCGGGACAGGAATCG-1,-1,-1,-1,2,2,2,0,2,0,5,0,9,-1,4,5,0,4,6,12
M1.GCATGTAAGCCCTAAT-1,-1,-1,-1,2,2,2,0,2,0,5,0,9,-1,4,5,0,4,6,0
clade_60,-1,-1,-1,2,2,2,0,2,0,5,0,5,-1,4,5,0,4,6,0
M1.TAAACCGTCTTGAGAC-1,-1,-1,-1,2,2,2,0,2,0,5,4,5,-1,4,5,0,4,6,0
M1.CACACAAGTCGAATCT-1,-1,-1,-1,2,2,2,0,2,0,5,0,5,-1,4,5,0,4,6,0
I52,-1,-1,-1,2,2,2,0,2,0,5,0,0,-1,4,5,0,4,6,0
clade_55,-1,-1,-1,2,2,2,0,2,0,5,0,0,-1,4,5,0,4,6,0:0.02/10:0.98
M1.ATAAGAGTCATTATCC-1,-1,-1,-1,-1,-1,-1,0,2,0,5,0,0,-1,4,5,0,4,6,10
I53,-1,-1,-1,2,2,2,0,2,0,5,0,0,-1,4,5,0,4,6,10
M1.CGCGGTATCAGCGATT-1,-1,-1,-1,2,2,2,0,2,0,5,0,0,-1,4,5,0,4,6,10
M1.TCGTAGACATACGCCG-1,-1,-1,-1,2,2,2,0,2,0,5,0,0,-1,4,5,0,4,6,10
clade_57,-1,-1,-1,2,2,2,0,2,0,5,0,0,-1,4,5,0,4,6,11
M1.AGCCTAAAGTGTTAGA-1,-1,-1,-1,2,2,2,0,2,0,5,0,0,-1,4,5,0,4,6,11
M1.CGATGGCTCAGCTTAG-1,-1,-1,-1,2,2,2,8,2,0,5,0,0,-1,4,5,0,4,6,11
clade_95,-1,-1,-1,2,2,2,0:0.98/6:0.02,0:0.98/4:0.02,0:0.98/6:0.02,0:0.01/5:0.99,0,0,-1,4,5,0,4,6,0
clade_96,-1,-1,-1,2,2,2,6,0:0.01/4:0.99,6,5,0:0.15/4:0.85,0,-1,4,5,0,4,6,10
I54,-1,-1,-1,2,2,2,6,4,6,5,4,0,-1,4,5,0,4,6,10
I55,-1,-1,-1,2,2,2,6,4,6,5,4,0,-1,4,5,0,4,6,10
I56,-1,-1,-1,2,2,2,6,4,6,5,4,0,-1,4,5,0,4,6,10
M1.AGATTGCCAATGTTGC-1,-1,-1,-1,2,2,2,6,4,6,5,4,0,-1,4,5,0,4,6,10
M1.ACTGAGTTCAGCCTAA-1,-1,-1,-1,2,2,2,6,4,6,5,4,0,-1,4,5,0,4,6,10
M1.GGAACTTAGACAAGCC-1,-1,-1,-1,2,2,2,6,4,6,5,4,0,-1,4,5,7,4,6,10
clade_98,-1,-1,-1,2,2,2,6,4,6,5,4,0,-1,4,5,6,4,6,10
M1.ATCATCTAGATTACCC-1,-1,-1,-1,2,2,2,6,4,6,5,4,0,-1,4,5,6,4,6,10
M1.GCGGGTTGTGACAAAT-1,-1,-1,-1,2,2,2,6,4,6,5,4,0,-1,4,5,6,4,6,10
clade_97,-1,-1,-1,2,2,2,6,4,6,-1,-1,-1,-1,4,5,0,4,6,10
M1.AGCGGTCTCTGAGTGT-1,-1,-1,-1,2,2,2,6,4,6,-1,-1,-1,-1,4,5,0,4,6,10
M1.TCATTACCAAACTGTC-1,-1,-1,-1,2,2,2,6,4,6,-1,-1,-1,-1,4,5,0,4,6,10
clade_101,-1,-1,-1,2,2,2,0:0.08/-1:0.9/6:0.02,0:0.08/-1:0.9/4:0.02,0:0.08/-1:0.9/6:0.02,0:0.01/5:0.99,0:0.6/5:0.4,0:0.6/7:0.4,-1,4,5,0,4,6,0
M1.GGGACCTTCATAGCAC-1,-1,-1,-1,2,2,2,-1,-1,-1,5,5,7,-1,4,5,0,4,6,0
clade_102,-1,-1,-1,2,2,2,-1,-1,-1,-1:0.95/5:0.05,0:0.02/-1:0.95/5:0.03,0:0.02/-1:0.95/7:0.03,-1,4,5,0,4,6,0
I57,-1,-1,-1,2,2,2,-1,-1,-1,-1,-1,-1,-1,4,5,0,4,6,0
M1.TGACGGCTCACCATAG-1,-1,-1,-1,2,2,2,-1,-1,-1,-1,-1,-1,-1,4,5,0,4,6,0
M1.ATGGGAGCAATGTAAG-1,-1,-1,-1,2,2,2,-1,-1,-1,-1,-1,-1,-1,4,5,0,4,6,0
M1.CGCTTCACACTCGACG-1,-1,-1,-1,-1,-1,-1,-1,-1,-1,-1,-1,-1,-1,4,5,0,4,6,0
M1.GACGCGTAGGACAGCT-1,-1,-1,-1,2,2,2,0,2,0,7,6,10,-1,4,5,8,4,6,0
M1.GTGTTAGAGGCTAGAC-1,-1,-1,-1,2,2,2,7,2,0,5,4,0,-1,6,6,5,4,6,0
