((((((((M1.CCATTCGAGTAATCCC-1:2.003,M1.GATCGTACAAGGTGTG-1:2.003)I38:0.005,M1.CACACCTGTTCGTGAT-1:6.008)clade_227:7.995,M1.GTGTTAGCACTGTGTA-1:14.965)clade_218:0.036,((LL.TCGGGACAGGTGCTAG-1:14.078,(((RW.TCAGCAAAGACGCTTT-1:0.003,RW.TTAGGCAGTATGGTTC-1:2.003)clade_256:5.022,((((M2.AGATCTGTCTCGCATC-1:2,(M2.TCACGAAGTGCAGACA-1:1,(M2.TCAGCAAAGTAGCGGT-1:1,M2.TGGGCGTAGCGATAGC-1:1)I37:0)I36:0)I35:0.002,M2.GCATGTAGTACAGTGG-1:4.002)I34:0.004,(M2.GACCAATCAAACGCGA-1:0.09,M2.ACATGGTTCACGACTA-1:4.09)clade_267:2.92)clade_261:5.152,(M2.CCTTCGACATATGCTG-1:6.034,M2.AAGCCGCCAGCTGTGC-1:0.517)clade_271:4.485)clade_260:1.023)clade_255:3.832,M1.CGGCTAGAGATGTAAC-1:17.13)clade_249:2.221)clade_246:2.002,LL.ACTATCTTCGGCGCAT-1:11.08)clade_238:0.92)I33:0.001,(M1.ACCCACTCAGGGTATG-1:19.196,M1.ATGGGAGAGGTAAACT-1:12.342)clade_279:2.951)I32:0.007,((M1.CGATGGCGTAGCTCCG-1:16.387,M1.CAAGAAAAGAACAACT-1:21.624)clade_1:5.053,((M1.CCGTGGACACTTCGAA-1:16.576,M2.CTACCCATCCGGGTGT-1:14.408)clade_6:4.073,((M1.GATTCAGTCCCATTAT-1:3.183,(M2.CACATAGGTGCCTGGT-1:3.135,M2.AAGGAGCCAGTACACT-1:6.135)clade_31:3.049)clade_30:7.183,((((((Liv.GACACGCGTTCGGGCT-1:0,Liv.TATGCCCAGTACGTTC-1:0)clade_18:1,Liv.ACCAGTACATACGCTA-1:0)I31:0.003,Liv.AGATTGCGTTCCACTC-1:3.003)clade_16:0.998,((Liv.AGGCCACGTAGATTAG-1:1,(((Liv.CAGCGACGTATGAAAC-1:0,Liv.CTTTGCGTCTGGGCCA-1:0)I30:0,Liv.ATCCGAACAATCGAAA-1:1)I29:0,Liv.TTTGGTTGTAAGAGAG-1:1)I28:0)I27:0,(Liv.AACTCCCTCCAAGTAC-1:0.014,Liv.TCGTACCGTTAGGGTG-1:4.014)clade_14:0.986)I26:0.001)clade_13:5.546,((M1.CCACCTAGTGACCAAG-1:1.02,M1.CTTGGCTAGCGACGTA-1:2.02)clade_26:1.802,M1.GATGCTAAGTGTCCCG-1:6.343)clade_23:3.752)clade_10:3.471,RW.TCTGAGAAGGCATGTG-1:12.741)clade_22:2.637)clade_7:4.441)clade_5:2.35)I25:2.897)I24:13.993,((((RW.CCATTCGGTACAGTGG-1:13,((RW.GGACAGAGTAAATACG-1:9.544,RW.GGACAAGCATGCCACG-1:8.843)clade_304:5.249,(RW.CAGCATAGTAGGACAC-1:11.177,RW.CTCGGGACAGTATCTG-1:9.129)clade_291:0.876)clade_298:0.147)clade_290:0.821,RW.CTGAAGTTCAGGATCT-1:13.021)clade_285:3.979,(((M1.TCAGCTCAGTGACTCT-1:12.528,(RE.GTGCAGCGTACTCTCC-1:11.067,M1.GATGCTATCAGTCCCT-1:7.832)I23:2.761)clade_105:2.633,(((M2.CACCACTGTCAGCTAT-1:4.56,M1.CAAGATCGTTGAGGTG-1:8.746)clade_83:7.684,M2.CACCACTAGATCGGGT-1:15.192)clade_74:9.291,(M2.AAGGAGCGTGCATCTA-1:6.038,((((M2.CGTGAGCAGGCCCTTG-1:1,(M2.ACGAGGACATCGATGT-1:0,M2.CTTAACTGTGTCTGAT-1:1)I22:0)I21:0,M2.CAGAATCTCCAACCAA-1:4)I20:0.002,M2.CCTAAAGGTACAGACG-1:9.002)clade_88:0.006,M2.CGCGGTAAGTGACTCT-1:10.008)clade_84:2.03)clade_76:5.692)clade_72:2.417)clade_106:2.878,((((M1.AGATTGCCATTAGCCA-1:9.341,M1.TCATTTGAGTGAAGAG-1:0.341)clade_145:10.828,M1.GCGCAGTGTCGAGTTT-1:8.076)I19:0.926,(((LL.TTCTACATCCTTGCCA-1:4.094,LL.GTCGTAAGTAGCTTGT-1:7.094)clade_125:1.844,(M1.AAAGTAGAGTGAAGTT-1:7.207,(M1.CAGCTGGAGCGTTCCG-1:4.025,M1.CACAGTAAGACCTTTG-1:1.025)clade_139:2.655)clade_124:3.337)clade_135:0.063,(RW.CGGACACCAGGAATCG-1:11.059,((M1.ACACCGGGTGTGGTTT-1:4.041,M1.AGATCTGAGGTTACCT-1:3.041)clade_113:2.208,M1.CTAACTTAGCCATCGC-1:8.248)clade_119:2.826)clade_111:0.941)I18:0.003)clade_123:7.998,(((((Liv.AACCATGGTAGGACAC-1:10.551,M1.CTGATCCGTGTTGGGA-1:12.99)clade_55:3.452,M1.AGCTCTCGTAGCTAAA-1:5)I17:0.042,((M2.AGAGCGAAGAAACCGC-1:12.005,M1.CCTATTATCCTGTAGA-1:12.005)I16:0.006,M2.ATTTCTGCAAACGTGG-1:15.012)clade_44:0.989)clade_43:4,((((M1.GTGCAGCAGTCTCCTC-1:9.301,M2.GCATGTAGTTTAGCTG-1:11.081)clade_62:2.701,((M2.CCATGTCGTGTCCTCT-1:4.257,M2.GATTCAGCAAAGGAAG-1:6.257)clade_158:3.763,(M1.AGAATAGTCTAACCGA-1:8.012,M1.GATGCTAGTCTGATCA-1:2.015)I15:0.028)clade_154:8.961)I14:0.006,Liv.ACGATACGTTCTGGTA-1:17.009)I13:0.991,M1.CTCTAATTCCATTCTA-1:14)I12:0)I11:0,(((((((M2.GCTCCTAAGGCAGGTT-1:2,M2.GCAATCACATATGAGA-1:0)I10:0,M2.TTAGGCAGTTAGGGTG-1:5)I9:0,M2.TAGTTGGGTTGGTTTG-1:6)I8:0,((M2.CATCGGGCAATTCCTT-1:7.029,((M2.TGCGCAGCAATCAGAA-1:4.011,M2.TAGAGCTCATGGGAAC-1:2.011)clade_185:0.016,M2.TCGGGACAGGCTAGCA-1:7.027)I7:3.003)clade_182:0.978,M2.GCTTGAATCGCTGATA-1:3.008)clade_179:0.992)clade_167:0.002,((M2.TACGGTAGTTGCTCCT-1:4.014,M2.CCTAGCTAGACAAAGG-1:5.014)clade_192:0.007,(M2.GCATGTAGTGTGAAAT-1:6.229,M2.ATGGGAGAGCATCATC-1:7.229)I6:3.056)I5:2.983)clade_170:0.887,((M2.CAAGGCCTCAGTGTTG-1:14.752,M2.TTATGCTGTTCTGGTA-1:5.467)clade_172:6.106,M2.AGCATACGTTGCGTTA-1:17.877)clade_171:3.36)clade_166:1.114,((M1.GGAGCAAAGTCATCCA-1:20.308,RE.GTCATTTGTTTGCATG-1:6.023)clade_204:3.266,RW.GAATGAATCCATGAGT-1:4.24)clade_202:0.763)clade_165:6.997)I4:0)I3:0.001)clade_41:2.999)I2:0,M1.CTAATGGAGGCTACGA-1:18)I1:0)root:0)I0;
I0,0,0,0,0,0,0,0,0,0,0,0,0,0,0,0,0,0,0,0,0,0,0,0,0,0,0,0,0,0,0,0,0,0,0,0,0,0,0,0,0,0,0,0,0
root,0,0,0,0,0,0,0,0,0,0,0,0,0,0,0,0,0,0,0,0,0,0,0,0,0,0,0,0,0,0,0,0,0,0,0,0,0,0,0,0,0,0,0,0
I1,0,0,0,0,0,0,0,0,0,0,0,0,0,0,0,0,0,0,0,0,0,0,0,0,0,0,0,0,0,0,0,0,0,0,0,0,0,0,0,0,0,0,0,0
M1.CTAATGGAGGCTACGA-1,5,9,0,0,0,0,0,0,0,0,0,0,0,0,0,-1,-1,-1,-1,-1,-1,0,0,0,0,0,0,0,0,0,-1,-1,-1,3,0,0,-1,-1,-1,-1,-1,0,0,6
I2,0,0,0,0,0,0,0,0,0,0,0,0,0,0,0,0,0,0,0,0,0,0,0,0,0,0,0,0,0,0,0,0,0,0,0,0,0,0,0,0,0,0,0,0
clade_41,0,0,0,0,0,0,4,4,0,0,0,0,0,0,2,0,0,0,0,0,0,0,0,0,0,0,0,0,0,0,0,0,0,0,0,0,0,0,0,0,0,0,0,0
I3,0,0,0,0,0,0,4,4,0,0,0,0,0,0,2,0,0,0,0,0,0,0,0,0,0,0,0,0,0,0,0,0,0,0,0,0,0,0,0,0,0,0,0,0
I4,0,0,0,0,0,0,4,4,0,0,0,0,0,0,2,0,0,0,0,0,0,0,0,0,0,0,0,0,0,0,0,0,0,0,0,0,0,0,0,0,0,0,0,0
clade_165,0,0,0,4,4,4,4,4,0,0,0,0,0,0,2,0,0,0,0,0,2,4,4,0,0,0,0,0,0,0,0,0,0,0,0,0,0,0,2,0,0,0,0,0
clade_202,0,0,0,4,4,4,4,4,0,0,0,0,0:0.24/2:0.76,0,2,0,0,0,0,0,2,4,4,0,0,0,0,0,0,0,0,0,0,0,0,0,0,0,2,0,0,0,0,0
RW.GAATGAATCCATGAGT-1,0,0,0,4,4,4,4,4,0,0,0,0,2,2,2,0,0,0,0,0,2,4,4,0,0,0,0,0,0,0,0,3,4,0,0,0,0,0,2,3,0,0,0,0
clade_204,0,0,0,4,4,4,4,4,0,0,0,0,0:0.2/2:0.8,0,2,0,0,0,0:0.09/3:0.91,0,2,4,4,0,0,0,0,0,0,0,0,0,0,0,0,0,0:0.84/4:0.16,0:0.84/3:0.16,2,0:0.84/6:0.16,0,0:0.39/-1:0.59/2:0.003/0:0.003/3:0.003/4:0.003/5:0.003/6:0.003/7:0.003/8:0.003,0:0.39/-1:0.59/2:0.003/0:0.003/3:0.003/4:0.003/5:0.003/6:0.003,0:0.39/-1:0.59/0:0.003/2:0.003/3:0.003/4:0.003/5:0.003/6:0.003/7:0.003
RE.GTCATTTGTTTGCATG-1,0,0,4,4,4,4,4,4,0,0,0,0,2,0,2,0,0,0,3,0,2,4,4,0,0,0,0,0,0,3,0,0,0,0,0,0,4,3,2,6,0,-1,-1,-1
M1.GGAGCAAAGTCATCCA-1,0,7,7,4,4,4,4,4,0,0,0,0,-1,-1,-1,-1,-1,-1,3,0,2,4,4,0,3,0,0,4,7,0,-1,-1,-1,0,0,0,-1,-1,-1,-1,-1,-1,-1,-1
clade_166,0,0:0.01/2:0.99,0,4,4,4,4,4,0,0,0,0,0,0,2,0,0,0,0,0,2,4,4,0,0,0,0,0:0.88/2:0.12,0,0,0,0,0,0,0,0,0,0,2,0,0,0,0,0
clade_171,0:0.05/3:0.95,2,0,4,4,4,4,4,0,0,0,0,0:0.9/2:0.1,0,2,0:0.9/3:0.1,0:0.9/7:0.1,0,0,0,2,4,4,0,0,0,0,0:0.26/-1:0.69/2:0.05,0:0.3/-1:0.69/2:0.001/0:0.001/3:0.001/4:0.001/5:0.001/6:0.001/7:0.001/8:0.001/9:0.001/10:0.001/11:0.001/12:0.001/13:0.001,0:0.3/-1:0.69/0:0.001/2:0.001/3:0.001/4:0.001/5:0.001/6:0.001/7:0.001/8:0.001/9:0.001/10:0.001/11:0.001/12:0.001,0,0,0,0,0,0,0,0,2,0,0,0,0,0
M2.AGCATACGTTGCGTTA-1,3,2,0,-1,-1,-1,4,4,0,0,0,0,2,0,2,-1,-1,-1,-1,-1,-1,4,4,4,0,0,0,-1,-1,-1,0,0,0,0,0,0,0,0,-1,-1,-1,-1,-1,-1
clade_172,3,2,0,4,4,4,4,4,0,0,0,0,0:0.18/-1:0.79/2:0.03,0:0.2/-1:0.79/0:0.001/2:0.001/3:0.001/4:0.001/5:0.001/6:0.001/7:0.001/8:0.001/9:0.001/10:0.001/11:0.001/12:0.001/13:0.001/14:0.001,-1:0.79/2:0.21,0:0.64/3:0.36,0:0.64/7:0.36,0,0,0,2,4,4,0,0,0,0,0:0.05/-1:0.93/2:0.02,0:0.06/-1:0.93/2:0.001/0:0.001/3:0.001/4:0.001/5:0.001/6:0.001/7:0.001/8:0.001/9:0.001/10:0.001/11:0.001/12:0.001/13:0.001,0:0.06/-1:0.93/0:0.001/2:0.001/3:0.001/4:0.001/5:0.001/6:0.001/7:0.001/8:0.001/9:0.001/10:0.001/11:0.001/12:0.001,0:0.2/-1:0.79/0:0.003/2:0.003/3:0.003/4:0.003,0:0.2/-1:0.79/2:0.002/3:0.002/0:0.002/4:0.002/5:0.002/6:0.002,0:0.2/-1:0.79/2:0.002/3:0.002/4:0.002/0:0.002/5:0.002/6:0.002,0,0,0,0,0,2,0,0,0,0,0
M2.TTATGCTGTTCTGGTA-1,3,2,0,4,4,4,4,4,0,0,0,0,-1,-1,-1,-1,-1,-1,0,0,2,4,4,4,0,0,0,-1,-1,-1,-1,-1,-1,0,0,0,0,0,2,0,0,0,0,0
M2.CAAGGCCTCAGTGTTG-1,3,2,0,4,4,4,4,4,0,-1,-1,-1,-1,-1,-1,3,7,0,0,0,2,4,4,0,-1,-1,-1,-1,-1,-1,-1,-1,-1,-1,-1,-1,0,0,2,0,0,-1,-1,-1
clade_170,0,2,0,4,4,4,4,4,0,0,0,0,0,0,2,0,0,0,0,0,2,4,4,0,0,0,0,2,0,0,0,0,0,0,0,0,0,0,2,0,0,0,0,0
I5,0,2,0,4,4,4,4,4,0,0,0,0,0,0,2,0,0,0,0,0,2,4,4,0,0,0,0,2,0,0,0:0.01/-1:0.99,0:0.01/-1:0.99,0:0.01/-1:0.99,0,0,0,0,0,2,0,0,0,0,0
I6,0,2,0,4,4,4,4,4,0,0,0,0,0,0,2,0:0.15/-1:0.84/2:0.002/0:0.002/3:0.002/4:0.002/5:0.002/6:0.002,0:0.15/-1:0.84/2:0.001/0:0.001/3:0.001/4:0.001/5:0.001/6:0.001/7:0.001/8:0.001/9:0.001/10:0.001/11:0.001/12:0.001,0:0.15/-1:0.84/0:0.001/2:0.001/3:0.001/4:0.001/5:0.001/6:0.001/7:0.001/8:0.001,0,0,2,4,4,0,0,0,0,2,0,0,-1,-1,-1,0,0:0.75/6:0.25,0,0,0,2,0,0,0:0.75/4:0.25,0,0
M2.ATGGGAGAGCATCATC-1,0,2,0,4,4,4,4,4,0,0,0,0,0,0,2,-1,-1,-1,0,0,2,4,4,0,0,0,0,-1,-1,-1,-1,-1,-1,-1,-1,-1,0,0,2,0,0,4,0,0
M2.GCATGTAGTGTGAAAT-1,0,2,0,4,4,4,4,4,0,0,0,0,0,0,2,-1,-1,-1,0,3,2,4,4,0,0,6,0,2,0,0,-1,-1,-1,0,6,0,0,0,2,0,0,-1,-1,-1
clade_192,0,2,0,4,4,4,4,4,0,0,0,0,0,0,2,0,0,0,0,0,2,4,4,0,0,0,0,2,0,0,-1,-1,-1,0,0,0,0,0,2,0,0,0,0,0
M2.CCTAGCTAGACAAAGG-1,0,2,0,4,4,4,4,4,5,0,0,0,4,0,2,0,0,0,-1,-1,-1,4,4,0,0,0,0,2,0,0,-1,-1,-1,0,0,0,0,0,2,0,0,0,0,0
M2.TACGGTAGTTGCTCCT-1,0,2,0,4,4,4,4,4,0,0,0,4,0,0,2,0,0,0,0,0,2,4,4,0,0,0,0,2,0,0,-1,-1,-1,-1,-1,-1,0,0,2,0,0,0,0,0
clade_167,0,2,0,4,4,4,4,4,0,0,0,0,0,0,2,0,0,0,0,0,2,4,4,0,0,0,0,2,0,0,0,0,0,0,0,0,0,0,2,0,0,0,0,0
clade_179,0,2,0,4,4,4,4,4,0,0,0,0,0:0.01/6:0.99,0,2,0,0,0,0,0,2,4,4,0,0,0,0,2,0,0,0,0,0,0,0,0,0,0,2,0,0,0,0,0
M2.GCTTGAATCGCTGATA-1,0,2,0,4,4,4,4,4,5,0,0,0,6,0,2,0,0,0,0,0,2,4,4,0,5,0,0,2,0,0,0,0,0,0,5,0,0,0,2,0,0,0,0,0
clade_182,0,2,0,4,4,4,4,4,0,0,0,0,6,0,2,0,0,0,0,0:0.03/3:0.97,2,4,4,0,0,0,0,2,0,0,0,0,0,0,0,0,0,0,2,0,0,0,0,0
I7,0,2,0,4,4,4,4,4,0,0,0,0,6,0,2,0,0,0,0,3,2,4,4,0,0,0,0,2,0,0,0:0.01/-1:0.99,0:0.01/-1:0.99,0:0.01/-1:0.99,0,0,0,0,0,2,0,0,0,0,0
M2.TCGGGACAGGCTAGCA-1,0,2,0,4,4,4,4,4,0,0,0,0,6,0,2,-1,-1,-1,0,3,2,4,4,0,-1,-1,-1,2,0,0,-1,-1,-1,0,0,0,0,0,2,2,0,0,0,0
clade_185,0,2,0,4,4,4,4,4,0,0,0,0,6,0,2,0,0,0,0,3,2,4,4,0,0,0,0,2,0,0,-1,-1,-1,0,0,0,0,0,2,0,0,0,0,0
M2.TAGAGCTCATGGGAAC-1,0,2,0,4,4,4,4,4,0,0,0,0,6,0,2,0,0,0,0,3,2,4,4,0,0,0,0,2,0,0,-1,-1,-1,0,0,0,0,0,2,0,0,4,0,2
M2.TGCGCAGCAATCAGAA-1,0,2,0,4,4,4,4,4,0,0,0,0,6,0,2,0,0,0,0,3,2,4,4,0,3,0,0,2,0,0,-1,-1,-1,0,0,0,0,0,-1,-1,-1,0,0,0
M2.CATCGGGCAATTCCTT-1,0,2,0,4,4,4,-1,-1,-1,0,0,0,6,0,2,2,0,0,0,3,2,4,4,0,0,0,0,2,0,0,0,0,0,-1,-1,-1,0,0,2,0,0,0,0,0
I8,0,2,0,4,4,4,4,4,0,0,0,0,0,0,2,0,0,0,0,0,2,4,4,0,0,0,0,2,0,0,0,0,0,0,0,0,0,0,2,0,0,0,0,0
M2.TAGTTGGGTTGGTTTG-1,0,2,0,4,4,4,4,4,0,0,0,0,0,0,2,0,0,0,0,0,2,4,4,0,0,0,0,2,4,0,0,0,3,7,0,0,-1,-1,2,0,0,4,0,0
I9,0,2,0,4,4,4,4,4,0,0,0,0,0,0,2,0,0,0,0,0,2,4,4,0,0,0,0,2,0,0,0,0,0,0,0,0,0,0,2,0,0,0,0,0
M2.TTAGGCAGTTAGGGTG-1,4,2,0,4,4,4,4,4,4,0,0,0,0,0,2,0,0,0,4,0,2,4,4,0,0,0,0,2,0,0,0,0,2,0,0,0,0,0,2,0,0,3,0,0
I10,0,2,0,4,4,4,4,4,0,0,0,0,0,0,2,0,0,0,0,0,2,4,4,0,0,0,0,2,0,0,0,0,0,0,0,0,0,0,2,0,0,0,0,0
M2.GCAATCACATATGAGA-1,0,2,0,4,4,4,4,4,0,0,0,0,0,0,2,0,0,0,0,0,2,4,4,0,0,0,0,2,0,0,0,0,0,0,0,0,0,0,2,0,0,0,0,0
M2.GCTCCTAAGGCAGGTT-1,0,2,0,4,4,4,4,4,0,0,0,0,2,0,2,0,0,0,0,0,2,4,4,0,0,0,3,2,0,0,0,0,0,0,0,0,0,0,2,0,0,0,0,0
I11,0,0,0,0,0,0,4,4,0,0,0,0,0,0,2,0,0,0,0,0,0,0,0,0,0,0,0,0,0,0,0,0,0,0,0,0,0,0,0,0,0,0,0,0
I12,0,0,0,0,0,0,4,4,0,0,0,0,0,0,2,0,0,0,0,0,0,0,0,0,0,0,0,0,0,0,0,0,0,0,0,0,0,0,0,0,0,0,0,0
M1.CTCTAATTCCATTCTA-1,0,0,0,0,0,0,4,4,0,0,0,0,0,0,2,0,0,0,11,11,3,-1,-1,-1,0,0,0,0,8,0,0,0,0,-1,-1,-1,0,0,-1,-1,-1,0,0,3
I13,0,0,0,0:0.01/6:0.99,0,0,4,4,0,0,0,0,0,0,2,0,0,0,0,0,0,0,0,0,0,0,0,0,0,0,0,0,0,0,0,0,0,0,0,0,0,0,0,0
Liv.ACGATACGTTCTGGTA-1,0,0,0,6,0,0,4,4,0,-1,-1,-1,11,14,2,2,0,0,0,12,8,0,0,0,11,15,0,0,0,3,0,0,0,-1,-1,-1,0,5,0,0,5,8,0,0
I14,0,0,0,6,0,0,4,4,0,0,0,0,0,0,2,0,0,0,0,0,0,0,0,0,0,0,0,0,0,0,0,0,0,0,0,0,0,0,0,0,0,0,0,0
clade_154,6,0,0,6,0,0,4,4,0,0,0,0,0,0,2,0,4,0,0,0,0,0,6,6,0,0,0,0,0,0:0.03/7:0.97,0,0,0,8,0,0,0,0,-1,-1,-1,0,0,0
I15,6,0,0,6,0,0,4,4,0,0,0,0,0,0,2,0,4,0,0,0,0,0,6,6,0,0,0,0,0,0:0.01/7:0.99,0,0,0,8,0,0,0,0,-1,-1,-1,0,0,0
M1.GATGCTAGTCTGATCA-1,6,0,8,6,0,0,4,4,0,0,0,0,0,0,2,0,4,0,0,0,0,0,6,6,0,0,0,0,0,7,0,0,0,8,0,0,0,0,-1,-1,-1,4,0,0
M1.AGAATAGTCTAACCGA-1,6,0,0,-1,-1,-1,4,4,0,0,0,4,0,0,2,-1,-1,-1,0,0,0,0,6,6,0,0,0,0,0,7,0,6,0,8,0,0,0,0,-1,-1,-1,0,0,0
clade_158,6,0,0,6,0,0,4,4,0,0,0,0,0:0.01/2:0.99,0,2,0,4,0,0,0,0,0,6,6,0,0,0,0:0.08/-1:0.92,0:0.08/-1:0.92,-1:0.92/7:0.08,0,0,0,8,0,0,0,0,-1,-1,-1,0,0,0
M2.GATTCAGCAAAGGAAG-1,6,0,0,6,0,0,4,4,0,0,0,0,2,0,2,0,4,0,5,0,0,6,6,6,0,7,0,-1,-1,-1,-1,-1,-1,8,0,0,0,0,-1,-1,-1,0,0,0
M2.CCATGTCGTGTCCTCT-1,6,0,0,6,0,0,4,4,0,3,0,0,2,0,2,0,4,0,3,0,0,0,6,6,0,0,0,-1,-1,-1,0,0,0,8,0,0,0,0,-1,-1,-1,5,0,6
clade_62,0,0,0,6,0,0,4,4,0,0,0,0,0,0,2,0:0.74/4:0.26,0:0.74/8:0.26,0,0,0:0.04/4:0.96,0,0,0,0,0,0:0.04/5:0.96,0,0,0,0,0,0,0,0:0.74/6:0.26,0,0,0,0,0,0,0,0,0,0
M2.GCATGTAGTTTAGCTG-1,5,0,0,6,0,5,4,4,0,0,0,0,7,0,2,-1,-1,-1,0,4,0,0,0,0,0,5,0,2,0,0,0,0,0,-1,-1,-1,5,0,0,0,0,0,0,0
M1.GTGCAGCAGTCTCCTC-1,0,0,0,6,0,6,4,4,0,0,0,0,0,0,2,4,8,0,2,4,0,3,10,8,0,5,0,0,0,0,0,0,0,6,0,0,0,0,0,0,2,7,0,0
clade_43,0,0,0,0,0,6,4,4,0,0,0,0,0,0,2,0,0,0,0,0,0,0,0,0,7,9,4,0,0,0,0,0,0,0,0,0,0,0,0,0,0,0,0,0
clade_44,0:0.01/8:0.99,0,0,0,0,6,4,4,0,0,0,0,0,0,2,0,0,0,0,0,0,0,0,0,7,9,4,0,0,0,0,0,0,0,0,0,0,0,0,0,0,0,0,0
M2.ATTTCTGCAAACGTGG-1,8,0,0,0,0,6,4,4,0,0,0,5,0,7,2,-1,-1,-1,3,0,0,7,7,0,7,9,4,0,6,5,-1,-1,-1,0,0,0,0,0,3,0,0,4,0,0
I16,0:0.01/8:0.99,0,0,0,0,6,4,4,0,0,0,0,0,0,2,0,0,0,0,0,0,0,0,0,7,9,4,0,0,0,0,0,0,0,0,0,0,0,0,0,0,0,0,0
M1.CCTATTATCCTGTAGA-1,8,10,9,0,0,6,4,4,0,0,9,0,0,0,2,0,0,0,0,0,5,0,0,9,7,9,4,0,3,2,4,5,6,0,8,6,0,0,0,0,0,0,0,0
M2.AGAGCGAAGAAACCGC-1,8,0,0,0,0,6,4,4,0,6,5,0,0,8,2,0,0,5,7,7,0,10,8,7,7,9,4,0,0,0,3,0,0,0,0,3,0,0,0,0,0,6,0,0
I17,0,0,0,0,0,6,4,4,0,0,0,0,0,0,2,0,0:0.98/12:0.02,0:0.98/8:0.02,0,0,0,0,0,0,7,9,4,0,0,0,0,0,0,0,0,0,0,0,0,0,0,0,0,0
M1.AGCTCTCGTAGCTAAA-1,0,0,0,0,0,6,4,4,0,0,0,4,0,0,2,-1,-1,-1,0,0,0,0,0,0,7,9,4,0,0,0,0,0,0,3,0,0,0,0,0,0,0,0,0,0
clade_55,0,0,0,0,0,6,4,4,0,0,0:0.05/7:0.95,0,0,0,2,0,0:0.78/12:0.22,0:0.78/8:0.22,0,0,0,0,0,0,7,9,4,0,0,0,0:0.3/-1:0.69/0:0.003/2:0.003/3:0.003/4:0.003,0:0.3/-1:0.69/2:0.002/3:0.002/0:0.002/4:0.002/5:0.002/6:0.002,0:0.3/-1:0.69/2:0.002/3:0.002/4:0.002/0:0.002/5:0.002/6:0.002,0,0,0,0,0,0,0,0,0,0,0
M1.CTGATCCGTGTTGGGA-1,0,0,0,0,0,6,-1,-1,-1,0,7,0,-1,-1,-1,-1,-1,-1,10,10,0,0,0,0,7,9,4,0,0,0,-1,-1,-1,0,0,0,0,0,0,0,0,4,0,0
Liv.AACCATGGTAGGACAC-1,8,0,0,0,0,6,4,4,0,0,7,0,0,0,2,0,12,8,0,0,0,0,12,11,7,9,4,0,12,10,-1,-1,-1,4,3,0,0,0,3,0,0,0,0,0
clade_123,0,0,0,5,0,0,4,4,0,0,0,0,0,0,2,0,0,0,-1,-1,-1,0,0,0,0,0,0,0,0,0,0,0,0,0,0,0,0,2,0,0,0,-1,-1,-1
I18,0,0,0,5,0,0,4,4,0,0,0,0,0,0,2,0,0,0,-1,-1,-1,0,0,0,0,0,0,0,0,0,0,0,0,0,0,0,0,2,0,0,0,-1,-1,-1
clade_111,0,0,0,5,0,0,4,4,0,0,0,0,0,0,2,0,0,0,-1,-1,-1,0:0.06/5:0.94,0,0,0,0,0,0,0,0,0,0,0,0,0,0,0,2,0,0,0,-1,-1,-1
clade_119,0,0,0,5,0,0,4,4,0,0,0,0,0,0,2,0,0,0,-1,-1,-1,5,0,0,0,0,0,0,0,0,0:0.08/-1:0.92,0:0.08/-1:0.92,0:0.08/-1:0.92,0,0,0,0,2,0,0,0,-1,-1,-1
M1.CTAACTTAGCCATCGC-1,3,0,0,5,0,0,4,4,0,0,0,6,0,0,2,-1,-1,-1,-1,-1,-1,5,0,0,0,0,0,0,0,6,-1,-1,-1,4,3,0,0,2,0,0,0,-1,-1,-1
clade_113,0,0,0,5,0,0,4,4,0,0,0,0,0,0,2,0,0,0,-1,-1,-1,5,0:0.01/7:0.99,0,0,0,0,0,0,0,-1:0.99/0:0.003/2:0.003/3:0.003/4:0.003,-1:0.99/2:0.002/3:0.002/0:0.002/4:0.002/5:0.002/6:0.002,-1:0.99/2:0.002/3:0.002/4:0.002/0:0.002/5:0.002/6:0.002,0:0.01/3:0.99,0,0,0,2,0,0,0,-1,-1,-1
M1.AGATCTGAGGTTACCT-1,0,0,0,5,0,0,4,4,5,10,0,0,0,0,2,0,0,0,-1,-1,-1,5,7,0,0,3,0,0,0,0,-1,-1,-1,3,0,0,0,2,0,0,0,-1,-1,-1
M1.ACACCGGGTGTGGTTT-1,0,0,0,5,0,0,4,4,0,0,0,0,0,0,2,-1,-1,-1,-1,-1,-1,5,7,0,0,14,0,0,0,0,-1,-1,-1,3,0,0,0,2,0,0,0,-1,-1,-1
RW.CGGACACCAGGAATCG-1,0,0,0,5,0,0,4,4,0,0,0,0,-1,-1,-1,0,0,0,-1,-1,-1,5,0,0,0,0,0,-1,-1,-1,0,0,0,4,3,0,0,2,-1,-1,-1,-1,-1,-1
clade_135,0,0,0,5,0,0,4,4,0,0,0,0,0,0,2,0,0,0,-1,-1,-1,0,0,0,0,0,0,0,0,0,0:0.94/2:0.06,0,0,0,0,0,0,2,0,0,0,-1,-1,-1
clade_124,0,0,0,5,0,0,4,4,0,0,0,0,0,0,2,0,0,0,-1,-1,-1,0:0.47/3:0.53,0,0,0,0,0,0,0,0,0:0.06/-1:0.93/2:0.01,0:0.06/-1:0.93/2:0.002/3:0.002/0:0.002/4:0.002/5:0.002/6:0.002,0:0.06/-1:0.93/2:0.002/3:0.002/4:0.002/0:0.002/5:0.002/6:0.002,0,0,0,0,2,0,0,0,-1,-1,-1
clade_139,0,0,0,5,0,0,4,4,0,0,0,0,10,0,2,0,0,0,-1,-1,-1,3,0,0,0,0,0,0,0,0,-1,-1,-1,0,0,0,0,2,0:0.01/3:0.99,0,0,-1,-1,-1
M1.CACAGTAAGACCTTTG-1,0,0,0,5,0,0,4,4,0,0,0,0,10,0,2,0,0,0,-1,-1,-1,3,0,0,0,0,0,0,0,0,-1,-1,-1,0,0,0,0,2,3,0,4,-1,-1,-1
M1.CAGCTGGAGCGTTCCG-1,0,0,0,5,0,0,4,4,0,9,0,0,10,0,2,0,0,0,-1,-1,-1,3,0,0,0,0,0,6,9,0,-1,-1,-1,6,0,0,0,2,3,0,0,-1,-1,-1
M1.AAAGTAGAGTGAAGTT-1,0,0,0,5,0,0,4,4,0,0,14,0,0,0,2,0,0,0,-1,-1,-1,-1,-1,-1,0,0,0,8,0,0,-1,-1,-1,0,0,0,-1,-1,0,0,0,-1,-1,-1
clade_125,0,0,0,5,0,0,4,4,0,0,0,0,0,0,2,0,0,0,-1,-1,-1,0,0,0:0.03/4:0.97,0,0,0,0,0,0,0:0.07/2:0.93,0,0,0,0,0,0,2,0,0,0,-1,-1,-1
LL.GTCGTAAGTAGCTTGT-1,8,0,0,5,0,0,4,4,0,0,16,0,0,0,2,0,0,0,-1,-1,-1,0,0,4,-1,-1,-1,0,0,11,2,0,0,0,0,0,0,2,0,0,5,-1,-1,-1
LL.TTCTACATCCTTGCCA-1,0,14,0,5,0,12,4,4,0,0,0,0,0,0,2,2,0,0,-1,-1,-1,3,0,4,0,0,0,0,0,0,2,0,0,0,0,0,0,2,0,0,0,-1,-1,-1
I19,0,0,0,5,0,0,4,4,0,0,0:0.13/6:0.87,0,0,0,2,0:0.95/5:0.05,0,0,-1,-1,-1,0,0,0,0,0,0,0,0,0,0,0,0,0,0,0,0,2,0,0,0,-1,-1,-1
M1.GCGCAGTGTCGAGTTT-1,-1,-1,-1,5,0,0,4,4,0,0,6,0,0,11,2,5,0,0,-1,-1,-1,0,0,0,0,0,0,0,0,0,0,0,0,9,7,5,0,2,0,0,0,-1,-1,-1
clade_145,0,0,0,5,0,0,4,4,0,0:0.01/3:0.99,6,0,0,10,2,0:0.03/-1:0.96/5:0.01,0:0.03/-1:0.96/2:0.001/0:0.001/3:0.001/4:0.001/5:0.001/6:0.001/7:0.001/8:0.001/9:0.001/10:0.001/11:0.001/12:0.001,0:0.03/-1:0.96/0:0.001/2:0.001/3:0.001/4:0.001/5:0.001/6:0.001/7:0.001/8:0.001,-1,-1,-1,0:0.03/-1:0.96/0:0.001/2:0.001/3:0.001/4:0.001/5:0.001/6:0.001/7:0.001/8:0.001/9:0.001/10:0.001/11:0.001/12:0.001,0:0.03/-1:0.96/0:0.001/2:0.001/3:0.001/4:0.001/5:0.001/6:0.001/7:0.001/8:0.001/9:0.001/10:0.001/11:0.001/12:0.001,0:0.03/-1:0.96/0:0.001/2:0.001/3:0.001/4:0.001/5:0.001/6:0.001/7:0.001/8:0.001/9:0.001/10:0.001/11:0.001,0,0,0,0,0,0,0:0.03/-1:0.96/0:0.003/2:0.003/3:0.003/4:0.003,0:0.03/-1:0.96/2:0.002/3:0.002/0:0.002/4:0.002/5:0.002/6:0.002,0:0.03/-1:0.96/2:0.002/3:0.002/4:0.002/0:0.002/5:0.002/6:0.002,0,0,0,0,2,0,0,0,-1,-1,-1
M1.TCATTTGAGTGAAGAG-1,0,0,0,5,0,0,4,4,0,3,6,0,0,10,2,-1,-1,-1,-1,-1,-1,-1,-1,-1,0,0,0,0,0,0,-1,-1,-1,0,0,0,0,2,0,0,0,-1,-1,-1
M1.AGATTGCCATTAGCCA-1,0,0,0,5,0,0,-1,-1,-1,3,6,0,0,10,2,-1,-1,-1,-1,-1,-1,-1,-1,-1,-1,-1,-1,-1,-1,-1,-1,-1,-1,0,0,0,0,2,0,0,0,-1,-1,-1
clade_106,0,0,0,0,0,0,4,4,0,0,0,0,0,0,2,0,0,0,0,0,0,0,0,0,0,0,0,0,0,0,0:0.04/-1:0.96,0:0.04/-1:0.96,0:0.04/-1:0.96,0,0,0,0,0,0,0,0,0,0,0
clade_72,0,0,0,0,0,0,4,4,0,0,0,0,0,0,2,0,0,0,0,0,0,0,0,0,0,0,0,0,0,0,0:0.01/-1:0.99,0:0.01/-1:0.99,0:0.01/-1:0.99,0:0.27/-1:0.73,0:0.27/-1:0.73,0:0.27/-1:0.73,0,0,0,0,0,0:0.87/4:0.13,0,0
clade_76,3,0,0,0,0,0,4,4,0,0,0,0,0,0,2,0,0,0,0,0,0,7,0,0,6,8,0,0,0,0,-1,-1,-1,0:0.01/-1:0.99,0:0.01/-1:0.99,0:0.01/-1:0.99,0,0,0,0,0,4,0,0
clade_84,3,0,0,0,0,0,4,4,0,0,0,0,0,0,2,0,0,0,0,0,0,7,0,0,6,8,0,0,0,0,-1,-1,-1,-1,-1,-1,0,0,0:0.01/4:0.99,7,0,4,0,0
M2.CGCGGTAAGTGACTCT-1,3,0,0,0,0,0,-1,-1,-1,0,0,0,0,0,2,0,5,0,-1,-1,-1,7,0,0,6,8,0,0,0,0,-1,-1,-1,-1,-1,-1,0,4,4,7,0,4,3,4
clade_88,3,0,0,0,0,0,4,4,0,0,0,0,0,0,2,0,0,0,0,0,0,7,0,0,6,8,0,0,0,0,-1,-1,-1,-1,-1,-1,0,0,4,7,0,4,0,0
M2.CCTAAAGGTACAGACG-1,3,0,4,0,5,0,4,4,0,0,0,0,0,0,2,0,0,3,3,0,0,7,0,0,6,8,0,-1,-1,-1,-1,-1,-1,-1,-1,-1,0,0,4,7,0,4,4,5
I20,3,0,0,0,0,0,4,4,0,0,0,0,0,0,2,0,0,0,0,0,0,7,0,0,6,8,0,0,0,0,-1,-1,-1,-1,-1,-1,0,0,4,7,0,4,0,0
M2.CAGAATCTCCAACCAA-1,3,0,6,6,3,0,4,4,0,0,0,0,0,0,2,0,0,0,0,6,0,7,0,0,6,8,0,0,0,0,-1,-1,-1,-1,-1,-1,0,0,4,7,0,4,0,0
I21,3,0,0,0,0,0,4,4,0,0,0,0,0,0,2,0,0,0,0,0,0,7,0,0,6,8,0,0,0,0,-1,-1,-1,-1,-1,-1,0,0,4,7,0,4,0,0
I22,3,0,0,0,0,0,4,4,0,0,0,0,0,0,2,0,0,0,0,0,0,7,0,0,6,8,0,0,0,0,-1,-1,-1,-1,-1,-1,0,0,4,7,0,4,0,0
M2.CTTAACTGTGTCTGAT-1,3,0,0,0,0,0,4,4,0,0,0,0,0,0,2,0,0,0,0,0,0,7,0,0,6,8,0,0,0,0,-1,-1,-1,-1,-1,-1,0,0,4,7,0,4,0,3
M2.ACGAGGACATCGATGT-1,3,0,0,0,0,0,4,4,0,0,0,0,0,0,2,0,0,0,0,0,0,7,0,0,6,8,0,0,0,0,-1,-1,-1,-1,-1,-1,0,0,4,7,0,4,0,0
M2.CGTGAGCAGGCCCTTG-1,3,0,0,0,0,0,4,4,0,0,0,0,0,6,2,0,0,0,0,0,0,7,0,0,6,8,0,0,0,0,-1,-1,-1,-1,-1,-1,0,0,4,7,0,4,0,0
M2.AAGGAGCGTGCATCTA-1,3,0,0,0,0,0,4,4,0,7,0,0,8,9,2,2,2,0,0,0,5,7,0,0,6,8,0,0,0,0,-1,-1,-1,-1,-1,-1,0,0,0,0,0,4,0,0
clade_74,0,0,0,0:0.74/6:0.26,0:0.74/6:0.26,0,4,4,0,0,0,0,0:0.16/-1:0.83/0:0.001/2:0.001/3:0.001/4:0.001/5:0.001/6:0.001/7:0.001/8:0.001/9:0.001/10:0.001/11:0.001,0:0.16/-1:0.83/0:0.001/2:0.001/3:0.001/4:0.001/5:0.001/6:0.001/7:0.001/8:0.001/9:0.001/10:0.001/11:0.001/12:0.001/13:0.001/14:0.001,-1:0.83/2:0.17,0,0:0.74/6:0.26,0:0.74/4:0.26,0,0,0,0,0,0,0,0,0,0,0,0,-1,-1,-1,0:0.04/-1:0.95/0:0.001/2:0.001/3:0.001/4:0.001/5:0.001/6:0.001/7:0.001/8:0.001/9:0.001,0:0.04/-1:0.95/0:0.001/2:0.001/3:0.001/4:0.001/5:0.001/6:0.001/7:0.001/8:0.001,0:0.04/-1:0.95/0:0.002/2:0.002/3:0.002/4:0.002/5:0.002/6:0.002,0,0,0:0.16/-1:0.83/0:0.003/2:0.003/3:0.003/4:0.003,0:0.16/-1:0.83/2:0.001/3:0.001/0:0.001/4:0.001/5:0.001/6:0.001/7:0.001/8:0.001,0:0.16/-1:0.83/2:0.002/0:0.002/3:0.002/4:0.002/5:0.002,0:0.14/-1:0.83/4:0.03,0:0.16/-1:0.83/2:0.002/0:0.002/3:0.002/4:0.002/5:0.002/6:0.002,0:0.16/-1:0.83/0:0.001/2:0.001/3:0.001/4:0.001/5:0.001/6:0.001/7:0.001
M2.CACCACTAGATCGGGT-1,-1,-1,-1,-1,-1,-1,4,4,0,0,0,0,-1,-1,-1,0,6,4,3,0,0,9,0,0,6,8,0,0,0,0,-1,-1,-1,-1,-1,-1,-1,-1,-1,-1,-1,-1,-1,-1
clade_83,0,0,0,0:0.41/6:0.59,0:0.41/6:0.59,0,-1:0.9/4:0.1,-1:0.9/4:0.1,0:0.09/-1:0.9/2:0.001/3:0.001/0:0.001/4:0.001/5:0.001/6:0.001/7:0.001/8:0.001/9:0.001/10:0.001,0,0,0,0:0.01/-1:0.98/0:0.001/2:0.001/3:0.001/4:0.001/5:0.001/6:0.001/7:0.001/8:0.001/9:0.001/10:0.001/11:0.001,0:0.01/-1:0.98/0:0.001/2:0.001/3:0.001/4:0.001/5:0.001/6:0.001/7:0.001/8:0.001/9:0.001/10:0.001/11:0.001/12:0.001/13:0.001/14:0.001,-1:0.98/2:0.02,0:0.09/-1:0.9/2:0.002/0:0.002/3:0.002/4:0.002/5:0.002/6:0.002,0:0.06/-1:0.9/6:0.04,0:0.06/-1:0.9/4:0.04,0,0,0,0,0,0,0,0,0,0,0,0,-1,-1,-1,-1,-1,-1,0,0,0:0.01/-1:0.98/0:0.003/2:0.003/3:0.003/4:0.003,0:0.01/-1:0.98/2:0.001/3:0.001/0:0.001/4:0.001/5:0.001/6:0.001/7:0.001/8:0.001,0:0.01/-1:0.98/2:0.002/0:0.002/3:0.002/4:0.002/5:0.002,0:0.01/-1:0.98/4:0.01,0:0.01/-1:0.98/2:0.002/0:0.002/3:0.002/4:0.002/5:0.002/6:0.002,0:0.01/-1:0.98/0:0.001/2:0.001/3:0.001/4:0.001/5:0.001/6:0.001/7:0.001
M1.CAAGATCGTTGAGGTG-1,0,0,0,-1,-1,-1,-1,-1,-1,0,11,0,-1,-1,-1,-1,-1,-1,0,0,0,3,0,0,0,11,0,0,0,0,-1,-1,-1,-1,-1,-1,-1,-1,-1,-1,-1,-1,-1,-1
M2.CACCACTGTCAGCTAT-1,0,0,0,6,6,0,-1,-1,-1,0,0,0,-1,-1,-1,-1,-1,-1,0,0,0,7,0,0,6,8,0,0,0,0,-1,-1,-1,-1,-1,-1,0,0,-1,-1,-1,-1,-1,-1
clade_105,0,0,0,0,0,0,4,4,0,0,0,0,0,0,2,0:0.16/-1:0.83/2:0.002/0:0.002/3:0.002/4:0.002/5:0.002/6:0.002,0:0.16/-1:0.83/2:0.001/0:0.001/3:0.001/4:0.001/5:0.001/6:0.001/7:0.001/8:0.001/9:0.001/10:0.001/11:0.001/12:0.001,0:0.16/-1:0.83/0:0.001/2:0.001/3:0.001/4:0.001/5:0.001/6:0.001/7:0.001/8:0.001,0,0,0,0,0,0,0,0,0,0,0,0,0:0.01/-1:0.99,0:0.01/-1:0.99,0:0.01/-1:0.99,0,0,0,0,0,0,0,0,0,0,0
I23,0,0,0,0:0.28/-1:0.7/0:0.003/2:0.003/3:0.003/4:0.003/5:0.003/6:0.003/7:0.003,0:0.28/-1:0.7/2:0.002/3:0.002/0:0.002/4:0.002/5:0.002/6:0.002/7:0.002/8:0.002/9:0.002/10:0.002,0:0.28/-1:0.7/2:0.002/3:0.002/0:0.002/4:0.002/5:0.002/6:0.002/7:0.002/8:0.002/9:0.002/10:0.002/11:0.002/12:0.002,4,4,0,0,0,0,0,0,2,0:0.04/-1:0.95/2:0.002/0:0.002/3:0.002/4:0.002/5:0.002/6:0.002,0:0.04/-1:0.95/2:0.001/0:0.001/3:0.001/4:0.001/5:0.001/6:0.001/7:0.001/8:0.001/9:0.001/10:0.001/11:0.001/12:0.001,0:0.04/-1:0.95/0:0.001/2:0.001/3:0.001/4:0.001/5:0.001/6:0.001/7:0.001/8:0.001,0,0,0,0,0,0,0,0,0,0,0,0:0.77/6:0.23,-1,-1,-1,0,0,0,0,0,0,0,0,0,0,0
M1.GATGCTATCAGTCCCT-1,0,0,0,-1,-1,-1,4,4,0,-1,-1,-1,0,0,2,-1,-1,-1,3,0,0,7,0,0,0,0,0,0,0,6,-1,-1,-1,0,0,0,0,0,0,0,0,0,6,0
RE.GTGCAGCGTACTCTCC-1,-1,-1,-1,-1,-1,-1,4,4,0,0,0,0,4,0,2,-1,-1,-1,0,0,0,0,0,0,0,0,0,-1,-1,-1,-1,-1,-1,0,4,0,0,0,3,0,3,0,0,0
M1.TCAGCTCAGTGACTCT-1,9,5,0,0,0,0,4,4,0,0,0,0,0,0,2,-1,-1,-1,-1,-1,-1,0,0,0,0,10,0,0,0,0,-1,-1,-1,0,0,4,0,2,3,8,0,0,5,7
clade_285,0,0,0,0:0.01/3:0.99,0,0,0,0,0,0,0,0,0,0,0,0,0,0,0,0,0,3,0,0,0,0,0,0,0,0,0,0,0,0,0,0,0,0,0,0,0:0.01/2:0.99,2,0,0
RW.CTGAAGTTCAGGATCT-1,0,0,3,3,0,0,-1,-1,-1,0,3,0,-1,-1,-1,0,2,0,0,0,0,3,0,0,0,0,0,0,0,0,2,0,0,2,2,0,3,0,0,0,2,2,0,0
clade_290,0:0.2/2:0.8,0,0,3,0,0,0,0,0,0,0,0,0,0,0,0,0,0,0,0,0,3,0,0,0,0,0,0,0,0,0,0,0,0,0,0,0,0,0,0,2,2,0,0
clade_298,0:0.05/2:0.95,0,0,3,0,0,0,0,0,0,0,0,0,0,0,0,0,0,0,0,0,3,0,0,0,0,0,0,0,0,0,0,0,0,0,0,0,0,0,0,2,2,0,0
clade_291,0:0.05/2:0.95,0,0,3,0,0,0,0,0,0,0,0,0,0,0,0,0,0,0,0,0,3,0,0,0:0.13/3:0.87,0,0,0,0,0,0,0,0,0,0,0,0,0,0,0,2,2,0,0
RW.CTCGGGACAGTATCTG-1,-1,-1,-1,3,0,0,4,4,0,3,0,0,0,3,0,0,0,0,0,0,3,3,0,0,3,0,0,0,0,0,0,0,0,3,0,0,0,0,0,0,2,2,0,0
RW.CAGCATAGTAGGACAC-1,2,0,0,3,0,0,0,5,0,4,0,0,3,4,0,0,3,0,2,0,0,3,0,0,3,0,0,0,0,0,0,4,5,6,0,3,0,0,0,5,2,2,0,0
clade_304,2,0,0,3,0,0,0:0.14/-1:0.84/2:0.003/3:0.003/4:0.003/0:0.003/5:0.003/6:0.003,0:0.14/-1:0.84/2:0.002/3:0.002/4:0.002/5:0.002/0:0.002/6:0.002/7:0.002/8:0.002/9:0.002,0:0.14/-1:0.84/2:0.002/3:0.002/0:0.002/4:0.002/5:0.002/6:0.002/7:0.002/8:0.002/9:0.002/10:0.002,0,0,0,0,0,0,0,0,0,0,0,0,3,0:0.03/3:0.97,0,0,0,0,0,0,0,0,0:0.05/2:0.95,0,0,0,0,0,0,0,0:0.65/2:0.35,2,2,0:0.65/2:0.35,0
RW.GGACAAGCATGCCACG-1,2,0,0,3,0,0,-1,-1,-1,0,0,0,-1,-1,-1,0,0,0,0,0,0,3,3,0,4,4,0,0,0,0,0,2,3,0,0,2,0,0,0,2,2,2,2,0
RW.GGACAGAGTAAATACG-1,2,0,0,3,0,0,-1,-1,-1,0,0,0,0,0,0,0,0,0,0,0,0,3,3,0,0,0,2,0,0,0,0,2,2,0,0,0,2,0,-1,-1,-1,-1,-1,-1
RW.CCATTCGGTACAGTGG-1,-1,-1,-1,3,0,0,3,3,0,0,4,3,0,0,0,0,0,0,0,0,0,3,5,3,0,0,0,0,3,2,0,0,0,5,0,0,0,0,0,4,2,2,0,0
I24,0,0,0,0,0,0,0,0,0,0,0,0,0,0,0,0,0,0,0,0,0,0,0,0,0,0,0,0,0,0,-1,-1,-1,-1,-1,-1,-1,-1,-1,-1,-1,-1,-1,-1
I25,0,0,0,0,0,0,0,0,0,0,0,0,0,0,0,0,0,0,0,0,0,0:0.04/2:0.96,0:0.04/2:0.96,0:0.04/2:0.96,0,0,0,0,0,0,-1,-1,-1,-1,-1,-1,-1,-1,-1,-1,-1,-1,-1,-1
clade_5,0,0,0,0:0.03/2:0.97,0,0,0,0,0,0,0,0,0,0,0,0,0,0:0.71/2:0.29,0:0.02/6:0.98,0,0,2,2,2,0,0,0,0,0,0,-1,-1,-1,-1,-1,-1,-1,-1,-1,-1,-1,-1,-1,-1
clade_7,0,0,0,2,0,0,0:0.02/3:0.98,0,0,0:0.09/-1:0.9/2:0.001/0:0.001/3:0.001/4:0.001/5:0.001/6:0.001/7:0.001/8:0.001/9:0.001/10:0.001,0:0.09/-1:0.9/2:0.001/0:0.001/3:0.001/4:0.001/5:0.001/6:0.001/7:0.001/8:0.001/9:0.001/10:0.001/11:0.001/12:0.001/13:0.001/14:0.001/15:0.001/16:0.001,0:0.09/-1:0.9/2:0.001/0:0.001/3:0.001/4:0.001/5:0.001/6:0.001/7:0.001,0,0,0,0,0,0:0.01/2:0.99,6,0,0,2,2,2,0,0,0,0,0,0,-1,-1,-1,-1,-1,-1,-1,-1,-1,-1,-1,-1,-1,-1
clade_22,0,0,0,2,0,0,3,0,0,0:0.03/-1:0.97,0:0.03/-1:0.97,0:0.03/-1:0.97,0:0.28/-1:0.7/0:0.002/2:0.002/3:0.002/4:0.002/5:0.002/6:0.002/7:0.002/8:0.002/9:0.002/10:0.002/11:0.002,0:0.28/-1:0.7/0:0.001/2:0.001/3:0.001/4:0.001/5:0.001/6:0.001/7:0.001/8:0.001/9:0.001/10:0.001/11:0.001/12:0.001/13:0.001/14:0.001,0:0.28/-1:0.7/0:0.003/2:0.003/3:0.003/4:0.003/5:0.003/6:0.003/7:0.003/8:0.003,0,0,2,6,0,0,2,2,2,0:0.88/3:0.12,0:0.88/3:0.12,0,0,0,0,-1,-1,-1,-1,-1,-1,-1,-1,-1,-1,-1,-1,-1,-1
RW.TCTGAGAAGGCATGTG-1,-1,-1,-1,2,3,3,3,3,3,-1,-1,-1,-1,-1,-1,0,0,2,-1,-1,-1,2,2,2,3,3,0,0,0,0,-1,-1,-1,-1,-1,-1,-1,-1,-1,-1,-1,-1,-1,-1
clade_10,0,0,0,2,0,0,3,0,0,-1,-1,-1,0:0.04/-1:0.96,0:0.04/-1:0.96,0:0.04/-1:0.96,0,0,2,6,0,0,2,2,2,0:0.11/-1:0.86/3:0.03,0:0.11/-1:0.86/3:0.03,0:0.13/-1:0.86/0:0.001/2:0.001/3:0.001/4:0.001/5:0.001/6:0.001/7:0.001/8:0.001,0,0,0,-1,-1,-1,-1,-1,-1,-1,-1,-1,-1,-1,-1,-1,-1
clade_23,0,0,0,-1:0.9/2:0.1,0:0.09/-1:0.9/2:0.001/3:0.001/0:0.001/4:0.001/5:0.001/6:0.001/7:0.001/8:0.001/9:0.001/10:0.001,0:0.09/-1:0.9/2:0.001/3:0.001/0:0.001/4:0.001/5:0.001/6:0.001/7:0.001/8:0.001/9:0.001/10:0.001/11:0.001/12:0.001,3,0,0,-1,-1,-1,-1,-1,-1,0,0,2,6,0,0,2,2,2,0:0.01/-1:0.99,0:0.01/-1:0.99,0:0.01/-1:0.99,0,0:0.48/6:0.52,0,-1,-1,-1,-1,-1,-1,-1,-1,-1,-1,-1,-1,-1,-1
M1.GATGCTAAGTGTCCCG-1,0,0,0,-1,-1,-1,3,6,0,-1,-1,-1,-1,-1,-1,2,0,2,6,0,2,2,2,2,-1,-1,-1,-1,-1,-1,-1,-1,-1,-1,-1,-1,-1,-1,-1,-1,-1,-1,-1,-1
clade_26,0,0,0,-1,-1,-1,3,0,0,-1,-1,-1,-1,-1,-1,0,0,2,6,0,0:0.01/7:0.99,2,2,2,-1,-1,-1,0,6,0,-1,-1,-1,-1,-1,-1,-1,-1,-1,-1,-1,-1,-1,-1
M1.CTTGGCTAGCGACGTA-1,10,4,0,-1,-1,-1,3,0,0,-1,-1,-1,-1,-1,-1,0,0,2,6,0,7,2,2,2,-1,-1,-1,0,6,0,-1,-1,-1,-1,-1,-1,-1,-1,-1,-1,-1,-1,-1,-1
M1.CCACCTAGTGACCAAG-1,0,11,0,-1,-1,-1,3,0,0,-1,-1,-1,-1,-1,-1,0,0,2,6,0,7,2,2,2,-1,-1,-1,0,6,0,-1,-1,-1,-1,-1,-1,-1,-1,-1,-1,-1,-1,-1,-1
clade_13,11,13,0,2,0,0,3,3,0,-1,-1,-1,-1,-1,-1,0,0,2,6,0,0,2,2,2,-1,-1,-1,0,11,9,-1,-1,-1,-1,-1,-1,-1,-1,-1,-1,-1,-1,-1,-1
I26,11,13,0,2,0,0,3,3,0,-1,-1,-1,-1,-1,-1,0,0,2,6,0,0,2,2,2,-1,-1,-1,0,11,9,-1,-1,-1,-1,-1,-1,-1,-1,-1,-1,-1,-1,-1,-1
clade_14,11,13,0,2,0,0,3,3,0,-1,-1,-1,-1,-1,-1,0,0,2,6,0:0.01/3:0.99,0,2,2,2,-1,-1,-1,0,11,9,-1,-1,-1,-1,-1,-1,-1,-1,-1,-1,-1,-1,-1,-1
Liv.TCGTACCGTTAGGGTG-1,11,13,0,2,0,0,3,3,0,-1,-1,-1,-1,-1,-1,-1,-1,-1,6,3,0,2,2,2,-1,-1,-1,2,11,9,-1,-1,-1,-1,-1,-1,-1,-1,-1,-1,-1,-1,-1,-1
Liv.AACTCCCTCCAAGTAC-1,11,13,0,2,0,0,3,3,0,-1,-1,-1,-1,-1,-1,0,0,2,6,3,0,2,2,2,-1,-1,-1,0,11,9,-1,-1,-1,-1,-1,-1,-1,-1,-1,-1,-1,-1,-1,-1
I27,11,13,0,2,0,0,3,3,0,-1,-1,-1,-1,-1,-1,0,0,2,6,0,0,2,2,2,-1,-1,-1,0,11,9,-1,-1,-1,-1,-1,-1,-1,-1,-1,-1,-1,-1,-1,-1
I28,11,13,0,2,0,0,3,3,0,-1,-1,-1,-1,-1,-1,0,0,2,6,0,0,2,2,2,-1,-1,-1,0,11,9,-1,-1,-1,-1,-1,-1,-1,-1,-1,-1,-1,-1,-1,-1
Liv.TTTGGTTGTAAGAGAG-1,11,13,0,2,0,11,3,3,0,-1,-1,-1,-1,-1,-1,0,0,2,6,0,0,2,2,2,-1,-1,-1,0,11,9,-1,-1,-1,-1,-1,-1,-1,-1,-1,-1,-1,-1,-1,-1
I29,11,13,0,2,0,0,3,3,0,-1,-1,-1,-1,-1,-1,0,0,2,6,0,0,2,2,2,-1,-1,-1,0,11,9,-1,-1,-1,-1,-1,-1,-1,-1,-1,-1,-1,-1,-1,-1
Liv.ATCCGAACAATCGAAA-1,11,13,0,2,0,0,3,3,0,-1,-1,-1,-1,-1,-1,0,0,2,6,0,11,2,2,2,-1,-1,-1,0,11,9,-1,-1,-1,-1,-1,-1,-1,-1,-1,-1,-1,-1,-1,-1
I30,11,13,0,2,0,0,3,3,0,-1,-1,-1,-1,-1,-1,0,0,2,6,0,0,2,2,2,-1,-1,-1,0,11,9,-1,-1,-1,-1,-1,-1,-1,-1,-1,-1,-1,-1,-1,-1
Liv.CTTTGCGTCTGGGCCA-1,11,13,0,2,0,0,3,3,0,-1,-1,-1,-1,-1,-1,0,0,2,6,0,0,2,2,2,-1,-1,-1,0,11,9,-1,-1,-1,-1,-1,-1,-1,-1,-1,-1,-1,-1,-1,-1
Liv.CAGCGACGTATGAAAC-1,11,13,0,2,0,0,3,3,0,-1,-1,-1,-1,-1,-1,0,0,2,6,0,0,2,2,2,-1,-1,-1,0,11,9,-1,-1,-1,-1,-1,-1,-1,-1,-1,-1,-1,-1,-1,-1
Liv.AGGCCACGTAGATTAG-1,11,13,0,2,0,0,3,3,0,-1,-1,-1,-1,-1,-1,6,0,2,6,0,0,2,2,2,-1,-1,-1,0,11,9,-1,-1,-1,-1,-1,-1,-1,-1,-1,-1,-1,-1,-1,-1
clade_16,11,13,0,2,0,0,3,3,0,-1,-1,-1,-1,-1,-1,0,0,2,6,0,0,2,2,2,-1,-1,-1,2,11,9,-1,-1,-1,-1,-1,-1,-1,-1,-1,-1,-1,-1,-1,-1
Liv.AGATTGCGTTCCACTC-1,11,13,0,2,0,0,3,3,0,-1,-1,-1,-1,-1,-1,-1,-1,-1,6,0,0,2,2,2,-1,-1,-1,2,11,9,-1,-1,-1,-1,-1,-1,-1,-1,-1,-1,-1,-1,-1,-1
I31,11,13,0,2,0,0,3,3,0,-1,-1,-1,-1,-1,-1,0,0,2,6,0,0,2,2,2,-1,-1,-1,2,11,9,-1,-1,-1,-1,-1,-1,-1,-1,-1,-1,-1,-1,-1,-1
Liv.ACCAGTACATACGCTA-1,11,13,0,2,0,0,3,3,0,-1,-1,-1,-1,-1,-1,0,0,2,6,0,0,2,2,2,-1,-1,-1,2,11,9,-1,-1,-1,-1,-1,-1,-1,-1,-1,-1,-1,-1,-1,-1
clade_18,11,13,0,2,0,6,3,3,0,-1,-1,-1,-1,-1,-1,0,0,2,6,0,0,2,2,2,-1,-1,-1,2,11,9,-1,-1,-1,-1,-1,-1,-1,-1,-1,-1,-1,-1,-1,-1
Liv.TATGCCCAGTACGTTC-1,11,13,0,2,0,6,3,3,0,-1,-1,-1,-1,-1,-1,0,0,2,6,0,0,2,2,2,-1,-1,-1,2,11,9,-1,-1,-1,-1,-1,-1,-1,-1,-1,-1,-1,-1,-1,-1
Liv.GACACGCGTTCGGGCT-1,11,13,0,2,0,6,3,3,0,-1,-1,-1,-1,-1,-1,0,0,2,6,0,0,2,2,2,-1,-1,-1,2,11,9,-1,-1,-1,-1,-1,-1,-1,-1,-1,-1,-1,-1,-1,-1
clade_30,0:0.04/-1:0.95/0:0.001/2:0.001/3:0.001/4:0.001/5:0.001/6:0.001/7:0.001/8:0.001/9:0.001/10:0.001/11:0.001,0:0.04/-1:0.95/0:0.001/2:0.001/3:0.001/4:0.001/5:0.001/6:0.001/7:0.001/8:0.001/9:0.001/10:0.001/11:0.001/12:0.001/13:0.001/14:0.001,0:0.04/-1:0.95/2:0.001/0:0.001/3:0.001/4:0.001/5:0.001/6:0.001/7:0.001/8:0.001/9:0.001/10:0.001,2,0:0.01/7:0.99,0,3,0,0,-1,-1,-1,0,0,0,0,0,2,6,0,0,2,2,2,0,0,0,0:0.01/2:0.99,0:0.01/3:0.99,0:0.01/2:0.99,-1,-1,-1,-1,-1,-1,-1,-1,-1,-1,-1,-1,-1,-1
clade_31,0:0.01/-1:0.99,0:0.01/-1:0.99,0:0.01/-1:0.99,2,7,0,3,0:0.04/3:0.96,0:0.03/7:0.97,-1,-1,-1,0,0,0:0.04/4:0.96,0,0,2,6,0,0,2,2,2,0,0,0,2,3,2,-1,-1,-1,-1,-1,-1,-1,-1,-1,-1,-1,-1,-1,-1
M2.AAGGAGCCAGTACACT-1,-1,-1,-1,2,7,0,3,3,7,-1,-1,-1,0,0,4,-1,-1,-1,-1,-1,-1,2,2,2,0,0,0,2,3,2,-1,-1,-1,-1,-1,-1,-1,-1,-1,-1,-1,-1,-1,-1
M2.CACATAGGTGCCTGGT-1,-1,-1,-1,2,7,0,3,3,7,-1,-1,-1,0,0,4,0,0,2,6,0,0,2,2,2,-1,-1,-1,2,3,2,-1,-1,-1,-1,-1,-1,-1,-1,-1,-1,-1,-1,-1,-1
M1.GATTCAGTCCCATTAT-1,-1,-1,-1,2,7,8,3,0,8,-1,-1,-1,0,0,0,0,0,2,6,0,0,2,2,2,8,0,0,2,3,2,-1,-1,-1,-1,-1,-1,-1,-1,-1,-1,-1,-1,-1,-1
clade_6,0:0.83/7:0.17,0:0.83/3:0.17,0:0.83/5:0.17,0:0.01/2:0.99,0,0,0,0,0:0.15/6:0.85,0,0,0,0:0.83/2:0.17,0,0:0.83/8:0.17,0:0.5/-1:0.46/2:0.007/0:0.007/3:0.007/4:0.007/5:0.007/6:0.007,0:0.5/-1:0.46/2:0.003/0:0.003/3:0.003/4:0.003/5:0.003/6:0.003/7:0.003/8:0.003/9:0.003/10:0.003/11:0.003/12:0.003,0:0.36/-1:0.46/2:0.18,6,0,0,2,2,2,0:0.13/3:0.87,0,0,0,0,0,-1,-1,-1,-1,-1,-1,-1,-1,-1,-1,-1,-1,-1,-1
M2.CTACCCATCCGGGTGT-1,7,3,5,2,0,0,3,0,6,5,0,0,-1,-1,-1,-1,-1,-1,6,5,4,2,2,2,3,0,0,3,5,4,-1,-1,-1,-1,-1,-1,-1,-1,-1,-1,-1,-1,-1,-1
M1.CCGTGGACACTTCGAA-1,-1,-1,-1,2,9,3,4,4,6,0,10,0,2,0,8,-1,-1,-1,6,14,9,2,2,2,3,0,5,5,0,8,-1,-1,-1,-1,-1,-1,-1,-1,-1,-1,-1,-1,-1,-1
clade_1,0,0,0,0,0:0.84/8:0.16,0:0.84/9:0.16,0:0.24/5:0.76,0,0,0,0,0,0:0.15/2:0.85,0,0:0.19/8:0.81,0:0.24/2:0.76,0,0,0:0.84/12:0.16,0:0.84/13:0.16,0,0:0.03/2:0.97,0:0.03/2:0.97,0:0.03/2:0.97,0:0.14/9:0.86,0,0,0:0.84/7:0.16,0:0.84/6:0.16,0,-1,-1,-1,-1,-1,-1,-1,-1,-1,-1,-1,-1,-1,-1
M1.CAAGAAAAGAACAACT-1,7,3,5,-1,-1,-1,5,8,10,3,12,0,2,13,8,2,10,0,-1,-1,-1,-1,-1,-1,9,0,6,7,6,0,-1,-1,-1,-1,-1,-1,-1,-1,-1,-1,-1,-1,-1,-1
M1.CGATGGCGTAGCTCCG-1,8,0,8,0,8,9,5,7,9,0,8,4,2,0,8,2,9,7,12,13,0,2,2,2,9,10,0,-1,-1,-1,-1,-1,-1,-1,-1,-1,-1,-1,-1,-1,-1,-1,-1,-1
I32,0,0,0,0,0,0,0,0,0,0,0,0,0,0,0,0,0,0,0,0,0,0,0,0,0,0,0,0,0,0,-1,-1,-1,-1,-1,-1,-1,-1,-1,-1,-1,-1,-1,-1
clade_279,0,0,0,0,0:0.85/10:0.15,0:0.85/10:0.15,0,0,0,0,0,0,0,0,0,0,0:0.85/11:0.15,0,0,0,0,0:0.16/12:0.84,0:0.16/11:0.84,0:0.17/10:0.83,0,0,0,0,0,0,-1,-1,-1,-1,-1,-1,-1,-1,-1,-1,-1,-1,-1,-1
M1.ATGGGAGAGGTAAACT-1,3,0,0,-1,-1,-1,0,0,0,0,13,7,0,0,0,0,11,0,0,0,10,12,11,10,0,12,7,0,4,3,-1,-1,-1,-1,-1,-1,-1,-1,-1,-1,-1,-1,-1,-1
M1.ACCCACTCAGGGTATG-1,5,12,0,0,10,10,5,9,0,2,2,0,-1,-1,-1,-1,-1,-1,0,0,5,12,11,10,10,13,0,2,10,0,-1,-1,-1,-1,-1,-1,-1,-1,-1,-1,-1,-1,-1,-1
I33,0,0,0,0,0,0,0,0,0,0,0,0,0,0,0,0,0,0,0,0,0,0,0,0,0,0,0,0,0,0,-1,-1,-1,-1,-1,-1,-1,-1,-1,-1,-1,-1,-1,-1
clade_238,0,0,0,0,0,0,0,0,0,0,0,0:0.08/2:0.92,0,0,0,0,0,0,0,0,0,0,0,0,0,0,0,0,0,0,-1,-1,-1,-1,-1,-1,-1,-1,-1,-1,-1,-1,-1,-1
LL.ACTATCTTCGGCGCAT-1,3,0,10,6,0,0,5,0,0,0,0,2,0,0,0,0,0,0,0,0,0,-1,-1,-1,4,0,0,9,13,12,-1,-1,-1,-1,-1,-1,-1,-1,-1,-1,-1,-1,-1,-1
clade_246,0,0,0,0,0:0.04/2:0.96,0:0.03/2:0.97,0,0,0,0,0,2,0,0,0,0,0,0,0,0,0,0,0,0,0,0,0,0,0,0,-1,-1,-1,-1,-1,-1,-1,-1,-1,-1,-1,-1,-1,-1
clade_249,0,0,0:0.73/2:0.27,0,2,2,0,0,0,0,0,2,0,0,0,0,0,0,0,0,0,0,0,0,0:0.07/2:0.93,0:0.05/2:0.95,0,0,0,0,-1,-1,-1,-1,-1,-1,-1,-1,-1,-1,-1,-1,-1,-1
M1.CGGCTAGAGATGTAAC-1,-1,-1,-1,0,2,2,0,3,0,0,0,2,9,12,7,-1,-1,-1,3,12,8,3,0,0,2,2,0,-1,-1,-1,-1,-1,-1,-1,-1,-1,-1,-1,-1,-1,-1,-1,-1,-1
clade_255,0,0,0:0.02/2:0.98,0,2,2,0,0,0,2,2,2,0,0,0,0,0,0,0,2,0,0,0,0,2,2,0,0,0,0,-1,-1,-1,-1,-1,-1,-1,-1,-1,-1,-1,-1,-1,-1
clade_260,0,0:0.83/4:0.17,0:0.01/2:0.99,0,2,2,0,0,0,2,2,2,0,0,0,0:0.16/2:0.84,0,0,0,2,0,0,0,0,2,2,0,0,0,0,-1,-1,-1,-1,-1,-1,-1,-1,-1,-1,-1,-1,-1,-1
clade_271,0,4,2,0,2,2,0:0.01/5:0.99,0,0,2,2,2,0,0,0:0.01/3:0.99,0:0.07/2:0.93,0,0:0.42/6:0.58,0,2,0,0:0.01/8:0.99,0,0,2,2,0,0,0,0,-1,-1,-1,-1,-1,-1,-1,-1,-1,-1,-1,-1,-1,-1
M2.AAGCCGCCAGCTGTGC-1,0,4,2,0,2,2,5,0,0,2,2,2,0,0,3,2,0,6,0,2,0,8,0,0,2,2,0,0,0,0,-1,-1,-1,-1,-1,-1,-1,-1,-1,-1,-1,-1,-1,-1
M2.CCTTCGACATATGCTG-1,0,4,2,0,2,2,5,0,0,2,2,2,0,0,3,-1,-1,-1,0,2,0,8,0,0,-1,-1,-1,0,0,0,-1,-1,-1,-1,-1,-1,-1,-1,-1,-1,-1,-1,-1,-1
clade_261,-1,-1,-1,0,2,2,0,0,0,2,2,2,5,5,0,2,0,0,0,2,0,0,0,0,2,2,0,0,0,0,-1,-1,-1,-1,-1,-1,-1,-1,-1,-1,-1,-1,-1,-1
clade_267,-1,-1,-1,0,2,2,0:0.03/-1:0.97,0:0.03/-1:0.97,0:0.03/-1:0.97,2,2,2,5,5,0,2,0,0,0,2,0,0,0,0,2,2,0,0,0,0,-1,-1,-1,-1,-1,-1,-1,-1,-1,-1,-1,-1,-1,-1
M2.ACATGGTTCACGACTA-1,-1,-1,-1,-1,-1,-1,-1,-1,-1,2,2,2,5,5,0,2,0,0,3,2,0,0,0,0,2,2,0,0,0,0,-1,-1,-1,-1,-1,-1,-1,-1,-1,-1,-1,-1,-1,-1
M2.GACCAATCAAACGCGA-1,-1,-1,-1,0,2,2,-1,-1,-1,2,2,2,5,5,0,2,0,0,0,2,0,0,0,0,2,2,0,0,0,0,-1,-1,-1,-1,-1,-1,-1,-1,-1,-1,-1,-1,-1,-1
I34,-1,-1,-1,0,2,2,0,0,0,2,2,2,5,5,0,2,0,0,0,2,0,0,0,0,2,2,0,0,0,0,-1,-1,-1,-1,-1,-1,-1,-1,-1,-1,-1,-1,-1,-1
M2.GCATGTAGTACAGTGG-1,-1,-1,-1,0,2,2,0,0,0,2,2,2,5,5,0,2,0,0,0,2,2,-1,-1,-1,2,2,0,0,0,0,-1,-1,-1,-1,-1,-1,-1,-1,-1,-1,-1,-1,-1,-1
I35,-1,-1,-1,0,2,2,0,0,0,2,2,2,5,5,0,2,0,0,0,2,0,0,0,0,2,2,0,0,0,0,-1,-1,-1,-1,-1,-1,-1,-1,-1,-1,-1,-1,-1,-1
I36,-1,-1,-1,0,2,2,0,0,0,2,2,2,5,5,0,2,0,0,0,2,0,0,0,0,2,2,0,0,0,0,-1,-1,-1,-1,-1,-1,-1,-1,-1,-1,-1,-1,-1,-1
I37,-1,-1,-1,0,2,2,0,0,0,2,2,2,5,5,0,2,0,0,0,2,0,0,0,0,2,2,0,0,0,0,-1,-1,-1,-1,-1,-1,-1,-1,-1,-1,-1,-1,-1,-1
M2.TGGGCGTAGCGATAGC-1,-1,-1,-1,0,2,2,5,0,0,2,2,2,5,5,0,2,0,0,0,2,0,0,0,0,2,2,0,0,0,0,-1,-1,-1,-1,-1,-1,-1,-1,-1,-1,-1,-1,-1,-1
M2.TCAGCAAAGTAGCGGT-1,-1,-1,-1,0,2,2,0,0,0,2,2,2,5,5,0,2,0,0,0,2,0,0,0,5,2,2,0,0,0,0,-1,-1,-1,-1,-1,-1,-1,-1,-1,-1,-1,-1,-1,-1
M2.TCACGAAGTGCAGACA-1,-1,-1,-1,0,2,2,0,0,0,2,2,2,5,5,0,2,0,0,2,2,0,0,0,0,2,2,0,0,0,0,-1,-1,-1,-1,-1,-1,-1,-1,-1,-1,-1,-1,-1,-1
M2.AGATCTGTCTCGCATC-1,-1,-1,-1,6,2,2,0,0,0,2,2,2,5,5,5,2,0,0,0,2,0,0,0,0,2,2,0,0,0,0,-1,-1,-1,-1,-1,-1,-1,-1,-1,-1,-1,-1,-1,-1
clade_256,0,0,2,0,2,2,2,2,2,2,2,2,0,0,0,0,2,0,0,2,0,0,0,0,2,2,0,2,0,0,-1,-1,-1,-1,-1,-1,-1,-1,-1,-1,-1,-1,-1,-1
RW.TTAGGCAGTATGGTTC-1,0,0,2,0,2,2,2,2,2,2,2,2,0,0,0,2,2,0,0,2,0,0,0,0,2,2,0,2,2,0,-1,-1,-1,-1,-1,-1,-1,-1,-1,-1,-1,-1,-1,-1
RW.TCAGCAAAGACGCTTT-1,0,0,2,0,2,2,2,2,2,2,2,2,0,0,0,0,2,0,0,2,0,0,0,0,2,2,0,2,0,0,-1,-1,-1,-1,-1,-1,-1,-1,-1,-1,-1,-1,-1,-1
LL.TCGGGACAGGTGCTAG-1,0,0,8,0,2,2,0,0,0,10,15,2,11,14,0,0,0,3,0,12,8,-1,-1,-1,12,16,8,0,0,0,-1,-1,-1,-1,-1,-1,-1,-1,-1,-1,-1,-1,-1,-1
clade_218,0,0,0,0:0.99/7:0.01,0:0.99/3:0.01,0:0.99/7:0.01,0,0,0,0,0,0,0,0,0,0,0,0,0,0,0,0,0,0,0,0,0,0,0,0,-1,-1,-1,-1,-1,-1,-1,-1,-1,-1,-1,-1,-1,-1
M1.GTGTTAGCACTGTGTA-1,0,6,0,7,3,7,0,0,0,8,0,0,0,0,6,-1,-1,-1,8,8,6,11,9,4,0,0,0,0,0,0,-1,-1,-1,-1,-1,-1,-1,-1,-1,-1,-1,-1,-1,-1
clade_227,0,0,0,-1,-1,-1,6,0,0,0,0,0,0,0,0,0,0,0,9,9,0,3,0,0,0,0,0,2,0,0,-1,-1,-1,-1,-1,-1,-1,-1,-1,-1,-1,-1,-1,-1
M1.CACACCTGTTCGTGAT-1,0,0,0,-1,-1,-1,6,0,0,-1,-1,-1,0,0,0,0,2,0,9,9,0,3,0,3,3,0,0,2,0,0,-1,-1,-1,-1,-1,-1,-1,-1,-1,-1,-1,-1,-1,-1
I38,0,0,0,-1,-1,-1,6,0,0,0,0,0,0,0,0,0,0,0,9,9,0,3,0,0,0,0,0,2,0,0,-1,-1,-1,-1,-1,-1,-1,-1,-1,-1,-1,-1,-1,-1
M1.GATCGTACAAGGTGTG-1,0,8,0,-1,-1,-1,6,0,0,0,0,0,2,0,0,0,0,0,9,9,0,3,0,0,0,0,0,2,0,0,-1,-1,-1,-1,-1,-1,-1,-1,-1,-1,-1,-1,-1,-1
M1.CCATTCGAGTAATCCC-1,8,0,0,-1,-1,-1,6,0,0,0,0,0,0,0,0,0,0,0,9,9,0,3,0,0,0,0,0,2,0,3,-1,-1,-1,-1,-1,-1,-1,-1,-1,-1,-1,-1,-1,-1
