((((((M1.CTGTTTAGTTCCATGA-1:9.081,M1.GTATTCTCATTACCTT-1:8.769)clade_78:4.613,((((M1.TTGAACGTCCTCAACC-1:3.113,M1.GTGCGGTTCGGATGTT-1:1.139)clade_100:4.061,M1.TACGGTACATGCCTAA-1:3.785)clade_97:4.436,((M1.TCGAGGCCAGACGTAG-1:1.545,M1.GATCGCGCAGAGCCAA-1:5.219)clade_91:4.281,M1.CAGTAACGTGGGTATG-1:8.126)clade_96:1.488)clade_87:1.626,M1.CAGCATATCAGTTTGG-1:12.326)clade_84:1.749)clade_77:4.922,(M1.AAGGTTCTCCATGAGT-1:11.339,M1.ACATACGGTATGCTTG-1:13.368)clade_108:5.051)clade_76:9.298,(((((M1.ACATCAGGTCCGCTGA-1:3.066,M1.TACCTATGTCATGCCG-1:1.066)clade_69:4.368,M1.AGGTCATGTTAAAGTG-1:10.577)clade_72:6.898,M1.GTTCGGGCATAAGACA-1:10.224)clade_67:0.07,M1.GGGATGACAATCCAAC-1:15.225)clade_63:3.403,(M1.GGCCGATGTATATCCG-1:11.89,M1.GTTACAGTCTACTATC-1:5.871)clade_57:9.013)clade_54:7.893)clade_51:6.46,((M1.GACTACAAGGCGACAT-1:14.003,(((M1.ACGGGTCCATATGCTG-1:1.055,M1.GACGTTATCGCTAGCG-1:2.055)clade_7:6.528,M1.ACTGCTCCACGGTGTC-1:4.582)clade_6:5.337,M1.CGATTGAAGGAATCGC-1:10.369)clade_3:3.435)clade_2:13.71,((M1.CAGAATCTCTCAACTT-1:13.211,((M1.TGAGAGGGTATCACCA-1:1.332,M1.TTCGGTCAGAGTAATC-1:3.21)clade_47:13.982,M1.GCTGCGACATATGCTG-1:11.41)clade_44:4.999)clade_40:8.572,((((M1.CTCGGGAGTTCTGTTT-1:3.038,M1.CTGGTCTCATACAGCT-1:0.068)clade_33:5.652,M1.AGTTGGTTCCTCAACC-1:7.498)clade_32:2.766,M1.ACACCAAGTGTTTGGT-1:8.485)clade_28:5.35,(((M1.TGAGGGAGTCCTAGCG-1:4.057,(M1.CACATAGCAATGGAAT-1:1.004,M1.TTGCGTCGTATGCTTG-1:0.004)I1:0.055)clade_24:5.604,M1.GGACATTCAGTGACAG-1:3.911)clade_21:10.043,M1.GTTCGGGTCTCGCATC-1:13.415)clade_18:4.61)clade_17:7.521)clade_16:4.115)clade_15:4.333)root:0)I0;
I0,0,0,0,0,0,0,0,0,0,0,0,0,0,0,0,0,0,0,0,0,0,0,0,0,0,0,0,0,0,0,0,0,0
root,0,0,0,0,0,0,0,0,0,0,0,0,0,0,0,0,0,0,0,0,0,0,0,0,0,0,0,0,0,0,0,0,0
clade_15,0,0,0,0,0,0,0:0.27/2:0.73,0,0,0,0,0,0,0,0,0:0.09/-1:0.89/2:0.007/3:0.007/4:0.007,0:0.09/-1:0.89/2:0.005/3:0.005/0:0.005/4:0.005,0:0.09/-1:0.89/2:0.005/3:0.005/4:0.005/0:0.005,0,0,0,0,0,0,0,0,0,0:0.88/3:0.12,0:0.88/3:0.12,0:0.88/3:0.12,0:0.48/2:0.52,0,0
clade_16,0,0,0,0,0,0,0:0.1/2:0.9,0,0:0.35/2:0.65,0,0,0,0,0,0,0:0.01/-1:0.98/2:0.003/3:0.003/4:0.003,0:0.01/-1:0.98/2:0.003/3:0.003/0:0.003/4:0.003,0:0.01/-1:0.98/2:0.003/3:0.003/4:0.003/0:0.003,0:0.7/3:0.3,0,0,0,0,0,0,0,0,0:0.11/-1:0.85/3:0.04,0:0.11/-1:0.85/3:0.04,0:0.11/-1:0.85/3:0.04,0:0.37/2:0.63,0,0
clade_17,0:0.16/2:0.84,0,0,0,0,0:0.02/2:0.98,0:0.02/2:0.98,0,0:0.09/2:0.91,0:0.06/2:0.94,0,0,0,0,0,-1,-1,-1,0:0.03/-1:0.93/3:0.04,0:0.05/-1:0.93/2:0.003/3:0.003/4:0.003/5:0.003/6:0.003/7:0.003/8:0.003/0:0.003,0:0.05/-1:0.93/2:0.002/3:0.002/4:0.002/5:0.002/6:0.002/7:0.002/0:0.002/8:0.002/9:0.002/10:0.002,0:0.14/4:0.86,0,0,0,0,0,0:0.01/-1:0.99,0:0.01/-1:0.99,0:0.01/-1:0.99,0:0.12/2:0.88,0,0
clade_18,0:0.08/2:0.92,0:0.18/2:0.82,0:0.38/2:0.62,0,0,2,0:0.01/2:0.99,0,0:0.06/2:0.94,0:0.04/2:0.96,0,0,0:0.13/2:0.87,0:0.15/2:0.85,0:0.71/2:0.29,-1,-1,-1,0:0.01/-1:0.97/3:0.02,0:0.02/-1:0.97/2:0.001/3:0.001/4:0.001/5:0.001/6:0.001/7:0.001/8:0.001/0:0.001,0:0.02/-1:0.97/2:0.001/3:0.001/4:0.001/5:0.001/6:0.001/7:0.001/0:0.001/8:0.001/9:0.001/10:0.001,0:0.11/4:0.89,0:0.8/4:0.2,0:0.8/4:0.2,0,0,0,-1,-1,-1,0:0.09/2:0.91,0:0.8/2:0.2,0:0.8/2:0.2
M1.GTTCGGGTCTCGCATC-1,2,2,2,0,5,2,2,4,-1,-1,-1,0,2,2,-1,-1,-1,-1,-1,-1,-1,4,4,4,5,3,4,-1,-1,-1,2,2,2
clade_21,0:0.01/2:0.99,0:0.01/2:0.99,0:0.03/2:0.97,0,0,2,2,0:0.04/2:0.96,0:0.01/2:0.99,2,0,0,2,2,0:0.04/2:0.96,-1,-1,-1,-1,-1,-1,0:0.01/-1:0.92/4:0.07,0:0.04/-1:0.92/4:0.04,0:0.04/-1:0.92/4:0.04,0:0.42/6:0.58,0:0.42/4:0.58,0:0.42/5:0.58,-1,-1,-1,-1:0.92/2:0.08,0:0.04/-1:0.92/2:0.04,0:0.04/-1:0.92/2:0.04
M1.GGACATTCAGTGACAG-1,2,2,2,7,8,2,2,2,2,2,0,0,2,2,2,-1,-1,-1,-1,-1,-1,-1,-1,-1,6,4,5,-1,-1,-1,-1,-1,-1
clade_24,2,2,2,2,2,2,2,2,2,2,0,0,2,2,2,-1,-1,-1,-1,-1,-1,-1,-1,-1,-1:0.99/6:0.01,-1:0.99/4:0.01,-1:0.99/5:0.01,-1,-1,-1,-1,-1,-1
I1,2,2,2,2,2,2,2,2,2,2,0,0,2,2,2,-1,-1,-1,-1,-1,-1,-1,-1,-1,-1,-1,-1,-1,-1,-1,-1,-1,-1
M1.TTGCGTCGTATGCTTG-1,2,2,2,2,2,2,2,2,2,2,0,0,2,2,2,-1,-1,-1,-1,-1,-1,-1,-1,-1,-1,-1,-1,-1,-1,-1,-1,-1,-1
M1.CACATAGCAATGGAAT-1,2,2,2,2,2,2,2,2,2,2,3,0,2,2,2,-1,-1,-1,-1,-1,-1,-1,-1,-1,-1,-1,-1,-1,-1,-1,-1,-1,-1
M1.TGAGGGAGTCCTAGCG-1,2,2,2,2,2,2,2,2,2,2,2,-1,-1,-1,2,-1,-1,-1,-1,-1,-1,-1,-1,-1,-1,-1,-1,-1,-1,-1,-1,-1,-1
clade_28,0:0.03/2:0.97,0,0,0,0:0.02/8:0.98,2,2,0:0.11/6:0.89,0:0.01/2:0.99,2,0,0,0,0,0,-1,-1,-1,-1:0.99/3:0.01,-1:0.99/2:0.001/3:0.001/4:0.001/5:0.001/6:0.001/7:0.001/8:0.001/0:0.001,-1:0.99/2:0.001/3:0.001/4:0.001/5:0.001/6:0.001/7:0.001/0:0.001/8:0.001/9:0.001/10:0.001,0:0.01/4:0.99,0:0.04/5:0.96,0,0:0.08/8:0.92,0,0:0.14/5:0.86,-1,-1,-1,0:0.02/2:0.98,0,0
M1.ACACCAAGTGTTTGGT-1,2,2,2,7,8,2,2,6,2,2,7,8,10,0,-1,-1,-1,-1,-1,-1,-1,4,5,11,8,0,5,-1,-1,-1,2,0,0
clade_32,0:0.01/2:0.99,0:0.12/8:0.88,0:0.26/3:0.74,0:0.09/10:0.91,8,2,2,0:0.07/6:0.93,0:0.01/2:0.99,2,0,0,0,0,0,-1,-1,-1,-1,-1,-1,4,0:0.01/5:0.99,0,0:0.05/8:0.95,0,0:0.1/5:0.9,-1,-1,-1,0:0.01/2:0.99,0,0
M1.AGTTGGTTCCTCAACC-1,2,8,3,10,8,2,2,-1,2,2,0,0,10,0,0,-1,-1,-1,-1,-1,-1,4,5,10,-1,-1,-1,-1,-1,-1,2,4,0
clade_33,2,8,3,10,8,2,2,6,2,2,0,0:0.01/6:0.99,8,8,0,-1,-1,-1,-1,-1,-1,4,5,8,0:0.01/8:0.99,0,0:0.02/5:0.98,-1,-1,-1,2,0,0:0.01/4:0.99
M1.CTGGTCTCATACAGCT-1,2,8,3,10,8,2,2,6,2,2,0,6,8,8,0,-1,-1,-1,-1,-1,-1,4,5,8,8,0,5,-1,-1,-1,2,0,4
M1.CTCGGGAGTTCTGTTT-1,2,8,3,10,8,2,2,6,2,2,0,6,8,8,0,-1,-1,-1,-1,-1,-1,4,5,8,-1,-1,-1,-1,-1,-1,2,0,4
clade_40,0:0.3/3:0.7,0:0.18/5:0.82,0:0.36/2:0.64,0:0.13/8:0.87,0,0,0:0.05/2:0.95,0,0:0.1/2:0.9,0,0,0:0.69/2:0.31,0:0.69/9:0.31,0:0.69/9:0.31,0,-1,-1,-1,0:0.05/3:0.95,0,0,0,0,0,0,0,0:0.25/3:0.75,0:0.02/-1:0.97/3:0.01,0:0.02/-1:0.97/3:0.01,0:0.02/-1:0.97/3:0.01,0:0.06/-1:0.79/2:0.15,0:0.15/-1:0.79/2:0.015/0:0.015/3:0.015/4:0.015,0:0.15/-1:0.79/2:0.015/3:0.015/4:0.015/0:0.015
clade_44,0:0.16/3:0.84,0:0.13/5:0.87,0:0.28/2:0.72,0:0.1/8:0.9,0:0.76/9:0.24,0,0:0.04/2:0.96,0:0.76/5:0.24,0:0.05/2:0.95,0,0:0.22/2:0.78,0:0.25/-1:0.54/2:0.21,0:0.25/-1:0.54/9:0.21,0:0.25/-1:0.54/9:0.21,0,-1,-1,-1,0:0.01/3:0.99,0:0.2/3:0.8,0,0,0,0,0:0.76/3:0.24,0,0:0.19/3:0.81,0:0.01/-1:0.99,0:0.01/-1:0.99,0:0.01/-1:0.99,0:0.02/-1:0.9/2:0.08,0:0.06/-1:0.9/2:0.01/0:0.01/3:0.01/4:0.01,0:0.06/-1:0.9/2:0.01/3:0.01/4:0.01/0:0.01
M1.GCTGCGACATATGCTG-1,3,5,2,8,9,0,2,5,2,4,2,-1,-1,-1,0,-1,-1,-1,3,3,0,6,6,8,-1,-1,-1,-1,-1,-1,-1,-1,-1
clade_47,0:0.03/3:0.97,-1:0.98/5:0.02,-1:0.98/2:0.02,-1:0.98/8:0.02,0:0.01/-1:0.98/9:0.01,0:0.01/-1:0.98/2:0.001/0:0.001/3:0.001/4:0.001/5:0.001/6:0.001/7:0.001/8:0.001/9:0.001/10:0.001,-1:0.98/2:0.02,0:0.01/-1:0.98/5:0.01,2,0,2,-1:0.99/2:0.01,-1:0.99/9:0.01,-1:0.99/9:0.01,0,-1,-1,-1,3,3,0:0.01/3:0.99,0:0.01/3:0.99,0:0.01/3:0.99,2,0:0.12/3:0.88,0,0:0.03/3:0.97,-1,-1,-1,-1,-1,-1
M1.TTCGGTCAGAGTAATC-1,3,-1,-1,-1,-1,-1,-1,-1,2,0,2,-1,-1,-1,0,-1,-1,-1,3,3,3,3,3,2,-1,-1,-1,-1,-1,-1,-1,-1,-1
M1.TGAGAGGGTATCACCA-1,-1,-1,-1,-1,-1,-1,-1,-1,2,0,2,-1,-1,-1,0,-1,-1,-1,3,3,3,3,3,2,3,0,3,-1,-1,-1,-1,-1,-1
M1.CAGAATCTCTCAACTT-1,3,5,2,8,12,0,2,4,2,7,7,2,9,9,0,-1,-1,-1,3,0,10,-1,-1,-1,10,0,3,-1,-1,-1,-1,-1,-1
clade_2,0:0.13/2:0.87,0,0,0,0,0,0:0.03/2:0.97,0,0:0.13/3:0.87,0:0.02/6:0.98,0:0.03/6:0.97,0:0.02/5:0.98,0:0.02/7:0.98,0:0.02/6:0.98,0,-1:0.99/2:0.003/3:0.003/4:0.003,-1:0.99/2:0.003/3:0.003/0:0.003/4:0.003,-1:0.99/2:0.003/3:0.003/4:0.003/0:0.003,0:0.03/5:0.97,0:0.03/7:0.97,0:0.02/8:0.98,0:0.12/4:0.88,0,0,0,0,0,0:0.42/3:0.58,0:0.42/3:0.58,0:0.42/3:0.58,0:0.06/2:0.94,0,0:0.06/4:0.94
clade_3,0:0.04/2:0.96,0,0,0,0,0,0:0.01/2:0.99,0,0:0.04/3:0.96,6,6,5,7,6,0,-1,-1,-1,5,7,8,0:0.09/4:0.91,0:0.72/8:0.28,0:0.72/8:0.28,0,0,0,0:0.08/-1:0.77/3:0.15,0:0.08/-1:0.77/3:0.15,0:0.08/-1:0.77/3:0.15,0:0.02/2:0.98,0,0:0.01/4:0.99
M1.CGATTGAAGGAATCGC-1,2,2,2,0,4,0,2,4,3,6,6,5,7,6,2,-1,-1,-1,5,7,8,4,8,8,9,6,5,-1,-1,-1,2,0,4
clade_6,0:0.01/2:0.99,0,0,0,0,0,2,0,0:0.01/3:0.99,6,6,5,7,6,0,-1,-1,-1,5,7,8,0:0.01/-1:0.89/4:0.1,0:0.05/-1:0.89/8:0.06,0:0.05/-1:0.89/8:0.06,0,0:0.06/5:0.94,0:0.07/6:0.93,0:0.01/-1:0.97/3:0.02,0:0.01/-1:0.97/3:0.02,0:0.01/-1:0.97/3:0.02,2,0,4
M1.ACTGCTCCACGGTGTC-1,2,0,4,11,0,8,2,0,3,6,6,5,7,6,4,-1,-1,-1,5,7,8,-1,-1,-1,0,5,6,-1,-1,-1,2,0,4
clade_7,2,0:0.01/7:0.99,0:0.02/2:0.98,3,11,7,2,0,3,6,6,5,7,6,0,-1,-1,-1,5,7,8,-1,-1,-1,0,5,6,-1,-1,-1,2,0:0.01/3:0.99,4
M1.GACGTTATCGCTAGCG-1,2,7,2,3,11,7,2,5,3,6,6,5,7,6,0,-1,-1,-1,5,7,8,-1,-1,-1,5,5,6,-1,-1,-1,2,3,4
M1.ACGGGTCCATATGCTG-1,2,7,2,3,11,7,2,4,3,6,6,5,7,6,0,-1,-1,-1,5,7,8,-1,-1,-1,0,5,6,-1,-1,-1,2,3,4
M1.GACTACAAGGCGACAT-1,2,6,2,9,10,6,2,0,3,6,6,5,7,6,-1,-1,-1,-1,5,7,8,4,7,9,-1,-1,-1,3,3,3,2,3,4
clade_51,0:0.21/2:0.79,0,0:0.13/2:0.87,0,0,0,0,0:0.06/3:0.94,0:0.21/2:0.79,0,0,0,0,0,0,0,0,0,0,0,0,0,0,0,0,0:0.06/2:0.94,0:0.08/2:0.92,0:0.6/2:0.4,0:0.6/2:0.4,0:0.6/2:0.4,0,0,0
clade_54,0:0.03/2:0.97,0,0:0.01/2:0.99,0:0.02/5:0.98,0,0,0:0.17/2:0.83,3,0:0.03/2:0.97,0,0:0.03/4:0.97,0,0,0,0:0.05/3:0.95,0:0.07/3:0.93,0,0,0,0,0,0,0,0,0:0.02/4:0.98,2,2,0:0.07/2:0.93,0:0.07/2:0.93,0:0.07/2:0.93,0,0,0
clade_57,0:0.01/2:0.99,0,2,5,0:0.47/7:0.53,0:0.47/4:0.53,0:0.08/2:0.92,3,0:0.01/2:0.99,0:0.06/4:0.94,4,0,0:0.04/5:0.96,0,0:0.01/3:0.99,0:0.01/3:0.99,0,0,0,0:0.07/5:0.93,0:0.05/6:0.95,0:0.47/5:0.53,0:0.47/5:0.53,0,4,2,2,0:0.02/2:0.98,0:0.02/2:0.98,0:0.02/2:0.98,0:0.12/-1:0.8/2:0.04/0:0.04,0:0.12/-1:0.8/2:0.02/0:0.02/3:0.02/4:0.02,0:0.12/-1:0.8/2:0.02/3:0.02/4:0.02/0:0.02
M1.GTTACAGTCTACTATC-1,2,2,2,5,7,4,2,3,2,4,4,3,5,0,3,3,0,3,0,5,6,5,5,0,4,2,2,2,2,2,-1,-1,-1
M1.GGCCGATGTATATCCG-1,2,4,2,5,-1,-1,-1,3,2,4,4,4,5,0,3,3,4,4,2,5,6,-1,-1,-1,4,2,2,2,2,2,-1,-1,-1
clade_63,0:0.01/2:0.99,0:0.02/2:0.98,2,5,0,0,0:0.04/2:0.96,3,0:0.01/2:0.99,0,4,0:0.01/2:0.99,0,0,3,0:0.01/3:0.99,0,0:0.09/3:0.91,0,0,0,0,0,0,4,2,2,0:0.02/2:0.98,0:0.02/2:0.98,0:0.02/2:0.98,0,0,0
M1.GGGATGACAATCCAAC-1,-1,2,2,5,0,5,2,3,2,0,4,2,6,5,3,3,0,3,4,6,7,6,5,7,-1,-1,-1,2,2,2,0,2,2
clade_67,0:0.01/2:0.99,0:0.01/2:0.99,2,5,0,0,0:0.04/2:0.96,3,0:0.01/2:0.99,0,4,0:0.01/2:0.99,0,0,3,0:0.01/3:0.99,0,0:0.09/3:0.91,0:0.99/2:0.01,0:0.99/4:0.01,0,0:0.99/3:0.01,0:0.99/3:0.01,0:0.99/2:0.01,4,2,2,0:0.01/2:0.99,0:0.01/2:0.99,0:0.01/2:0.99,0,0,0:0.99/3:0.01
M1.GTTCGGGCATAAGACA-1,2,2,2,5,6,3,2,3,2,0,4,2,4,0,3,3,0,3,-1,-1,-1,-1,-1,-1,4,2,2,2,2,2,0,0,3
clade_72,2,2,2,5,0,0,0:0.01/2:0.99,3,2,0,4,2,0,0,3,3,0:0.46/3:0.54,0:0.04/3:0.96,0:0.06/2:0.94,0:0.06/4:0.94,0,0:0.45/3:0.55,0:0.45/3:0.55,0:0.45/2:0.55,4,2,2,2,2,2,0:0.1/-1:0.85/2:0.025/0:0.025,0:0.1/-1:0.85/2:0.013/0:0.013/3:0.013/4:0.013,0:0.09/-1:0.85/3:0.06
M1.AGGTCATGTTAAAGTG-1,2,2,2,5,8,3,2,3,2,0,4,2,0,9,3,-1,-1,-1,2,4,2,-1,-1,-1,4,2,2,2,2,2,-1,-1,-1
clade_69,2,2,2,5,0,0,2,3,2,0,4,2,0,0:0.01/2:0.99,3,3,0:0.01/3:0.99,3,2,4,0:0.01/5:0.99,0:0.01/3:0.99,0:0.01/3:0.99,2,4,2,2,2,2,2,-1,-1,-1
M1.TACCTATGTCATGCCG-1,2,2,2,5,4,0,2,3,2,0,4,2,0,2,3,3,3,3,2,4,5,3,3,2,4,2,2,2,2,2,-1,-1,-1
M1.ACATCAGGTCCGCTGA-1,2,2,2,5,13,9,2,3,2,8,4,2,0,2,3,3,3,3,2,4,5,3,3,2,4,2,2,2,2,2,-1,-1,-1
clade_76,0:0.04/2:0.96,0,0:0.01/2:0.99,0,0,0,0,3,0:0.04/2:0.96,0,0,0,0,0,0:0.04/2:0.96,0,0,0,0,0,0,0:0.07/2:0.93,0:0.05/2:0.95,0,0,2,2,0:0.02/-1:0.96/2:0.02,0:0.02/-1:0.96/2:0.02,0:0.02/-1:0.96/2:0.02,0:0.03/-1:0.96/2:0.005/0:0.005,0:0.03/-1:0.96/2:0.003/0:0.003/3:0.003/4:0.003,0:0.03/-1:0.96/2:0.003/3:0.003/4:0.003/0:0.003
clade_108,0:0.03/2:0.97,0:0.17/2:0.83,2,0,0,0:0.14/10:0.86,0:0.46/2:0.54,3,0:0.03/2:0.97,0:0.7/9:0.3,0:0.7/7:0.3,0,0,0,0:0.01/2:0.99,0:0.7/4:0.3,0,0,0,0:0.17/7:0.83,0:0.14/8:0.86,0:0.05/2:0.95,0:0.04/2:0.96,0,0,2,2,0:0.01/-1:0.98/2:0.01,0:0.01/-1:0.98/2:0.01,0:0.01/-1:0.98/2:0.01,0:0.01/-1:0.98/2:0.005/0:0.005,0:0.01/-1:0.98/2:0.003/0:0.003/3:0.003/4:0.003,0:0.01/-1:0.98/2:0.003/3:0.003/4:0.003/0:0.003
M1.ACATACGGTATGCTTG-1,-1,2,2,4,8,10,2,3,2,9,7,7,11,10,2,4,0,0,7,7,8,-1,-1,-1,0,2,2,-1,-1,-1,-1,-1,-1
M1.AAGGTTCTCCATGAGT-1,2,2,2,0,14,10,2,3,-1,-1,-1,9,12,9,2,-1,-1,-1,0,7,8,2,2,0,0,2,2,-1,-1,-1,-1,-1,-1
clade_77,2,0,2,0,0,0,0:0.43/3:0.57,3,0:0.01/2:0.99,0,0,0:0.01/2:0.99,0,0,2,0:0.05/2:0.95,0:0.04/2:0.96,0:0.04/2:0.96,0,0,0,2,2,0,0,2,2,-1,-1,-1,-1,-1,-1
clade_84,2,0:0.52/2:0.48,2,0,0,0,0:0.21/3:0.79,3,2,0,0,2,0,0,2,0:0.01/2:0.99,0:0.01/2:0.99,0:0.01/2:0.99,0,0:0.08/2:0.92,0,2,2,0,0,2,2,-1,-1,-1,-1,-1,-1
M1.CAGCATATCAGTTTGG-1,2,-1,-1,-1,8,0,3,3,-1,-1,-1,2,0,0,2,2,2,2,0,2,2,2,2,8,-1,-1,-1,-1,-1,-1,-1,-1,-1
clade_87,2,0:0.02/2:0.98,2,0,0,0,0:0.14/3:0.86,3,2,0,0,2,0,0,2,2,2,2,0:0.05/2:0.95,2,0,2,2,0,0,2,2,-1,-1,-1,-1,-1,-1
clade_96,2,2,2,0:0.15/4:0.85,0:0.84/8:0.16,0,0:0.12/3:0.88,3,2,0:0.84/3:0.16,0,2,0:0.77/3:0.23,0,2,2,2,2,0:0.01/2:0.99,2,0,2,2,0,0,2,2,-1,-1,-1,-1,-1,-1
M1.CAGTAACGTGGGTATG-1,2,2,2,4,8,0,3,3,-1,-1,-1,-1,-1,-1,2,2,2,2,2,2,4,2,2,0,0,2,2,-1,-1,-1,-1,-1,-1
clade_91,2,2,2,4,0:0.04/-1:0.93/8:0.03,0:0.04/-1:0.93/2:0.003/0:0.003/3:0.003/4:0.003/5:0.003/6:0.003/7:0.003/8:0.003/9:0.003/10:0.003,-1:0.93/3:0.07,3,2,0:0.33/3:0.67,0,2,0:0.01/3:0.99,0,2,2,2,2,2,2,0,2,2,0,0,2,2,-1,-1,-1,-1,-1,-1
M1.GATCGCGCAGAGCCAA-1,2,2,2,4,-1,-1,-1,3,-1,-1,-1,2,3,0,2,2,2,2,2,2,5,2,2,0,7,2,2,-1,-1,-1,-1,-1,-1
M1.TCGAGGCCAGACGTAG-1,2,2,2,4,-1,-1,-1,3,2,3,0,2,3,0,2,2,2,2,2,2,4,2,2,0,0,2,2,-1,-1,-1,-1,-1,-1
clade_97,2,2,2,0:0.03/3:0.97,0:0.53/3:0.47,0,0:0.07/3:0.93,3,2,0,0:0.07/3:0.93,2,0,0,2,2,2,2,2,2,0:0.04/2:0.96,2,2,0,0:0.04/2:0.96,2,2,-1,-1,-1,-1,-1,-1
M1.TACGGTACATGCCTAA-1,2,2,2,3,3,0,3,3,2,0,3,2,2,2,2,2,2,2,2,2,2,2,2,3,2,2,2,-1,-1,-1,-1,-1,-1
clade_100,2,2,2,3,0:0.01/-1:0.97/3:0.02,0:0.02/-1:0.97/2:0.001/0:0.001/3:0.001/4:0.001/5:0.001/6:0.001/7:0.001/8:0.001/9:0.001/10:0.001,-1:0.97/3:0.03,3,2,0,0:0.03/3:0.97,2,0,0:0.01/3:0.99,2,2,2,2,2,2,2,2,2,0,2,2,2,-1,-1,-1,-1,-1,-1
M1.GTGCGGTTCGGATGTT-1,2,2,2,3,-1,-1,-1,3,2,0,3,2,0,3,2,2,2,2,2,2,2,2,2,5,2,2,2,-1,-1,-1,-1,-1,-1
M1.TTGAACGTCCTCAACC-1,2,2,2,3,-1,-1,-1,3,-1,-1,-1,2,0,3,2,2,2,2,2,2,2,2,2,0,2,2,2,-1,-1,-1,-1,-1,-1
clade_78,2,0,2,0:0.1/6:0.9,0:0.24/-1:0.68/2:0.006/3:0.006/4:0.006/5:0.006/6:0.006/7:0.006/0:0.006/8:0.006/9:0.006/10:0.006/11:0.006/12:0.006/13:0.006/14:0.006,0:0.24/-1:0.68/2:0.008/0:0.008/3:0.008/4:0.008/5:0.008/6:0.008/7:0.008/8:0.008/9:0.008/10:0.008,0:0.1/-1:0.68/3:0.22,3,2,0,0,2,0,0,2,0:0.02/2:0.98,0:0.01/2:0.99,0:0.01/2:0.99,0:0.66/6:0.34,0:0.66/8:0.34,0:0.66/9:0.34,2,2,0:0.66/6:0.34,0,2,2,-1,-1,-1,-1,-1,-1
M1.GTATTCTCATTACCTT-1,2,3,2,6,-1,-1,-1,3,2,5,5,2,0,4,2,2,2,2,-1,-1,-1,2,2,6,0,2,2,-1,-1,-1,-1,-1,-1
M1.CTGTTTAGTTCCATGA-1,2,2,2,6,-1,-1,-1,3,2,0,0,2,0,7,2,2,2,2,6,8,9,-1,-1,-1,5,2,2,-1,-1,-1,-1,-1,-1
