(((((LL.TGCCAAAAGGGCTTCC-1:6.528,LL.GGCGTGTGTAGCTCCG-1:3.213)clade_10:2.84,LL.TCGGTAACAAAGAATC-1:2.652)clade_7:3.348,((LL.CTTCTCTGTTCCACAA-1:2.006,LL.GGCAATTAGCACCGTC-1:0.006)I41:0.463,LL.CGTGAGCTCTTTACAC-1:9.469)clade_1:2.57)I40:0,(((((LL.TGTGTTTAGATCCGAG-1:3.089,LL.GTAGGCCGTTAAGTAG-1:0.089)clade_98:6.24,LL.GCACATATCTGAGGGA-1:9.184)clade_96:2.23,LL.GATTCAGCAGACTCGC-1:2.411)I39:2.66,LL.CATCGGGGTAAATACG-1:7.63)clade_91:2.37,(((LL.CGTGTAACACCAGGTC-1:1.61,LL.GTTCTCGAGTACGCCC-1:8.257)clade_124:2.413,LL.GCATGCGGTCTAAACC-1:13.01)clade_141:2.019,(((((LL.ACGATGTGTGTGGCTC-1:1.195,LL.TGGCTGGCACTACAGT-1:4.195)I38:2.916,(LL.ATGGGAGTCAATCTCT-1:4.048,LL.CAGCAGCCACTGTGTA-1:2.048)clade_80:1.05)I37:2.994,LL.GATCGTATCCCTGACT-1:9.872)clade_72:1.128,((((LL.TACTTGTGTCCGTGAC-1:0.065,LL.CACATAGTCACCGTAA-1:3.065)I36:2.948,LL.ATGCGATGTTAAAGAC-1:0.008)clade_50:0.013,(LL.AACTCCCAGCGTTCCG-1:4.196,LL.GGCTCGATCAAGAAGT-1:9.11)clade_66:0.911)clade_57:2.984,(LL.CAGATCAAGCTGAAAT-1:4.001,((((LL.GGTGTTAGTCATATCG-1:2.116,LL.TGTGGTATCCTAAGTG-1:7.109)clade_60:0.892,(LL.GTCCTCATCATTGCCC-1:5.93,LL.CCTTACGAGCGGCTTC-1:4.003)I35:0.078)clade_58:0.994,LL.CCTACCATCCGGGTGT-1:8.002)I34:0.003,((LL.GATGCTATCGCCAAAT-1:6.64,LL.TAGTGGTCAAGTTGTC-1:2.64)clade_55:2.389,LL.TGCTACCAGCTGAAAT-1:0.971)I33:0.034)I32:2.996)I31:0.002)clade_42:0.997)I30:0,(((((LL.CGCCAAGGTCTGCAAT-1:3.267,LL.GAATAAGCACACCGAC-1:3.267)clade_149:4.247,LL.CCGTTCACAGCCTATA-1:5.494)I29:3.534,((((LL.GGTGTTATCCGTCAAA-1:6.101,(LL.TCTCATATCCAAACTG-1:1.001,(LL.CTCATTAGTCGCATAT-1:2,LL.ATGCGATCAGACGCTC-1:1)clade_22:0.001)I28:0.1)I27:2.924,LL.ATTCTACTCCGCAGTG-1:1.669)clade_21:1.331,((LL.ATCATCTGTTCATGGT-1:5.159,LL.GACTAACGTCGAGATG-1:9.159)clade_87:2.841,((((LL.CGGCTAGAGTACCGGA-1:0,LL.CGTGAGCGTACAGCAG-1:0)I26:0,((LL.CAAGGCCAGGTAGCCA-1:0,LL.AAGGAGCTCTGCCCTA-1:0)I25:0,LL.CCGTACTAGTCGTACT-1:0)I24:0)clade_117:0.042,LL.CCGTGGATCGGATGTT-1:3.042)I23:3.036,(((LL.CGCGGTACAGTGAGTG-1:4,LL.CTCGAGGGTTCAACCA-1:3)I22:0.001,LL.ATTACTCGTACCGTAT-1:0.001)clade_110:0.106,LL.GCTTGAAAGACCCACC-1:3.001)I21:1.533)clade_108:4.367)I20:0)I19:0,((LL.GATCGTACATTGGCGC-1:4.855,LL.AACCATGAGACTAAGT-1:5.047)clade_100:0.877,(LL.CTGAAGTGTAGGCATG-1:4.95,LL.ACATCAGCAGCCACCA-1:3.376)clade_128:3.079)I18:0.269)I17:0)I16:0,(((LL.GTCGTAAGTACCGTAT-1:7,(((LL.GAAATGACAAGCCCAC-1:3.628,((LL.TTAGGACTCCAACCAA-1:0.005,LL.CCCAGTTAGGTGTGGT-1:1.005)clade_135:5.183,LL.CACACAATCTGCAAGT-1:0.188)I15:2.825)I14:0.372,((LL.TTCGAAGAGCACGCCT-1:6.029,LL.TGATTTCGTGTGCCTG-1:0.468)clade_163:4.532,(LL.GAACCTAGTAGTACCT-1:4.971,LL.GAGCAGACAGTCTTCC-1:6)I13:0.029)I12:0)I11:0,(LL.ATTGGTGGTAGCCTAT-1:0.001,LL.GCGAGAACATCGGGTC-1:0.001)clade_139:10)I10:0)I9:0,((LL.AGAGCGAGTAAAGTCA-1:0,LL.CTCCTAGCAGCATGAG-1:0)clade_122:6.074,LL.GGGAGATCAGCTGCTG-1:4.479)clade_119:3.963)I8:0,((LL.TACTTGTGTAGGACAC-1:3.032,LL.TTGAACGGTGCAACGA-1:0.032)clade_156:8.188,LL.GGACGTCTCCTGCTTG-1:6.046)clade_152:1.954)I7:0)I6:0,((LL.AGGGATGGTCTAGCCG-1:0.621,LL.ATCGAGTTCATGTGGT-1:5.025)clade_14:1.434,((LL.AAACCTGGTACATGTC-1:0.428,LL.TTCTCCTAGGACACCA-1:6.337)clade_35:2.757,LL.TCTATTGGTATCGCAT-1:5.166)clade_31:0.889)I5:2.949)I4:0)I3:0)I2:0)I1:0)root:0)I0;
I0,0,0,0,0,0,0,0,0,0,0,0,0,0,0,0,0,0,0,0,0,0,0,0,0
root,0,0,0,0,0,0,0,0,0,0,0,0,0,0,0,0,0,0,0,0,0,0,0,0
I1,0,0,0,0,0,0,0,0,0,0,0,0,0,0,0,0,0,0,0,0,0,0,0,0
I2,0,0,0,0,0,0,0,0,0,0,0,0,0,0,0,0,0,0,0,0,0,0,0,0
I3,0,0,0,0,0,0,0,0,0,0,0,0,0,0,0,0,0,0,0,0,0,0,0,0
I4,0,0,0,0,0,0,0,0,0,0,0,0,0,0,0,0,0,0,0,0,0,0,0,0
I5,0,0,0,0,0,0,0,0,0,0,0,0,0,0,0,0,0,0,0,0,0,0:0.02/-1:0.98,0:0.02/-1:0.98,0:0.02/-1:0.98
clade_31,0,0,0,0,0,0,0,0,0,0:0.15/3:0.85,0,0,0,0,0,0,0,0,0,0,0,0:0.01/-1:0.99,0:0.01/-1:0.99,0:0.01/-1:0.99
LL.TCTATTGGTATCGCAT-1,0,0,0,0,0,0,0,0,4,3,0,0,0,3,0,0,0,0,-1,-1,-1,-1,-1,-1
clade_35,0:0.11/-1:0.89,0:0.11/-1:0.89,0:0.11/-1:0.89,0,0,0,0,0,0,0:0.09/3:0.91,0,0,0,0,0,0,0,0,0,0,0,-1,-1,-1
LL.TTCTCCTAGGACACCA-1,-1,-1,-1,0,0,0,0,0,0,-1,-1,-1,-1,-1,-1,0,0,0,0,0,0,-1,-1,-1
LL.AAACCTGGTACATGTC-1,-1,-1,-1,0,0,0,0,0,0,3,0,0,0,0,0,0,0,0,0,0,0,-1,-1,-1
clade_14,0:0.6/13:0.4,0,0,0,0,0,0,0,0,0,0,0,0,0,0,0:0.02/2:0.98,0,0,0,0,0,-1,-1,-1
LL.ATCGAGTTCATGTGGT-1,-1,-1,-1,0,0,0,4,0,0,0,0,2,0,0,0,2,0,0,0,0,0,-1,-1,-1
LL.AGGGATGGTCTAGCCG-1,13,0,0,0,0,0,0,0,0,0,0,0,0,0,0,2,0,0,0,0,0,-1,-1,-1
I6,0,0,0,0,0,0,0,0,0,0,0,0,0,0,0,0,0,0,0,0,0,0,0,0
I7,0,0,0,0,0,0,0,0,0,0,0,0,0,0,0,0,0,0,0,0,0,0,0,0
clade_152,0,0,0,0,0,0,0,0,0,0:0.09/2:0.91,0:0.12/2:0.88,0,0,0,0,0,0,0,0,0,0,0,0,0:0.83/2:0.17
LL.GGACGTCTCCTGCTTG-1,0,0,2,0,0,0,-1,-1,-1,2,2,0,0,0,0,0,0,0,0,5,0,0,0,2
clade_156,2,0,0,0,0,0,0,0,0,2,2,2,0,0,0,2,2,2,0,0,0,0:0.01/-1:0.99,0:0.01/-1:0.99,0:0.01/-1:0.99
LL.TTGAACGGTGCAACGA-1,2,0,0,0,0,0,0,0,0,2,2,2,0,0,0,2,2,2,0,0,0,-1,-1,-1
LL.TACTTGTGTAGGACAC-1,2,0,0,0,0,0,-1,-1,-1,2,2,2,0,0,0,2,2,2,0,0,0,-1,-1,-1
I8,0,0,0,0,0,0,0,0,0,0,0,0,0,0,0,0,0,0,0,0,0,0,0,0
clade_119,0:0.6/8:0.4,0,0,0,0,0,0,0,0,0,0,0,0:0.03/3:0.97,0,0,0,0,0,0,0,0,0:0.14/-1:0.85/0:0.001/2:0.001/3:0.001/4:0.001/5:0.001/6:0.001/7:0.001,0:0.14/-1:0.85/0:0.002/2:0.002/3:0.002/4:0.002/5:0.002/6:0.002,0:0.14/-1:0.85/0:0.002/2:0.002/3:0.002/4:0.002/5:0.002/6:0.002
LL.GGGAGATCAGCTGCTG-1,-1,-1,-1,0,0,0,0,0,0,0,0,0,3,0,0,0,0,3,0,0,0,-1,-1,-1
clade_122,8,0,0,0,0,0,0,0,4,4,3,0,3,0,0,0,0,0,0,9,6,-1,-1,-1
LL.CTCCTAGCAGCATGAG-1,8,0,0,0,0,0,0,0,4,4,3,0,3,0,0,0,0,0,0,9,6,-1,-1,-1
LL.AGAGCGAGTAAAGTCA-1,8,0,0,0,0,0,0,0,4,4,3,0,3,0,0,0,0,0,0,9,6,-1,-1,-1
I9,0,0,0,0,0,0,0,0,0,0,0,0,0,0,0,0,0,0,0,0,0,0,0,0
I10,0,0,0,0,0,0,0,0,0,0,0,0,0,0,0,0,0,0,0,0,0,0,0,0
clade_139,-1,-1,-1,0,0,0,5,5,6,0,0,0,0,0,0,0,5,0,-1,-1,-1,0,0,0
LL.GCGAGAACATCGGGTC-1,-1,-1,-1,0,0,0,5,5,6,0,0,0,0,0,0,0,5,0,-1,-1,-1,0,0,0
LL.ATTGGTGGTAGCCTAT-1,-1,-1,-1,0,0,0,5,5,6,0,0,0,0,0,0,0,5,0,-1,-1,-1,0,0,0
I11,0,0,0,0,0,0,0,0,0,0,0,0,0,0,0,0,0,0,0,0,0,0,0,0
I12,0,0,0,0,0,0,0,0,0,0,0,0,0,0,0,0,0,0,0,0,0,0,0,0
I13,0,0:0.97/6:0.03,0,0,0,0,0,0,0,0,0,0,0,0,0,0,0,0,0,0,0,0,0,0
LL.GAGCAGACAGTCTTCC-1,-1,-1,-1,0,0,0,0,6,0,0,0,0,0,0,0,0,0,0,0,0,0,3,3,0
LL.GAACCTAGTAGTACCT-1,0,6,0,0,0,0,0,0,0,0,0,0,0,0,0,0,0,0,-1,-1,-1,0,0,5
clade_163,0,0:0.01/2:0.99,0,0,0:0.01/2:0.99,0:0.01/2:0.99,0,0,0,0:0.44/5:0.56,0,0,0,0,0,0,0:0.01/3:0.99,0,0,0,0,0,0,0
LL.TGATTTCGTGTGCCTG-1,0,2,0,0,2,2,0,0,0,5,0,0,0,0,0,0,3,0,0,0,0,0,0,0
LL.TTCGAAGAGCACGCCT-1,0,2,0,0,2,2,0,0,0,-1,-1,-1,0,0,0,0,3,0,-1,-1,-1,0,0,0
I14,0:0.88/7:0.12,0:0.88/7:0.12,0:0.88/6:0.12,0,0,0,0,0,0,0,0,0,0,0,0,0,0,0,0,0,0,0,0,0
I15,0:0.05/-1:0.94/7:0.01,0:0.05/-1:0.94/7:0.01,0:0.05/-1:0.94/6:0.01,0,0,0,0,0,0,0,0,0,0,0,0,0,0,0,0,0,0,0,0,0
LL.CACACAATCTGCAAGT-1,-1,-1,-1,0,0,0,0,0,0,0,0,0,0,0,0,0,0,0,0,0,0,0,0,0
clade_135,-1,-1,-1,0,0,0,0,0,0,0,0,0,0,0,0,0,2,2,0,0,0,-1,-1,-1
LL.CCCAGTTAGGTGTGGT-1,-1,-1,-1,0,0,0,0,0,0,0,0,0,0,0,2,0,2,2,0,0,0,-1,-1,-1
LL.TTAGGACTCCAACCAA-1,-1,-1,-1,0,0,0,0,0,0,0,0,0,0,0,0,0,2,2,0,0,0,-1,-1,-1
LL.GAAATGACAAGCCCAC-1,7,7,6,0,0,0,0,0,0,0,0,0,0,0,0,0,0,0,0,0,0,4,0,0
LL.GTCGTAAGTACCGTAT-1,0,0,0,0,0,0,-1,-1,-1,0,0,0,0,0,0,4,0,0,0,0,0,-1,-1,-1
I16,0,0,0,0,0,0,0,0,0,0,0,0,0,0,0,0,0,0,0,0,0,0,0,0
I17,0,0,0,0,0,0,0,0,0,0,0,0,0,0,0,0,0,0,0,0,0,0,0,0
I18,0,0:0.73/5:0.27,0,0,0,0,0,0,0,0,0,0,0,0,0,0,0,0,0,0,0,0,0,0
clade_128,0:0.11/-1:0.87/2:0.002/0:0.002/3:0.002/4:0.002/5:0.002/6:0.002/7:0.002/8:0.002/9:0.002/10:0.002/11:0.002/12:0.002/13:0.002,0:0.08/-1:0.87/5:0.05,0:0.11/-1:0.87/0:0.003/2:0.003/3:0.003/4:0.003/5:0.003/6:0.003/7:0.003,0,0,0,0,0,0,0,0,0,0,0,0,0,0,0,0,0,0:0.57/5:0.43,0,0,0
LL.ACATCAGCAGCCACCA-1,-1,-1,-1,0,0,0,0,0,0,0,0,0,0,0,0,0,0,0,-1,-1,-1,0,0,0
LL.CTGAAGTGTAGGCATG-1,-1,-1,-1,0,0,0,0,0,0,0,0,0,0,0,0,6,0,0,0,0,5,-1,-1,-1
clade_100,0,0:0.05/5:0.95,0,0,0,0,0,0,0,0,0,0,0,0,0,0,0,0,0,0,0,0,0,0:0.81/4:0.19
LL.AACCATGAGACTAAGT-1,0,5,0,0,0,0,3,0,0,0,0,0,0,0,0,0,0,0,8,0,0,-1,-1,-1
LL.GATCGTACATTGGCGC-1,0,5,0,0,0,0,4,0,0,0,0,0,0,0,0,-1,-1,-1,0,0,0,0,0,4
I19,0,0,0,0,0,0,0,0,0,0,0,0,0,0,0,0,0,0,0,0,0,0,0,0
I20,0,0,0,0,0,0,0,0,0,0,0,0,0,0,0,0,0,0,0,0,0,0,0,0
clade_108,0:0.28/4:0.72,0:0.28/4:0.72,0,0,0,0,0,0,0,0,0,0,0,0,0,0,0,0,0,0,0,0:0.02/-1:0.97/0:0.001/2:0.001/3:0.001/4:0.001/5:0.001/6:0.001/7:0.001,0:0.02/-1:0.97/0:0.002/2:0.002/3:0.002/4:0.002/5:0.002/6:0.002,0:0.02/-1:0.97/0:0.002/2:0.002/3:0.002/4:0.002/5:0.002/6:0.002
I21,4,4,0,0,0,0,0,0,0,0,0,0,0,0:0.11/7:0.89,0,0,0,0,0,0,0,-1,-1,-1
LL.GCTTGAAAGACCCACC-1,4,4,0,0,0,0,0,0,0,0,0,0,-1,-1,-1,0,0,0,0,0,0,-1,-1,-1
clade_110,4,4,0,0,0,0,0,0,0,0,0,0,0,7,0,0,0,0,0,0,0,-1,-1,-1
LL.ATTACTCGTACCGTAT-1,4,4,0,0,0,0,0,0,0,0,0,0,0,7,0,0,0,0,0,0,0,-1,-1,-1
I22,4,4,0,0,0,0,0,0,0,0,0,0,0,7,0,0,0,0,0,0,0,-1,-1,-1
LL.CTCGAGGGTTCAACCA-1,4,4,0,0,0,0,0,0,0,0,0,0,0,7,0,-1,-1,-1,0,0,0,-1,-1,-1
LL.CGCGGTACAGTGAGTG-1,-1,-1,-1,0,0,0,0,0,0,0,0,6,0,7,0,0,0,0,0,0,0,-1,-1,-1
I23,-1:0.99/4:0.01,-1:0.99/4:0.01,0:0.01/-1:0.99,0,0,0,0,0,0,0,0,0,0,0,0,0,0,0,0,0,0,-1,-1,-1
LL.CCGTGGATCGGATGTT-1,-1,-1,-1,8,0,0,0,0,0,0,0,0,5,8,0,0,0,0,0,0,0,-1,-1,-1
clade_117,-1,-1,-1,0,0,0,0,0,0,0,0,0,0,0,0,0,0,0,0,0,0,-1,-1,-1
I24,-1,-1,-1,0,0,0,0,0,0,0,0,0,0,0,0,0,0,0,0,0,0,-1,-1,-1
LL.CCGTACTAGTCGTACT-1,-1,-1,-1,0,0,0,0,0,0,0,0,0,0,0,0,0,0,0,0,0,0,-1,-1,-1
I25,-1,-1,-1,0,0,0,0,0,0,0,0,0,0,0,0,0,0,0,0,0,0,-1,-1,-1
LL.AAGGAGCTCTGCCCTA-1,-1,-1,-1,0,0,0,0,0,0,0,0,0,0,0,0,0,0,0,0,0,0,-1,-1,-1
LL.CAAGGCCAGGTAGCCA-1,-1,-1,-1,0,0,0,0,0,0,0,0,0,0,0,0,0,0,0,0,0,0,-1,-1,-1
I26,-1,-1,-1,0,0,0,0,0,0,0,0,0,0,0,0,0,0,0,0,0,0,-1,-1,-1
LL.CGTGAGCGTACAGCAG-1,-1,-1,-1,0,0,0,0,0,0,0,0,0,0,0,0,0,0,0,0,0,0,-1,-1,-1
LL.CGGCTAGAGTACCGGA-1,-1,-1,-1,0,0,0,0,0,0,0,0,0,0,0,0,0,0,0,0,0,0,-1,-1,-1
clade_87,0,0,0,0:0.05/5:0.95,0:0.06/6:0.94,0:0.04/6:0.96,0,0,0,0,0,0,0,0,0,0,0,0,0,0,0,0,0,0
LL.GACTAACGTCGAGATG-1,5,0,5,5,6,6,0,0,0,0,0,0,0,6,0,0,0,0,6,8,4,-1,-1,-1
LL.ATCATCTGTTCATGGT-1,0,0,4,5,6,6,0,0,0,7,0,0,3,0,6,0,0,0,0,0,8,0,0,0
clade_21,0:0.65/2:0.35,0,0,0,0,0,0,0,0,0,0,0,0:0.02/2:0.98,0,0,0,0,0,0,0,0,0,0,0
LL.ATTCTACTCCGCAGTG-1,2,0,0,0,0,0,0,0,0,0,0,0,2,0,0,0,0,0,0,0,0,7,0,0
I27,0:0.02/-1:0.97/2:0.01,0:0.03/-1:0.97,0:0.03/-1:0.97,0,0,0,0,0,0,0,0,0,2,0,0,0,0,0,0,0,0,0,0,0
I28,-1,-1,-1,0,0,0,0,0,0,0,0,0,2,0,0,0,0,0,0,0,0,0,0,0
clade_22,-1,-1,-1,0,0,0,0,0,0,0,0,0,2,0,0,0,0,0,0,0,0,0,0,0
LL.ATGCGATCAGACGCTC-1,-1,-1,-1,0,0,0,0,0,0,0,0,0,2,0,0,0,0,0,0,4,0,0,0,0
LL.CTCATTAGTCGCATAT-1,-1,-1,-1,0,0,7,0,0,0,0,0,0,2,0,0,0,0,0,0,0,0,0,4,0
LL.TCTCATATCCAAACTG-1,-1,-1,-1,0,0,0,0,0,0,0,0,0,2,0,0,0,4,0,0,0,0,0,0,0
LL.GGTGTTATCCGTCAAA-1,-1,-1,-1,0,0,0,0,0,0,0,0,0,2,0,0,-1,-1,-1,0,0,0,-1,-1,-1
I29,0,0,0,0,0,0,0,0,0,0,0,0:0.03/5:0.97,0:0.14/-1:0.85/0:0.002/2:0.002/3:0.002/4:0.002/5:0.002/6:0.002,0:0.14/-1:0.85/0:0.001/2:0.001/3:0.001/4:0.001/5:0.001/6:0.001/7:0.001/8:0.001/9:0.001,0:0.14/-1:0.85/0:0.002/2:0.002/3:0.002/4:0.002/5:0.002/6:0.002,0,0,0,0,0,0,0,0,0
LL.CCGTTCACAGCCTATA-1,0,9,0,7,0,0,0,7,0,0,0,5,-1,-1,-1,0,0,0,0,0,0,5,5,0
clade_149,0:0.01/6:0.99,0,0,0,0,0,0,0,0,0,0,5,0:0.01/-1:0.99,0:0.01/-1:0.99,0:0.01/-1:0.99,0:0.07/-1:0.93,0:0.07/-1:0.93,0:0.07/-1:0.93,0,0,0,0,0,0
LL.GAATAAGCACACCGAC-1,6,0,0,-1,-1,-1,0,0,0,0,0,5,-1,-1,-1,-1,-1,-1,0,0,0,0,0,0
LL.CGCCAAGGTCTGCAAT-1,6,0,0,0,0,0,-1,-1,-1,0,0,5,-1,-1,-1,-1,-1,-1,0,0,0,0,0,0
I30,0,0,0,0,0,0,0,0,0,0,0,0,0,0,0,0,0,0,0,0,0,0,0,0
clade_42,0,0,0,0,3,0,0,0,0,0,0,0,0,0,0,0,0,0,0,0,0,0,0,0
I31,0,0,0,0,3,0,0,0,0,0,0,0,0,0,0,0,0,0,0,0,0,0,0,0
I32,0,0,0,0,3,0,0,0,0,0,0,0,0,0,0,0,0,0,0,0,0,-1,-1,-1
I33,0,0,0:0.97/2:0.03,0,3,0,0,0,0,0,0,0,0,0,0,0,0,0,0,0,0,-1,-1,-1
LL.TGCTACCAGCTGAAAT-1,0,0,2,0,3,0,0,0,0,0,0,0,0,0,0,0,0,0,0,0,0,-1,-1,-1
clade_55,0:0.2/-1:0.79/2:0.001/0:0.001/3:0.001/4:0.001/5:0.001/6:0.001/7:0.001/8:0.001/9:0.001/10:0.001/11:0.001/12:0.001/13:0.001,0:0.2/-1:0.79/0:0.001/2:0.001/3:0.001/4:0.001/5:0.001/6:0.001/7:0.001/8:0.001/9:0.001/10:0.001,0:0.2/-1:0.79/2:0.01,0,3,0,0,0,0,0,0,0,0,0,0,0,0,0,0,0,0,-1,-1,-1
LL.TAGTGGTCAAGTTGTC-1,-1,-1,-1,3,3,0,0,0,0,0,0,0,0,0,0,0,0,0,2,0,0,-1,-1,-1
LL.GATGCTATCGCCAAAT-1,-1,-1,-1,0,3,0,0,0,0,-1,-1,-1,-1,-1,-1,0,0,0,0,0,0,-1,-1,-1
I34,0,0,0,0,3,0,0,0,0,0,0,0,0,0,0,0,0,0,0,0,0,-1,-1,-1
LL.CCTACCATCCGGGTGT-1,10,0,0,0,3,8,3,0,0,0,0,0,0,5,4,8,0,0,4,3,0,-1,-1,-1
clade_58,0,0,0:0.01/4:0.99,0,3,0,0,0,0,0,0,0,0,0,0,0,0,0,0,0,0,-1,-1,-1
I35,0,0,4,0,3,0,0,0,0,0,0,0,0,0,0,0,0,0,0:0.96/4:0.04,0:0.96/3:0.04,0,-1,-1,-1
LL.CCTTACGAGCGGCTTC-1,0,0,4,0,3,0,0,0,0,0,0,0,0,0,0,0,8,0,-1,-1,-1,-1,-1,-1
LL.GTCCTCATCATTGCCC-1,0,0,4,4,3,0,0,0,0,0,0,0,2,0,2,2,0,0,4,3,0,-1,-1,-1
clade_60,0,0,0:0.01/4:0.99,0,3,0,0:0.11/3:0.89,0,0,0,0,0,0,0,0,0,0,0,0,0,0,-1,-1,-1
LL.TGTGGTATCCTAAGTG-1,-1,-1,-1,0,3,0,3,0,0,0,0,0,0,0,0,3,0,0,-1,-1,-1,-1,-1,-1
LL.GGTGTTAGTCATATCG-1,0,0,4,0,3,0,3,0,0,0,0,3,3,0,0,0,0,0,0,0,0,-1,-1,-1
LL.CAGATCAAGCTGAAAT-1,12,10,0,0,3,10,6,0,0,0,0,0,0,0,0,0,0,0,0,0,0,0,0,0
clade_57,0:0.01/-1:0.99,0:0.01/-1:0.99,0:0.01/-1:0.99,0,3,0,0,0,0,0,0,0,0,0,0,0,0,0,0,0,0,0,0,0
clade_66,-1,-1,-1,0,3,0,0:0.19/4:0.81,0,0,0,0,0,0,0,0,0,0,0,0,0:0.91/4:0.09,0,0,0,0
LL.GGCTCGATCAAGAAGT-1,-1,-1,-1,2,3,3,4,0,0,0,0,0,0,0,0,-1,-1,-1,0,4,0,-1,-1,-1
LL.AACTCCCAGCGTTCCG-1,-1,-1,-1,0,3,0,4,0,7,0,0,0,0,0,0,0,0,0,-1,-1,-1,0,0,0
clade_50,-1,-1,-1,0,3,0,0,0,0,0,0,0,0,0,0,0,0,0,0,0,0,0,0,0
LL.ATGCGATGTTAAAGAC-1,-1,-1,-1,0,3,0,0,0,0,0,0,0,0,0,0,0,0,0,0,0,0,0,0,0
I36,-1,-1,-1,0,3,0,0,0,0,0,0,0,0,0,0,0,0,0,0,0,0,0:0.02/-1:0.98,0:0.02/-1:0.98,0:0.02/-1:0.98
LL.CACATAGTCACCGTAA-1,-1,-1,-1,0,3,0,0,0,0,0,0,0,6,9,0,0,0,0,0,0,7,-1,-1,-1
LL.TACTTGTGTCCGTGAC-1,-1,-1,-1,0,3,0,0,0,0,0,0,0,0,0,0,0,0,0,0,0,0,-1,-1,-1
clade_72,0,0,0,0,0:0.09/4:0.91,0,0,0,0,0,0,0,0,0,0,0,0,0,0,0,0,0:0.89/2:0.11,0,0:0.89/3:0.11
LL.GATCGTATCCCTGACT-1,2,0,0,0,4,5,0,0,0,3,0,0,4,0,5,5,6,0,0,4,0,2,0,3
I37,0,0,0,0,4,0,0,0,0,0,0,0,0,0,0,0,0,0,0,0,0,0:0.03/-1:0.97,0:0.03/-1:0.97,0:0.03/-1:0.97
clade_80,0,0,0,0,4,0,0,0,0,0:0.03/3:0.97,0,0,0,0,0,0,0,0,0,0,0,-1:0.99/2:0.01,-1:0.99/0:0.002/2:0.002/3:0.002/4:0.002/5:0.002/6:0.002,-1:0.99/3:0.01
LL.CAGCAGCCACTGTGTA-1,11,0,0,0,4,0,0,0,0,3,0,0,0,0,0,0,10,0,0,0,0,-1,-1,-1
LL.ATGGGAGTCAATCTCT-1,2,0,0,0,4,0,3,8,0,3,0,0,0,0,0,0,0,0,7,0,0,-1,-1,-1
I38,0:0.06/-1:0.94,0:0.06/-1:0.94,0:0.06/-1:0.94,0,4,0,0,0,0,0,0,0,0,0,0,0,0,0,0,0,0,-1,-1,-1
LL.TGGCTGGCACTACAGT-1,-1,-1,-1,0,4,0,0,0,2,4,3,0,0,0,0,0,0,0,2,0,0,-1,-1,-1
LL.ACGATGTGTGTGGCTC-1,-1,-1,-1,0,4,0,0,9,0,0,0,0,0,0,0,0,0,0,0,0,0,-1,-1,-1
clade_141,0,0,0,0,0,0,0,0,0,0,0,0,0,0,0,0,0,0,0,0,0,0:0.33/-1:0.66/0:0.001/2:0.001/3:0.001/4:0.001/5:0.001/6:0.001/7:0.001,0:0.33/-1:0.66/0:0.002/2:0.002/3:0.002/4:0.002/5:0.002/6:0.002,0:0.33/-1:0.66/0:0.002/2:0.002/3:0.002/4:0.002/5:0.002/6:0.002
LL.GCATGCGGTCTAAACC-1,0,0,4,0,0,4,0,0,0,-1,-1,-1,0,4,3,-1,-1,-1,2,6,0,-1,-1,-1
clade_124,0:0.68/9:0.32,0,0,0:0.68/6:0.32,0,0,0,0,0:0.04/5:0.96,0,0,0,0,0,0,0,0,0,0,0,0,0:0.06/-1:0.93/0:0.001/2:0.001/3:0.001/4:0.001/5:0.001/6:0.001/7:0.001,0:0.06/-1:0.93/0:0.002/2:0.002/3:0.002/4:0.002/5:0.002/6:0.002,0:0.06/-1:0.93/0:0.002/2:0.002/3:0.002/4:0.002/5:0.002/6:0.002
LL.GTTCTCGAGTACGCCC-1,-1,-1,-1,-1,-1,-1,0,4,5,0,0,0,3,0,0,0,0,0,0,0,0,-1,-1,-1
LL.CGTGTAACACCAGGTC-1,9,0,0,6,0,0,0,0,5,0,0,0,0,0,0,0,0,0,0,0,0,-1,-1,-1
clade_91,0,0:0.02/3:0.98,0:0.03/3:0.97,0,0,0,0,0,0,0,0,0,0,0,0,0,0,0,0,0,0,0:0.86/6:0.14,0:0.86/6:0.14,0:0.86/6:0.14
LL.CATCGGGGTAAATACG-1,0,3,3,0,7,9,0,0,0,6,5,0,0,0,0,0,9,0,0,0,0,6,6,6
I39,0,3,3,0,0,0,0,0,0,0,0,0,0,0,0,0,0,0,0,0,0,0:0.11/-1:0.86/6:0.03,0:0.11/-1:0.86/6:0.03,0:0.11/-1:0.86/6:0.03
LL.GATTCAGCAGACTCGC-1,0,3,3,0,5,0,0,0,0,0,0,0,3,0,0,0,0,0,0,0,0,-1,-1,-1
clade_96,0,3,3,0,0,0:0.86/5:0.14,0:0.1/2:0.9,0:0.07/2:0.93,0,0,0,0,0,0,0,0,0,0,0,0,0,0:0.04/-1:0.95/6:0.01,0:0.04/-1:0.95/6:0.01,0:0.04/-1:0.95/6:0.01
LL.GCACATATCTGAGGGA-1,0,3,3,0,0,5,2,2,0,0,0,0,0,5,4,-1,-1,-1,5,7,3,-1,-1,-1
clade_98,0:0.01/-1:0.99,-1:0.99/3:0.01,-1:0.99/3:0.01,0:0.01/-1:0.99,0:0.01/-1:0.99,0:0.01/-1:0.99,2,2,0,0,0,0,0,0,0,0,0,0,0,0,0,-1,-1,-1
LL.GTAGGCCGTTAAGTAG-1,-1,-1,-1,-1,-1,-1,2,2,0,0,0,0,0,0,0,0,0,0,0,0,0,-1,-1,-1
LL.TGTGTTTAGATCCGAG-1,-1,-1,-1,-1,-1,-1,2,2,2,3,0,0,0,2,0,0,0,0,0,0,0,-1,-1,-1
I40,0,0,0,0,0,0,0,0,0,0,0,0,0,0,0,0,0,0,0,0,0,0,0,0
clade_1,0,0,0,0,0,0,0,0,0,0,0,0,0,0,0,0,0,0,0,0,0,0:0.14/-1:0.84/0:0.003/2:0.003/3:0.003/4:0.003/5:0.003/6:0.003/7:0.003,0:0.14/-1:0.84/0:0.003/2:0.003/3:0.003/4:0.003/5:0.003/6:0.003,0:0.14/-1:0.84/0:0.003/2:0.003/3:0.003/4:0.003/5:0.003/6:0.003
LL.CGTGAGCTCTTTACAC-1,-1,-1,-1,0,0,0,-1,-1,-1,0,0,0,0,0,0,7,7,4,0,0,0,-1,-1,-1
I41,0,0,0,0,0,0,0,0,0,0,0,0,0,0,0,0,0,0,0,0,0,-1,-1,-1
LL.GGCAATTAGCACCGTC-1,0,0,0,0,0,0,0,0,0,0,0,0,0,0,0,0,0,0,0,0,0,-1,-1,-1
LL.CTTCTCTGTTCCACAA-1,0,8,7,0,0,0,0,0,0,0,0,0,0,0,0,0,0,0,0,0,0,-1,-1,-1
clade_7,0,0,0,0:0.62/2:0.38,0,0,0,0,0,0,0,0,0,0,0,0,0,0,0:0.01/3:0.99,0:0.01/2:0.99,0:0.01/2:0.99,0,0,0
LL.TCGGTAACAAAGAATC-1,0,3,3,2,0,0,0,0,0,0,0,0,0,0,0,0,0,0,3,2,2,0,0,0
clade_10,0:0.68/3:0.32,0,0,0:0.1/-1:0.82/2:0.08,0:0.17/-1:0.82/0:0.001/2:0.001/3:0.001/4:0.001/5:0.001/6:0.001/7:0.001,0:0.17/-1:0.82/0:0.001/2:0.001/3:0.001/4:0.001/5:0.001/6:0.001/7:0.001/8:0.001/9:0.001/10:0.001,0,0,0,0,0,0,0,0,0,0,0,0,3,2,2,0,0,0
LL.GGCGTGTGTAGCTCCG-1,3,0,0,-1,-1,-1,0,0,0,0,4,4,0,0,0,0,0,0,3,2,2,0,0,0
LL.TGCCAAAAGGGCTTCC-1,-1,-1,-1,-1,-1,-1,0,3,3,0,0,0,0,0,0,0,0,0,3,2,2,0,2,0
