(((((((M1.TTCTCCTCAGTAACGG-1:7.218,RE.CTAGTGAAGATGTGGC-1:5.113)I15:4.022,(((((RW.GGACAGAGTTCAACCA-1:1.001,RW.GATCTAGTCCTGCTTG-1:0.001)clade_56:0.005,RW.GACTACAGTGCAACGA-1:2.005)I14:2.017,RW.GAACATCCATCGTCGG-1:3.974)I13:0.054,(RW.GCTTCCAGTGTAAGTA-1:2.301,RW.CCGTACTTCCGAAGAG-1:3.301)I12:2.753)clade_55:8.089,M2.CGATGTAGTTAAGTAG-1:9.046)clade_52:0.089)clade_49:0.865,RW.TTTGTCAGTACCGTTA-1:9)I11:0,M1.TGCGGGTGTGACAAAT-1:8)I10:0,RW.CTACGTCCACAGGCCT-1:10)clade_41:0,(((((M1.TACTCATGTTAAGGGC-1:3.005,(M1.CTAGAGTCAAGGTGTG-1:4.002,(((M1.TACGGATTCTTGTATC-1:1,((M1.ATGTGTGAGATAGGAG-1:0,M1.TCATTTGTCATCTGTT-1:0)I9:0,M1.GAATAAGGTTTGACAC-1:3)I8:0)I7:0,M1.ACGATGTCAGGCTGAA-1:3)I6:0,M1.TAAGTGCAGCTACCGC-1:1)I5:0.002)I4:0.004)clade_3:1.996,(M1.CCTACCATCGGTGTCG-1:0.306,M1.AACCGCGGTGCAGACA-1:6.306)clade_12:2.734)I3:0,M1.GAGGTGAAGTCACGCC-1:7)I2:0,(M1.GATGCTACAATCTGCA-1:7,(((((M1.GATGAGGAGAGCTTCT-1:1.076,M1.AACCATGGTTAGGGTG-1:2.076)clade_33:2.977,M1.AGGCCGTTCCTACAGA-1:1.754)clade_31:1.253,M1.CTAAGACAGTGAACGC-1:7.007)I1:0.004,M1.CTGTGCTAGTGCCAGA-1:4.011)clade_16:0.027,M1.TGACGGCCAAATTGCC-1:9.038)clade_19:1.964)clade_25:0)clade_2:4.607,M1.CCAATCCCAGGTTTCA-1:11.607)clade_1:1.393)root:0)I0;
I0,0,0,0,0,0,0,0,0,0,0,0,0,0,0,0,0,0,0,0,0,0
root,0,0,0,0,0,0,0,0,0,0,0,0,0,0,0,0,0,0,0,0,0
clade_1,0,0,0,0,0,0,0,0,0,0:0.33/2:0.67,0:0.27/3:0.73,0,0,0,0,0,0,0,0,0,0
M1.CCAATCCCAGGTTTCA-1,0,3,0,0,0,-1,-1,-1,0,2,3,0,-1,7,0,0,-1,-1,-1,-1,-1
clade_2,0,0,0,0,0,0,0,0,0,2,3,2,0,6,6,4,0,0,0,0,0
clade_25,0,0,0,0,0,0,0,0,0,2,3,2,0,6,6,4,0,0,0,0,0
clade_19,0,0,0,0,0,0,0,0,0,2,3,2,0,6,6,4,0,0,0,0:0.02/-1:0.98,0:0.02/-1:0.98
M1.TGACGGCCAAATTGCC-1,-1,-1,-1,0,0,0,0,0,-1,-1,-1,2,0,6,6,4,-1,-1,-1,-1,-1
clade_16,0,0,0,0,0,0,0,0,0,2,3,2,0,6,6,4,0,0,0,0:0.01/-1:0.99,0:0.01/-1:0.99
M1.CTGTGCTAGTGCCAGA-1,0,0,4,0,0,0,4,5,0,2,3,2,4,6,6,4,0,0,0,-1,-1
I1,0,0,0,0,0,0,0,0,0,2,3,2,0,6,6,4,0,0,0,-1,-1
M1.CTAAGACAGTGAACGC-1,0,0,0,-1,0,-1,-1,-1,6,2,3,2,0,6,6,4,4,0,6,-1,-1
clade_31,0,0,0,0,0:0.04/4:0.96,0,0,0,0,2,3,2,0,6,6,4,0:0.71/2:0.29,0,0,-1,-1
M1.AGGCCGTTCCTACAGA-1,0,0,0,2,4,0,0,0,0,2,3,2,0,6,6,4,2,0,0,-1,-1
clade_33,0,0,0,0,4,0,0,0,0,2,3,2,0,6,6,4,0:0.02/-1:0.97/2:0.01,0:0.02/-1:0.97/2:0.003/0:0.003/3:0.003/4:0.003,0:0.02/-1:0.97/0:0.002/2:0.002/3:0.002/4:0.002/5:0.002/6:0.002,-1,-1
M1.AACCATGGTTAGGGTG-1,0,0,0,0,4,0,0,8,0,2,3,2,5,6,6,4,-1,-1,-1,-1,-1
M1.GATGAGGAGAGCTTCT-1,0,0,0,0,4,0,0,6,0,2,3,2,0,6,6,4,-1,-1,-1,-1,-1
M1.GATGCTACAATCTGCA-1,5,2,3,0,4,0,0,5,6,2,3,2,0,6,6,4,0,0,5,0,0
I2,0,0,0,0,0,0,0,0,0,2,3,2,0,6,6,4,0,0,0,0,0
M1.GAGGTGAAGTCACGCC-1,-1,-1,-1,3,5,0,0,7,0,2,3,2,0,6,6,4,2,0,0,0,0
I3,0,0,0,0,0,0,0,0,0,2,3,2,0,6,6,4,0,0,0,0,0
clade_12,0,0,0,0,0,0,0,0,0,2,3,2,0,6,6,4,0:0.09/-1:0.9/2:0.003/3:0.003/0:0.003/4:0.003,0:0.09/-1:0.9/2:0.003/0:0.003/3:0.003/4:0.003,0:0.09/-1:0.9/0:0.002/2:0.002/3:0.002/4:0.002/5:0.002/6:0.002,0,0
M1.AACCGCGGTGCAGACA-1,0,3,0,0,0,0,7,0,8,2,3,2,-1,6,6,4,-1,-1,-1,-1,-1
M1.CCTACCATCGGTGTCG-1,0,0,0,0,0,0,0,0,0,2,3,2,0,6,6,4,-1,-1,-1,0,0
clade_3,0,0,0,0,0,0,0,0,0,2,3,2,0,6,6,4,0,0,0,-1,-1
I4,0,0,0,0,0,0,0,0,0,2,3,2,0,6,6,4,0,0,0,-1,-1
I5,0,0,0,0,0,0,0,0,0,2,3,2,0,6,6,4,0,0,0,-1,-1
M1.TAAGTGCAGCTACCGC-1,0,0,0,0,0,0,0,0,0,2,3,2,3,6,6,4,0,0,0,-1,-1
I6,0,0,0,0,0,0,0,0,0,2,3,2,0,6,6,4,0,0,0,-1,-1
M1.ACGATGTCAGGCTGAA-1,0,0,0,0,0,5,6,0,7,2,3,2,0,6,6,4,0,0,0,-1,-1
I7,0,0,0,0,0,0,0,0,0,2,3,2,0,6,6,4,0,0,0,-1,-1
I8,0,0,0,0,0,0,0,0,0,2,3,2,0,6,6,4,0,0,0,-1,-1
M1.GAATAAGGTTTGACAC-1,0,0,2,0,6,4,0,0,0,2,3,2,0,6,6,4,0,0,0,-1,-1
I9,0,0,0,0,0,0,0,0,0,2,3,2,0,6,6,4,0,0,0,-1,-1
M1.TCATTTGTCATCTGTT-1,0,0,0,0,0,0,0,0,0,2,3,2,0,6,6,4,0,0,0,-1,-1
M1.ATGTGTGAGATAGGAG-1,0,0,0,0,0,0,0,0,0,2,3,2,0,6,6,4,0,0,0,-1,-1
M1.TACGGATTCTTGTATC-1,0,0,0,0,0,0,0,0,0,2,3,2,0,6,6,4,0,0,4,-1,-1
M1.CTAGAGTCAAGGTGTG-1,0,0,0,-1,0,3,5,0,0,2,3,2,0,6,6,4,0,4,0,-1,-1
M1.TACTCATGTTAAGGGC-1,-1,-1,-1,0,0,0,0,0,0,2,3,2,0,6,6,4,0,0,0,-1,-1
clade_41,0,0,0,0,0,0,0,0,0,0,0,0,0,0,0,0,0,0,0,0,0
RW.CTACGTCCACAGGCCT-1,2,0,2,2,0,3,0,3,3,0,0,3,0,3,3,0,3,0,0,0,0
I10,0,0,0,0,0,0,0,0,0,0,0,0,0,0,0,0,0,0,0,0,0
M1.TGCGGGTGTGACAAAT-1,4,0,0,2,-1,0,0,0,0,0,2,0,2,-1,-1,-1,0,0,0,0,0
I11,0,0,0,0,0,0,0,0,0,0,0,0,0,0,0,0,0,0,0,0,0
RW.TTTGTCAGTACCGTTA-1,0,0,0,0,2,2,0,2,0,0,0,0,0,2,2,0,2,2,0,-1,-1
clade_49,0,0,0,0,0,0,0,0,0,0,0,0:0.14/2:0.86,0,0,0,0,0,0,0,0,0
clade_52,0,0,0,0,0,0,0:0.99/2:0.01,0:0.99/4:0.01,0,0,0,0:0.11/2:0.89,0,0:0.99/5:0.01,0:0.99/5:0.01,0:0.99/3:0.01,0,0,0,0,0
M2.CGATGTAGTTAAGTAG-1,0,0,0,0,-1,0,2,4,5,0,0,2,0,5,5,3,0,2,3,0,0
clade_55,0,0,0,0,0,-1,-1,-1,2,0,0,2,0,-1,-1,-1,2,0,0,0,0
I12,0:0.09/-1:0.9/0:0.002/2:0.002/3:0.002/4:0.002/5:0.002,0:0.09/-1:0.9/0:0.003/2:0.003/3:0.003,0:0.09/-1:0.9/0:0.003/2:0.003/3:0.003/4:0.003,0,0,-1,-1,-1,2,0,0,2,0,-1,-1,-1,2,0,0,0,0
RW.CCGTACTTCCGAAGAG-1,-1,-1,-1,0,0,-1,-1,-1,-1,-1,-1,2,0,-1,-1,-1,2,0,0,0,0
RW.GCTTCCAGTGTAAGTA-1,-1,-1,-1,-1,3,-1,-1,-1,2,0,0,2,0,-1,-1,-1,2,0,0,0,0
I13,0,0,0,0,0,-1,-1,-1,2,0,0,2,0,-1,-1,-1,2,0,0,0:0.98/2:0.02,0:0.98/2:0.02
RW.GAACATCCATCGTCGG-1,0,0,0,0,0,-1,-1,-1,2,0,0,2,0,-1,-1,-1,2,3,2,2,2
I14,0,0,0,0,0,-1,-1,-1,2,0,0,2,0,-1,-1,-1,2,0,0,-1,-1
RW.GACTACAGTGCAACGA-1,0,0,0,0,0,-1,-1,-1,2,2,3,2,0,-1,-1,-1,2,0,0,-1,-1
clade_56,0,0,0,0,0,-1,-1,-1,2,0,0,2,0,-1,-1,-1,2,0,0,-1,-1
RW.GATCTAGTCCTGCTTG-1,0,0,0,0,0,-1,-1,-1,2,0,0,2,0,-1,-1,-1,2,0,0,-1,-1
RW.GGACAGAGTTCAACCA-1,0,0,0,0,0,-1,-1,-1,2,0,2,2,0,-1,-1,-1,2,0,0,-1,-1
I15,0,0,0,0,0,0,0,0,0:0.6/4:0.4,0:0.6/3:0.4,0:0.6/4:0.4,0:0.08/2:0.92,0,0:0.06/4:0.94,0:0.06/4:0.94,0:0.09/2:0.91,0,0,0,0,0
RE.CTAGTGAAGATGTGGC-1,0,0,2,0,0,0,0,0,4,3,4,2,0,4,4,2,0,0,0,-1,-1
M1.TTCTCCTCAGTAACGG-1,3,0,0,-1,0,0,3,0,-1,-1,-1,-1,0,4,4,2,0,0,0,0,0
