(((((M1.GACGCGTCACAAGACG-1:3.249,(M1.CTCAGAAAGTGTGGCA-1:0.009,M1.GAGTCCGCAAACGTGG-1:2.009)clade_89:4.24)clade_84:2.791,(((M1.TGGCCAGTCTTGTCAT-1:5.03,(M1.TTTATGCAGGCTAGGT-1:0.004,M1.TCAGGATTCCAGGGCT-1:2.004)I18:0.026)clade_92:3.001,(M1.CCGGGATAGGCGACAT-1:1.759,(M1.TCATTTGGTGCAGTAG-1:1.022,M1.CGTTCTGTCTATGTGG-1:1.022)I17:3.035)clade_96:1.278)clade_91:0.985,(M1.ACATGGTGTAGGCATG-1:2.021,M1.AAAGCAAGTTCCTCCA-1:1.021)clade_102:2.002)clade_88:2.942)I16:0.038,((RE.AGCTCCTCAGCGATCC-1:5.304,((RE.GATCAGTAGATTACCC-1:0,RE.CTACGTCCAGCCTTTC-1:0)I15:0.054,RE.CTAGAGTTCAATAAGG-1:3.05)clade_82:5.08)clade_80:5.922,(((((M1.CAAGATCGTTTGGCGC-1:4,M1.CGGGTCAAGTGGTAGC-1:2)I14:0,((M1.AGCCTAAGTCGGATCC-1:4.031,M1.CTGTGCTTCAATACCG-1:0.031)clade_71:0.969,M1.GATCAGTAGCGCCTCA-1:1)I13:0)I12:0,(((M1.ACACCAATCGGGAGTA-1:0,M1.TCTCTAAGTACCCAAT-1:0)I11:0,M1.ATAAGAGAGAAACCGC-1:1)I10:0,M1.CTACATTGTCTCCCTA-1:1)clade_68:1)I9:0,M1.TCACAAGTCGAGCCCA-1:2)I8:0.002,M1.CCGGTAGGTAAATGAC-1:4.002)clade_67:4.249)clade_65:0.752)clade_62:8.997,((((M1.GACTGCGAGACGACGT-1:12.369,M1.TTTGTCACAAAGCAAT-1:4.264)clade_59:0.821,M1.CCATGTCGTAATAGCA-1:6.085)clade_54:4.944,(((Liv.GACTGCGCACTTACGA-1:7.092,Liv.CATCCACCATGCTAGT-1:4.119)clade_24:0.925,Liv.TCTCTAATCAATCTCT-1:5.044)clade_20:3.999,((((M1.TGGCTGGGTGCTAGCC-1:8.088,((M1.CCATTCGCAAAGCGGT-1:5.193,M1.GTTTCTACACTGTGTA-1:1.193)I7:2.837,M1.ACGATGTCAGTGGAGT-1:0.69)clade_48:1.398)clade_44:2.115,((M1.CTCGAGGCAATAGAGT-1:2.014,M1.CACCAGGAGCCCAGCT-1:0.014)clade_35:3.621,((M1.CGAGAAGGTACCGTAT-1:3.005,(M1.ACTTTCAGTTGGTAAA-1:4.064,M1.GTGCAGCTCGACCAGC-1:3.921)clade_39:0.931)clade_38:0.164,M1.CAGCCGACACGTCTCT-1:2.016)I6:3.055)clade_34:5.568)clade_31:3.427,M1.GTTCTCGAGTATGACA-1:12.503)clade_3:2.595,((((M2.ACCCACTGTACGCACC-1:6.063,(M2.GCCTCTAGTTACCGAT-1:0,M2.AACCGCGTCCACGTTC-1:1)I5:0.062)clade_8:0.938,M2.TAAACCGGTGCGGTAA-1:2)I4:0.001,M2.ATGGGAGAGAGGTAGA-1:4.002)clade_5:3.144,(M2.GAGCAGACACCAGATT-1:9.341,M2.CAGCCGATCACAAACC-1:5.341)clade_12:3.805)clade_4:3.921)clade_2:0.976)clade_1:0.985)I3:0.86,((((M1.ACATCAGGTTCTGAAC-1:2.045,M1.ATGAGGGGTGCACGAA-1:3.045)clade_110:0.978,M1.ACGGAGAGTGCACGAA-1:5.023)clade_113:0.013,M1.CTGATCCCAGGAATGC-1:9.036)clade_109:6.318,(((Liv.GTATTCTCAAAGGTGC-1:2.001,Liv.AAGTCTGTCCGGCACA-1:2.001)I2:0.001,Liv.CCACTACCACTTGGAT-1:3.002)clade_118:1.553,RE.ACACCAATCCTGTACC-1:9.28)clade_115:4.498)clade_106:5.024)I1:0.111)root:0)I0;
I0,0,0,0,0,0,0,0,0,0,0,0,0,0,0,0,0,0,0,0,0,0,0,0,0,0,0,0
root,0,0,0,0,0,0,0,0,0,0,0,0,0,0,0,0,0,0,0,0,0,0,0,0,0,0,0
I1,0,0,0,0,0,0,0,0,0,0,0,0,0,0,0,0,0,0,0,0,0:0.89/3:0.11,0,0,0,0,0,0
clade_106,0,0:0.05/2:0.95,0,0,0,0,0,0,0,0,0,0:0.04/3:0.96,0,0,0,0,0:0.66/8:0.34,0,0:0.08/-1:0.91/2:0.001/0:0.001/3:0.001/4:0.001/5:0.001/6:0.001/7:0.001,0:0.08/-1:0.91/0:0.003/2:0.003/3:0.003/4:0.003,0:0.07/-1:0.91/3:0.02,0,0,0,0,0,0
clade_115,0,2,0,0,0,0,0,0,0,0,0,3,0:0.06/-1:0.93/2:0.001/0:0.001/3:0.001/4:0.001/5:0.001/6:0.001/7:0.001,0:0.06/-1:0.93/2:0.001/3:0.001/4:0.001/0:0.001/5:0.001/6:0.001/7:0.001/8:0.001/9:0.001/10:0.001/11:0.001/12:0.001,0:0.06/-1:0.93/2:0.001/0:0.001/3:0.001/4:0.001/5:0.001/6:0.001/7:0.001/8:0.001,0,0:0.27/8:0.73,0,-1:0.99/2:0.001/0:0.001/3:0.001/4:0.001/5:0.001/6:0.001/7:0.001,-1:0.99/0:0.003/2:0.003/3:0.003/4:0.003,-1:0.99/3:0.01,0:0.05/2:0.95,0,0,0,0,0
RE.ACACCAATCCTGTACC-1,0,2,0,0,0,2,2,3,0,3,0,3,-1,-1,-1,-1,-1,-1,-1,-1,-1,2,0,0,2,2,0
clade_118,0,2,0,6,0,0,0,0,0,0,0,3,-1,-1,-1,0,8,0,-1,-1,-1,2,0,0,0,0,0
Liv.CCACTACCACTTGGAT-1,0,2,0,6,0,0,5,0,0,17,0,3,-1,-1,-1,0,8,0,-1,-1,-1,2,0,0,0,2,0
I2,0,2,0,6,0,0,0,0,0,0,0,3,-1,-1,-1,0,8,0,-1,-1,-1,2,0,0,0,0,0
Liv.AAGTCTGTCCGGCACA-1,0,2,0,6,0,0,0,0,0,0,0,3,-1,-1,-1,0,8,0,-1,-1,-1,2,4,0,6,0,0
Liv.GTATTCTCAAAGGTGC-1,0,2,0,6,0,0,0,0,0,0,16,3,-1,-1,-1,0,8,0,-1,-1,-1,2,6,0,0,0,0
clade_109,0,2,0,0,0,0,0,0,0,0,0,3,0,0,0,-1:0.99/2:0.001/3:0.001/0:0.001/4:0.001/5:0.001/6:0.001/7:0.001,-1:0.99/8:0.01,-1:0.99/2:0.003/0:0.003/3:0.003/4:0.003,-1,-1,-1,0,0,0,-1:0.99/2:0.002/3:0.002/4:0.002/0:0.002/5:0.002/6:0.002,-1:0.99/2:0.003/3:0.003/4:0.003/0:0.003,-1:0.99/0:0.002/2:0.002/3:0.002/4:0.002/5:0.002
M1.CTGATCCCAGGAATGC-1,0,2,0,-1,-1,-1,6,8,0,11,0,3,-1,-1,-1,-1,-1,-1,-1,-1,-1,0,0,0,-1,-1,-1
clade_113,0,2,0,0,0,0,0,0,0,0,0,3,0,0,0,-1,-1,-1,-1,-1,-1,0,0,0,-1,-1,-1
M1.ACGGAGAGTGCACGAA-1,0,2,0,5,0,0,0,11,0,0,0,3,0,10,7,-1,-1,-1,-1,-1,-1,0,5,0,-1,-1,-1
clade_110,0,2,0,0,0,0,0,0,0,0,0,3,0:0.04/6:0.96,0,0,-1,-1,-1,-1,-1,-1,0,0,0,-1,-1,-1
M1.ATGAGGGGTGCACGAA-1,0,2,0,0,0,0,-1,-1,-1,0,0,3,6,0,0,-1,-1,-1,-1,-1,-1,0,0,0,-1,-1,-1
M1.ACATCAGGTTCTGAAC-1,0,2,0,2,0,0,0,0,0,0,0,3,6,0,0,-1,-1,-1,-1,-1,-1,2,0,0,-1,-1,-1
I3,0,0,0,0,0,0,0,0,0,0,0,0,0,0,0,0,0,0,0,0,0:0.03/3:0.97,0,0,0,0,0,0
clade_1,0,0,0,0,0,0,0,0,0,0,0,0,0,0,0,0,0,0,0,0,3,0,0,0,0,0:0.04/3:0.96,0
clade_2,0,0,0,0,0,0,0,0,0,0,0,0,0,0,0,0,0,0,0,0,3,0,0,0,0:0.06/3:0.94,3,0
clade_4,0,0,0,0,0,0,0,0,0,0,0,0,0,0:0.01/3:0.99,0,0,0,0,0,0,3,0:0.03/3:0.97,0:0.02/2:0.98,0:0.08/2:0.92,3,3,0
clade_12,0,0,0,0,0,0,0:0.09/3:0.91,0:0.05/5:0.95,0:0.11/2:0.89,0,0,0,0,3,0,0,0:0.07/2:0.93,0,0,0,3,3,2,0:0.02/2:0.98,3,3,0
M2.CAGCCGATCACAAACC-1,0,0,0,2,0,0,3,5,2,5,3,0,0,3,0,0,2,0,2,0,3,3,2,2,3,3,3
M2.GAGCAGACACCAGATT-1,-1,-1,-1,4,0,0,3,5,2,4,0,0,3,3,3,0,2,3,3,0,3,3,2,2,3,3,0
clade_5,0,0,0,3,3,0,0,4,0,0,0,0,0,3,0,0,0,0,0,0,3,3,2,2,3,3,0
M2.ATGGGAGAGAGGTAGA-1,0,0,0,3,3,0,0,4,0,0,0,0,0,3,0,0,3,0,-1,-1,-1,3,2,2,3,3,0
I4,0,0,0,3,3,0,0,4,0,0,0,0,0,3,0,0,0,0,0,0,3,3,2,2,3,3,0
M2.TAAACCGGTGCGGTAA-1,0,0,0,3,3,0,0,4,0,0,0,0,0,3,0,3,0,0,2,0,3,3,2,2,3,3,0
clade_8,0,0,0,3,3,0,0,4,0,0,0,0,0,3,0,0,0,0,0,0,3,3,2,2,3,3,0:0.06/2:0.94
I5,0,0,0,3,3,0,0,4,0,0,0,0,0,3,0,0,0,0,0,0,3,3,2,2,3,3,2
M2.AACCGCGTCCACGTTC-1,0,0,0,3,3,0,0,4,0,0,0,0,0,3,0,0,0,0,2,0,3,3,2,2,3,3,2
M2.GCCTCTAGTTACCGAT-1,0,0,0,3,3,0,0,4,0,0,0,0,0,3,0,0,0,0,0,0,3,3,2,2,3,3,2
M2.ACCCACTGTACGCACC-1,0,0,0,3,3,0,0,4,0,-1,-1,-1,-1,-1,-1,0,0,0,0,0,3,3,2,2,3,3,2
clade_3,0,0,0,0,0,0,0,0,0,0,0,0,0,0,0,0:0.19/-1:0.8/2:0.001/3:0.001/0:0.001/4:0.001/5:0.001/6:0.001/7:0.001,0:0.19/-1:0.8/0:0.001/2:0.001/3:0.001/4:0.001/5:0.001/6:0.001/7:0.001/8:0.001,0:0.19/-1:0.8/2:0.003/0:0.003/3:0.003/4:0.003,0,0:0.88/3:0.12,3,0,0,0,0:0.01/3:0.99,3,0
M1.GTTCTCGAGTATGACA-1,0,0,0,0,2,0,6,8,0,9,9,5,0,5,4,-1,-1,-1,0,3,3,-1,-1,-1,3,3,0
clade_31,0,0,0,0,0,0,0,0,0,0,0,0,0,0,0,0:0.01/-1:0.99,0:0.01/-1:0.99,0:0.01/-1:0.99,0:0.05/-1:0.94/2:0.001/0:0.001/3:0.001/4:0.001/5:0.001/6:0.001/7:0.001,0:0.05/-1:0.94/3:0.01,-1:0.94/3:0.06,0,0,0,3,3,0
clade_34,0,0,0,0:0.02/2:0.98,0,0,0,0:0.01/9:0.99,0:0.02/4:0.98,0:0.01/10:0.99,0:0.01/10:0.99,0,0,0,0,-1,-1,-1,-1,-1,-1,0,0:0.57/3:0.43,0,3,3,0
I6,0,0,0,2,0,0,0,9,4,10,10,0,0,0,0,-1,-1,-1,-1,-1,-1,-1:0.99/2:0.003/3:0.003/0:0.003/4:0.003,-1:0.99/3:0.01,-1:0.99/0:0.005/2:0.005,3,3,0
M1.CAGCCGACACGTCTCT-1,5,0,0,2,0,2,0,9,4,10,10,0,0,0,0,-1,-1,-1,-1,-1,-1,-1,-1,-1,3,3,0
clade_38,0,0,0,2,0,0,0,9,4,10,10,0,0,0:0.85/6:0.15,0,-1,-1,-1,-1,-1,-1,-1,-1,-1,3,3,0
clade_39,0,0,0,2,0,0,0,9,4,10,10,0,0,0:0.06/6:0.94,0,-1,-1,-1,-1,-1,-1,-1,-1,-1,3,3,0:0.86/4:0.14
M1.GTGCAGCTCGACCAGC-1,0,0,0,-1,-1,-1,0,9,4,10,10,0,0,6,0,-1,-1,-1,-1,-1,-1,-1,-1,-1,3,3,4
M1.ACTTTCAGTTGGTAAA-1,2,0,0,2,0,0,0,9,4,10,10,0,0,6,0,-1,-1,-1,-1,-1,-1,-1,-1,-1,-1,-1,-1
M1.CGAGAAGGTACCGTAT-1,0,0,0,2,0,0,0,9,4,10,10,0,-1,-1,-1,-1,-1,-1,-1,-1,-1,-1,-1,-1,3,3,0
clade_35,4,4,0:0.01/2:0.99,2,0,0,0,9,4,10,10,0,0,0,0,-1,-1,-1,-1,-1,-1,0,3,0,3,3,0
M1.CACCAGGAGCCCAGCT-1,4,4,2,2,0,0,0,9,4,10,10,0,0,0,0,-1,-1,-1,-1,-1,-1,0,3,0,3,3,0
M1.CTCGAGGCAATAGAGT-1,4,4,2,2,0,0,0,9,4,10,10,0,0,8,5,-1,-1,-1,-1,-1,-1,0,3,0,3,3,0
clade_44,0,0,0,0,0,0,0:0.04/4:0.96,0:0.02/7:0.98,0,0,0,0,0,0,0,-1,-1,-1,-1:0.99/2:0.001/0:0.001/3:0.001/4:0.001/5:0.001/6:0.001/7:0.001,-1:0.99/3:0.01,-1:0.99/3:0.01,0,0,0,3,3,0
clade_48,0,0,0,0,0,0,4,7,0,0,0:0.01/8:0.99,0,0,0,0,-1,-1,-1,-1,-1,-1,0:0.68/4:0.32,0,0,3,3,0
M1.ACGATGTCAGTGGAGT-1,0,0,0,0,0,0,4,7,0,0,8,0,0,0,0,-1,-1,-1,-1,-1,-1,4,0,0,3,3,0
I7,0,0,0,0,0,0,4,7,0,0,8,0,0,0,0,-1,-1,-1,-1,-1,-1,0:0.04/-1:0.94/4:0.02,0:0.06/-1:0.94,0:0.06/-1:0.94,3,3,0
M1.GTTTCTACACTGTGTA-1,0,3,0,0,0,0,4,7,0,0,8,0,0,0,0,-1,-1,-1,-1,-1,-1,-1,-1,-1,3,3,0
M1.CCATTCGCAAAGCGGT-1,2,0,0,0,0,0,4,7,0,14,8,0,5,9,0,-1,-1,-1,-1,-1,-1,-1,-1,-1,3,3,5
M1.TGGCTGGGTGCTAGCC-1,-1,-1,-1,0,5,3,4,7,0,7,5,4,0,0,0,-1,-1,-1,-1,-1,-1,0,0,0,3,3,0
clade_20,0,0,0,0:0.03/2:0.97,0,0,0,0,0,5,0,0,0,0,8,0,7,0,0,0,3,0,0,0,0,3,0
Liv.TCTCTAATCAATCTCT-1,0,0,0,2,7,5,0,0,0,5,0,0,7,11,8,0,7,0,0,0,3,0,0,0,3,3,0
clade_24,0,0,0,0:0.03/2:0.97,0,0,0,0,0,5,0,0,0,0:0.09/12:0.91,8,0,7,0,0,0,3,0,0,0,0,3,0
Liv.CATCCACCATGCTAGT-1,0,0,3,2,0,0,0,0,0,5,0,0,0,12,8,7,7,0,7,0,3,0,0,0,5,3,0
Liv.GACTGCGCACTTACGA-1,0,0,0,-1,-1,-1,0,0,0,5,17,2,4,12,8,0,7,3,0,0,3,0,0,0,0,3,0
clade_54,0,0,0,0,0:0.01/4:0.99,0,0,0,0,6,4,0,0:0.01/4:0.99,0,0,0,0,0,0,0,3,0,0,0,0:0.07/4:0.93,0,0
M1.CCATGTCGTAATAGCA-1,0,5,0,0,4,0,0,0,5,6,4,0,4,0,6,2,6,0,0,0,3,0,4,0,4,0,0
clade_59,0,0,0,0:0.36/2:0.64,4,0,0,0,0,6,4,0,4,0,0,0,0,0:0.92/4:0.08,0,0,3,0,0,0,0:0.06/4:0.94,0:0.92/4:0.08,0
M1.TTTGTCACAAAGCAAT-1,2,0,0,2,4,0,0,0,0,6,4,0,4,4,0,0,0,4,0,0,3,0,0,0,4,4,0
M1.GACTGCGAGACGACGT-1,3,0,0,2,4,0,0,10,0,6,4,0,4,7,0,-1,-1,-1,0,0,3,-1,-1,-1,-1,-1,-1
clade_62,0,0,0,0,0,0,0,0,0,0,0,0,2,2,2,0,0,0,0,0,0,-1,-1,-1,-1,-1,-1
clade_65,0:0.25/2:0.75,0,0,0,0,0,0,0,0,0,0,0,2,2,2,0,0,0,0,0,0,-1,-1,-1,-1,-1,-1
clade_67,2,0,0,0,0,0,5,0,3,0,0,0,2,2,2,0,4,0,0,2,0,-1,-1,-1,-1,-1,-1
M1.CCGGTAGGTAAATGAC-1,2,0,0,3,3,0,5,0,3,0,0,0,2,2,2,0,4,0,5,2,5,-1,-1,-1,-1,-1,-1
I8,2,0,0,0,0,0,5,0,3,0,0,0,2,2,2,0,4,0,0,2,0,-1,-1,-1,-1,-1,-1
M1.TCACAAGTCGAGCCCA-1,2,0,0,0,5,3,5,0,3,0,0,0,2,2,2,0,4,0,0,2,0,-1,-1,-1,-1,-1,-1
I9,2,0,0,0,0,0,5,0,3,0,0,0,2,2,2,0,4,0,0,2,0,-1,-1,-1,-1,-1,-1
clade_68,2,0,0,0,0,0,5,0,3,0,0,0,2,2,2,0,4,0,4,2,0,-1,-1,-1,-1,-1,-1
M1.CTACATTGTCTCCCTA-1,2,0,0,0,0,0,5,0,3,0,0,0,2,2,2,2,4,0,4,2,0,-1,-1,-1,-1,-1,-1
I10,2,0,0,0,0,0,5,0,3,0,0,0,2,2,2,0,4,0,4,2,0,-1,-1,-1,-1,-1,-1
M1.ATAAGAGAGAAACCGC-1,2,0,0,0,2,0,5,0,3,0,0,0,2,2,2,0,4,0,4,2,0,-1,-1,-1,-1,-1,-1
I11,2,0,0,0,0,0,5,0,3,0,0,0,2,2,2,0,4,0,4,2,0,-1,-1,-1,-1,-1,-1
M1.TCTCTAAGTACCCAAT-1,2,0,0,0,0,0,5,0,3,0,0,0,2,2,2,0,4,0,4,2,0,-1,-1,-1,-1,-1,-1
M1.ACACCAATCGGGAGTA-1,2,0,0,0,0,0,5,0,3,0,0,0,2,2,2,0,4,0,4,2,0,-1,-1,-1,-1,-1,-1
I12,2,0,0,0,0,0,5,0,3,0,0,0,2,2,2,0,4,0,0,2,0,-1,-1,-1,-1,-1,-1
I13,2,0,0,0,0,0,5,0,3,0,0,0,2,2,2,0,4,0,0,2,0,-1,-1,-1,-1,-1,-1
M1.GATCAGTAGCGCCTCA-1,2,0,0,0,0,0,5,0,3,0,0,0,2,2,2,4,4,0,0,2,0,-1,-1,-1,-1,-1,-1
clade_71,2,0,0,0,0,0,5,0,3,0,0,0,2,2,2,0,4,0,0:0.03/2:0.97,2,0,-1,-1,-1,-1,-1,-1
M1.CTGTGCTTCAATACCG-1,2,0,0,0,0,0,5,0,3,0,0,0,2,2,2,0,4,0,2,2,0,-1,-1,-1,-1,-1,-1
M1.AGCCTAAGTCGGATCC-1,2,0,0,5,6,0,5,0,3,5,0,0,2,2,2,2,4,0,2,2,0,-1,-1,-1,-1,-1,-1
I14,2,0,0,0,0,0,5,0,3,0,0,0,2,2,2,0,4,0,0,2,0,-1,-1,-1,-1,-1,-1
M1.CGGGTCAAGTGGTAGC-1,2,0,0,0,0,0,5,0,3,12,12,0,2,2,2,0,4,0,0,2,0,-1,-1,-1,-1,-1,-1
M1.CAAGATCGTTTGGCGC-1,2,0,0,2,0,0,5,0,3,15,13,6,2,2,2,0,4,0,0,2,0,-1,-1,-1,-1,-1,-1
clade_80,0:0.02/2:0.98,0,0,0,0,0,0,0:0.02/2:0.98,0,0:0.01/2:0.99,0:0.01/2:0.99,0:0.04/2:0.96,2,2,2,0:0.51/2:0.49,0,0:0.51/2:0.49,0:0.6/2:0.4,0,0:0.6/2:0.4,-1,-1,-1,-1,-1,-1
clade_82,2,0,0,0:0.01/2:0.99,0,0,0,2,0,2,2,2,2,2,2,2,0,2,0:0.01/-1:0.99,0:0.01/-1:0.99,0:0.01/-1:0.99,-1,-1,-1,-1,-1,-1
RE.CTAGAGTTCAATAAGG-1,-1,-1,-1,2,0,0,0,2,0,2,2,2,2,2,2,2,0,2,-1,-1,-1,-1,-1,-1,-1,-1,-1
I15,2,0,0,2,0,0,0,2,0,2,2,2,2,2,2,2,0,2,-1,-1,-1,-1,-1,-1,-1,-1,-1
RE.CTACGTCCAGCCTTTC-1,2,0,0,2,0,0,0,2,0,2,2,2,2,2,2,2,0,2,-1,-1,-1,-1,-1,-1,-1,-1,-1
RE.GATCAGTAGATTACCC-1,2,0,0,2,0,0,0,2,0,2,2,2,2,2,2,2,0,2,-1,-1,-1,-1,-1,-1,-1,-1,-1
RE.AGCTCCTCAGCGATCC-1,2,0,0,0,2,0,0,2,0,2,2,2,2,2,2,-1,-1,-1,2,0,2,-1,-1,-1,-1,-1,-1
I16,0,0,0,0,0,0,0,0:0.96/6:0.04,0,0,0,0,2,2,2,0,0,0,0,0,0,-1,-1,-1,-1,-1,-1
clade_88,0,0,0,0:0.01/2:0.99,0,0,0,6,0,0,0,0,2,2,2,0,0:0.01/5:0.99,0,0,0,0,-1,-1,-1,-1,-1,-1
clade_102,0,0,0,2,0,0,0,6,0,0,0,0,2,2,2,0,5,0,0:0.01/6:0.99,0:0.01/4:0.99,0,-1,-1,-1,-1,-1,-1
M1.AAAGCAAGTTCCTCCA-1,0,0,0,2,0,0,0,6,0,0,15,0,2,2,2,0,5,0,6,4,0,-1,-1,-1,-1,-1,-1
M1.ACATGGTGTAGGCATG-1,0,0,0,2,0,0,0,6,0,16,14,0,2,2,2,0,5,0,6,4,0,-1,-1,-1,-1,-1,-1
clade_91,0,0,0,2,0,0,0,6,0,0,0,0,2,2,2,0,0:0.01/5:0.99,0,0:0.03/2:0.97,0,0,-1,-1,-1,-1,-1,-1
clade_96,0:0.05/2:0.95,0,0,2,0,0,0,6,0,0:0.7/13:0.3,0,0,2,2,2,0,5,0,2,0,0,-1,-1,-1,-1,-1,-1
I17,2,0,0,2,0,0,0,6,0,-1:0.99/13:0.01,0:0.01/-1:0.99,0:0.01/-1:0.99,2,2,2,0,5,0,2,0,0,-1,-1,-1,-1,-1,-1
M1.CGTTCTGTCTATGTGG-1,2,0,0,2,0,0,5,6,0,-1,-1,-1,2,2,2,0,5,0,2,0,0,-1,-1,-1,-1,-1,-1
M1.TCATTTGGTGCAGTAG-1,2,0,0,2,0,0,0,6,0,-1,-1,-1,2,2,2,0,5,0,2,0,4,-1,-1,-1,-1,-1,-1
M1.CCGGGATAGGCGACAT-1,2,0,0,2,0,0,0,6,0,13,0,0,2,2,2,0,5,3,2,0,0,-1,-1,-1,-1,-1,-1
clade_92,0,0,0,2,0,0,0,6,0,0,0,0,2,2,2,0:0.01/-1:0.99,-1:0.99/5:0.01,0:0.01/-1:0.99,2,0,0,-1,-1,-1,-1,-1,-1
I18,0,0,0,2,0,0,0,6,0,0,0,0,2,2,2,-1,-1,-1,2,0,0,-1,-1,-1,-1,-1,-1
M1.TCAGGATTCCAGGGCT-1,0,0,0,2,0,4,0,6,0,0,7,0,2,2,2,-1,-1,-1,2,0,0,-1,-1,-1,-1,-1,-1
M1.TTTATGCAGGCTAGGT-1,0,0,0,2,0,0,0,6,0,0,0,0,2,2,2,-1,-1,-1,2,0,0,-1,-1,-1,-1,-1,-1
M1.TGGCCAGTCTTGTCAT-1,-1,-1,-1,2,0,0,0,6,0,8,6,0,2,2,2,-1,-1,-1,2,0,0,-1,-1,-1,-1,-1,-1
clade_84,0,0,0,0,0,0,0:0.07/-1:0.92/0:0.002/2:0.002/3:0.002/4:0.002/5:0.002/6:0.002,0:0.07/-1:0.92/6:0.01,0:0.07/-1:0.92/0:0.002/2:0.002/3:0.002/4:0.002/5:0.002,0,0,0,2,2,2,0,0,0,0,0,0,-1,-1,-1,-1,-1,-1
clade_89,0,0,0,3,3,0,-1,-1,-1,0,0,0,2,2,2,0,5,0,2,0,0,-1,-1,-1,-1,-1,-1
M1.GAGTCCGCAAACGTGG-1,0,0,0,3,3,0,-1,-1,-1,0,11,0,2,2,2,5,5,0,2,0,0,-1,-1,-1,-1,-1,-1
M1.CTCAGAAAGTGTGGCA-1,0,0,0,3,3,0,-1,-1,-1,0,0,0,2,2,2,0,5,0,2,0,0,-1,-1,-1,-1,-1,-1
M1.GACGCGTCACAAGACG-1,0,0,0,0,0,0,-1,-1,-1,5,0,0,2,2,2,6,0,3,0,0,0,-1,-1,-1,-1,-1,-1
