(((((M2.GGCCGATTCTCAAGTG-1:3.214,M2.CCACGGAGTTGGAGGT-1:4.214)clade_35:2.564,(((M2.AGCGTCGGTACTTAGC-1:3.027,M2.ACACTGAAGTGTTTGC-1:2.027)I4:0.004,(M2.GAACATCCACTGTGTA-1:1.012,M2.GACACGCGTTCTGGTA-1:0.012)clade_42:6.019)clade_39:3.391,M2.TAGACCAGTACCGCTG-1:5.423)clade_34:2.765)clade_30:15.942,((((((((LL.CAGCTAACAAGCGAGT-1:0,LL.GCGACCACACATTAGC-1:0)clade_80:1.026,(LL.GCTCCTAAGGGAGTAA-1:0,LL.TGTGGTACACGGTAGA-1:0)clade_81:1.026)clade_79:0.937,(LL.CGTGTCTTCAATACCG-1:0,LL.TACCTTATCCTGCTTG-1:0)clade_78:3.002)I3:0.041,LL.TGCTACCAGGCTCATT-1:1.004)clade_76:5.546,M2.ATCTGCCAGGGTGTGT-1:5.55)clade_73:4.708,(Liv.TGCTACCAGGTCATCT-1:8.472,RW.CATCCACAGTGGAGAA-1:6.635)clade_68:2.506)clade_65:0.874,((M1.TGCCCTAAGAATCTCC-1:10.005,((M2.CAACCTCAGTTTAGGA-1:3.084,M2.TGTATTCGTAATCACC-1:1.084)clade_58:0.969,(M2.CGTTCTGCATGAAGTA-1:3.122,M2.CTTTGCGGTGCCTTGG-1:3.263)clade_61:1.79)clade_57:8.985)clade_48:0.025,(((M1.TAGACCAAGACTAAGT-1:0,M1.CAACCTCAGGCTCTTA-1:0)clade_55:5.668,Liv.CTTCTCTTCCCAAGTA-1:4.762)I2:2.637,RE.CTACATTTCACCCGAG-1:6.624)clade_49:3.406)clade_47:0.985)clade_46:1.211,(M1.ACGGAGAAGAAAGTGG-1:1.385,M1.AGCGTCGCATACAGCT-1:4.188)clade_84:10.927)clade_45:8.366)clade_1:2.841,(((LL.TTTCCTCTCTAACGGT-1:6.311,LL.CTCGAAACAAAGGTGC-1:1.813)clade_7:3.031,M1.TCTCATAGTATGGTTC-1:11.773)clade_4:12.072,((M1.GTTAAGCGTCTTTCAT-1:3.053,M1.GGCGTGTCATGGGAAC-1:0.606)I1:2.982,((M1.TTAGTTCCAGACACTT-1:3.121,((M1.CGTCACTAGAAGGACA-1:0,M1.GACAGAGTCGGACAAG-1:0)clade_19:2.121,(M1.CCCTCCTAGTAGGTGC-1:0.067,M1.CGCTGGAGTTGGAGGT-1:3.067)clade_22:2.054)clade_16:1)clade_17:1.038,M2.TCTATTGAGCTACCTA-1:6.158)clade_13:3.036)clade_12:13.322)clade_2:5.09)root:0)I0;
I0,0,0,0,0,0,0,0,0,0,0,0,0,0,0,0,0,0,0,0,0,0,0,0,0,0,0,0
root,0,0,0,0,0,0,0,0,0,0,0,0,0,0,0,0,0,0,0,0,0,0,0,0,0,0,0
clade_2,0,0,0,0:0.44/3:0.56,0:0.16/5:0.84,0:0.16/4:0.84,0,0,0:0.15/5:0.85,0,0,0,0:0.74/4:0.26,0:0.74/2:0.26,0:0.74/2:0.26,0,0,0,0,0,0:0.19/4:0.81,0,0,0,0,0,0:0.6/3:0.4
clade_12,0,0,0,0:0.02/3:0.98,5,4,0:0.01/3:0.99,0:0.01/4:0.99,5,0:0.01/4:0.99,0:0.01/3:0.99,0:0.01/3:0.99,4,0:0.01/2:0.99,0:0.01/2:0.99,0,0,0,0:0.02/3:0.98,0,4,0:0.02/2:0.98,0:0.02/2:0.98,0:0.02/2:0.98,0,0:0.25/3:0.75,0:0.15/3:0.85
clade_13,0,0,0,3,5,4,3,4,5,4,3,3,4,2,2,0,0,0,3,0,4,2,2,2,0:0.04/-1:0.95/0:0.002/2:0.002/3:0.002/4:0.002/5:0.002,0:0.01/-1:0.95/3:0.04,0:0.01/-1:0.95/3:0.04
M2.TCTATTGAGCTACCTA-1,-1,-1,-1,3,5,4,3,4,5,4,3,3,4,2,2,3,3,3,3,0,4,2,2,2,-1,-1,-1
clade_17,0,0,0,3,5,4,3,4,5,4,3,3,4,2,2,0,0,0,3,0:0.11/3:0.89,4,2,2,2,-1,-1,-1
clade_16,0,0,0,3,5,4,3,4,5,4,3,3,4,2,2,0:0.1/6:0.9,0,0,3,0:0.02/3:0.98,4,2,2,2,-1,-1,-1
clade_22,0,0,0,3,5,4,3,4,5,4,3,3,4,2,2,6,0:0.03/6:0.97,0:0.03/6:0.97,3,3,4,2,2,2,-1,-1,-1
M1.CGCTGGAGTTGGAGGT-1,-1,-1,-1,3,5,4,3,4,5,4,3,3,4,2,2,6,6,6,3,3,4,2,2,2,-1,-1,-1
M1.CCCTCCTAGTAGGTGC-1,0,0,0,3,5,4,3,4,5,4,3,3,4,2,2,6,6,6,3,3,4,2,2,2,-1,-1,-1
clade_19,6,0,0,3,5,4,3,4,5,4,3,3,4,2,2,6,0,5,3,3,4,2,2,2,-1,-1,-1
M1.GACAGAGTCGGACAAG-1,6,0,0,3,5,4,3,4,5,4,3,3,4,2,2,6,0,5,3,3,4,2,2,2,-1,-1,-1
M1.CGTCACTAGAAGGACA-1,6,0,0,3,5,4,3,4,5,4,3,3,4,2,2,6,0,5,3,3,4,2,2,2,-1,-1,-1
M1.TTAGTTCCAGACACTT-1,0,0,0,3,5,4,3,4,5,4,3,3,4,2,2,5,5,4,3,3,4,2,2,2,-1,-1,-1
I1,0,0,0,3,5,4,3,4,5,4,3,3,4,2,2,0:0.28/6:0.72,0,0:0.28/5:0.72,3,0:0.03/3:0.97,4,2,2,2,0,0:0.01/3:0.99,0:0.01/3:0.99
M1.GGCGTGTCATGGGAAC-1,0,0,0,3,5,4,3,4,5,4,3,3,4,2,2,6,0,5,3,3,4,2,2,2,0,3,3
M1.GTTAAGCGTCTTTCAT-1,0,0,0,3,5,4,3,4,5,4,3,3,4,2,2,-1,-1,-1,3,3,4,2,2,2,0,3,3
clade_4,0,0,0,0:0.05/3:0.95,0:0.01/5:0.99,0:0.01/4:0.99,0:0.04/7:0.96,0:0.03/8:0.97,5,0,0:0.05/5:0.95,0,0:0.03/-1:0.92/4:0.05,0:0.03/-1:0.92/2:0.05,0:0.03/-1:0.92/2:0.05,0:0.04/-1:0.92/2:0.008/3:0.008/4:0.008/5:0.008/6:0.008,0:0.04/-1:0.92/2:0.007/3:0.007/4:0.007/5:0.007/0:0.007/6:0.007,0:0.04/-1:0.92/2:0.006/0:0.006/3:0.006/4:0.006/5:0.006/6:0.006/7:0.006,0:0.08/4:0.92,0,0:0.01/4:0.99,0,0,0,0:0.41/5:0.59,0:0.41/4:0.59,0:0.25/3:0.75
M1.TCTCATAGTATGGTTC-1,-1,-1,-1,3,5,4,7,8,5,6,5,0,-1,-1,-1,-1,-1,-1,4,3,4,3,3,3,-1,-1,-1
clade_7,0,0,0,0:0.01/3:0.99,5,4,7,8,5,0,5,0,-1:0.99/4:0.01,-1:0.99/2:0.01,-1:0.99/2:0.01,-1:0.99/2:0.002/3:0.002/4:0.002/5:0.002/6:0.002,-1:0.99/2:0.002/3:0.002/4:0.002/5:0.002/0:0.002/6:0.002,-1:0.99/2:0.001/0:0.001/3:0.001/4:0.001/5:0.001/6:0.001/7:0.001,0:0.01/4:0.99,0,4,0:0.12/4:0.88,0:0.12/4:0.88,0,0:0.19/5:0.81,0:0.19/4:0.81,0:0.12/3:0.88
LL.CTCGAAACAAAGGTGC-1,0,0,0,3,5,4,7,8,5,3,5,0,-1,-1,-1,-1,-1,-1,4,0,4,4,4,0,5,4,3
LL.TTTCCTCTCTAACGGT-1,0,7,0,3,5,4,7,8,5,8,5,0,-1,-1,-1,-1,-1,-1,4,3,4,4,4,0,-1,-1,-1
clade_1,0,0,0,0,0,0,0,0,0,0,0,0,0,0,0,0,0,0,0:0.78/2:0.22,0:0.78/2:0.22,0,0:0.3/-1:0.66/2:0.013/3:0.013/4:0.013,0:0.3/-1:0.66/2:0.013/3:0.013/4:0.013,0:0.3/-1:0.66/2:0.013/3:0.013/0:0.013,0,0:0.84/2:0.16,0:0.85/2:0.15
clade_45,0,0,0,0:0.05/2:0.95,0,0,0,0,0,0,0,0,0,0,0,0:0.02/2:0.98,0:0.01/2:0.99,0,0:0.02/2:0.98,0:0.02/2:0.98,0,-1:0.99/2:0.003/3:0.003/4:0.003,-1:0.99/2:0.003/3:0.003/4:0.003,-1:0.99/2:0.003/3:0.003/0:0.003,0:0.02/-1:0.98,0:0.01/-1:0.98/2:0.01,0:0.01/-1:0.98/2:0.01
clade_84,0:0.01/-1:0.98/0:0.002/2:0.002/3:0.002/4:0.002/5:0.002/6:0.002,0:0.01/-1:0.98/0:0.001/2:0.001/3:0.001/4:0.001/5:0.001/6:0.001/7:0.001,0:0.01/-1:0.98/2:0.003/3:0.003/0:0.003/4:0.003,0:0.01/2:0.99,0,0:0.19/5:0.81,0:0.01/5:0.99,0:0.01/6:0.99,0:0.01/7:0.99,0:0.01/2:0.99,0,0,0:0.01/-1:0.98/2:0.001/3:0.001/4:0.001/5:0.001/6:0.001/0:0.001/7:0.001/8:0.001/9:0.001/10:0.001,0:0.01/-1:0.98/2:0.002/3:0.002/0:0.002/4:0.002/5:0.002,0:0.01/-1:0.98/2:0.002/3:0.002/4:0.002/5:0.002/0:0.002/6:0.002,2,2,0,2,2,0,-1,-1,-1,-1,-1,-1
M1.AGCGTCGCATACAGCT-1,-1,-1,-1,-1,-1,-1,5,6,7,2,0,0,-1,-1,-1,2,2,3,2,2,0,-1,-1,-1,-1,-1,-1
M1.ACGGAGAAGAAAGTGG-1,-1,-1,-1,2,0,5,5,6,7,2,0,4,-1,-1,-1,2,2,0,2,2,0,-1,-1,-1,-1,-1,-1
clade_46,0,0,0,2,0,0,0,0,0,0,0:0.01/2:0.99,0,0,0,0,2,2,0,2,2,0,-1,-1,-1,-1,-1,-1
clade_47,0,0,0,2,0,0,0,0,0,0:0.03/3:0.97,2,0,0,0,0,2,2,0,2,2,0,-1,-1,-1,-1,-1,-1
clade_49,0,0,0,2,0:0.14/3:0.86,0,0:0.66/3:0.34,0,0:0.66/3:0.34,3,2,0,0,0:0.09/2:0.91,0:0.07/2:0.93,2,2,0,2,2,0,-1,-1,-1,-1,-1,-1
RE.CTACATTTCACCCGAG-1,2,0,3,2,3,2,3,0,3,3,2,0,3,2,2,2,2,0,2,2,2,-1,-1,-1,-1,-1,-1
I2,0,0,0,2,0:0.09/3:0.91,0,0:0.11/-1:0.79/3:0.1,0:0.17/-1:0.79/2:0.005/0:0.005/3:0.005/4:0.005/5:0.005/6:0.005/7:0.005/8:0.005,0:0.11/-1:0.79/3:0.1,3,2,0,0,0:0.01/2:0.99,0:0.01/2:0.99,2,2,0,2,2,0,-1,-1,-1,-1,-1,-1
Liv.CTTCTCTTCCCAAGTA-1,-1,-1,-1,2,3,0,-1,-1,-1,3,2,0,9,2,2,2,2,0,2,2,0,-1,-1,-1,-1,-1,-1
clade_55,0,0,0,-1,-1,-1,-1,-1,-1,3,2,5,8,2,2,2,2,0,2,2,0,-1,-1,-1,-1,-1,-1
M1.CAACCTCAGGCTCTTA-1,0,0,0,-1,-1,-1,-1,-1,-1,3,2,5,8,2,2,2,2,0,2,2,0,-1,-1,-1,-1,-1,-1
M1.TAGACCAAGACTAAGT-1,0,0,0,-1,-1,-1,-1,-1,-1,3,2,5,8,2,2,2,2,0,2,2,0,-1,-1,-1,-1,-1,-1
clade_48,0,0,0,2,0,0,0,0,0,0:0.03/3:0.97,2,0,0:0.99/4:0.01,0:0.99/4:0.01,0:0.99/5:0.01,2,2,0,2,2,0,-1,-1,-1,-1,-1,-1
clade_57,0,0,0,2,4,0,0:0.01/4:0.99,3,4,3,2,2,-1:0.99/4:0.01,-1:0.99/4:0.01,-1:0.99/5:0.01,2,2,0,2,2,0:0.01/3:0.99,-1,-1,-1,-1,-1,-1
clade_61,0:0.71/4:0.29,0:0.71/4:0.29,0:0.71/4:0.29,2,4,0,4,3,4,3,2,2,-1,-1,-1,2,2,0:0.11/3:0.89,2,2,3,-1,-1,-1,-1,-1,-1
M2.CTTTGCGGTGCCTTGG-1,4,4,4,2,4,6,4,3,4,3,2,2,-1,-1,-1,2,2,3,2,2,3,-1,-1,-1,-1,-1,-1
M2.CGTTCTGCATGAAGTA-1,-1,-1,-1,2,4,0,4,3,4,3,2,2,-1,-1,-1,2,2,3,2,2,3,-1,-1,-1,-1,-1,-1
clade_58,0,0:0.08/2:0.92,0,2,4,0,4,3,4,3,2,2,-1,-1,-1,2,2,0,2,2,3,-1,-1,-1,-1,-1,-1
M2.TGTATTCGTAATCACC-1,0,2,0,2,4,3,4,3,4,3,2,2,-1,-1,-1,2,2,0,2,2,3,-1,-1,-1,-1,-1,-1
M2.CAACCTCAGTTTAGGA-1,0,2,0,2,4,0,4,3,4,3,2,2,-1,-1,-1,-1,-1,-1,2,2,3,-1,-1,-1,-1,-1,-1
M1.TGCCCTAAGAATCTCC-1,5,0,0,2,7,7,6,7,6,3,2,0,4,4,5,2,2,0,2,2,5,-1,-1,-1,-1,-1,-1
clade_65,0,0,0,2,0:0.14/2:0.86,0,0,0,0,0,2,0,0,0,0,2,2,0,2,2,0,-1,-1,-1,-1,-1,-1
clade_68,0,0,0,2,0:0.03/2:0.97,0,0:0.72/2:0.28,0:0.72/2:0.28,0:0.72/2:0.28,0,2,0,0,0:0.24/2:0.76,0:0.21/2:0.79,2,2,0,2,2,0,-1,-1,-1,-1,-1,-1
RW.CATCCACAGTGGAGAA-1,0,0,2,2,2,0,2,2,2,2,2,0,2,2,2,2,2,2,2,2,0,-1,-1,-1,-1,-1,-1
Liv.TGCTACCAGGTCATCT-1,0,6,0,2,2,0,-1,-1,-1,7,2,9,0,2,2,2,2,7,2,2,6,-1,-1,-1,-1,-1,-1
clade_73,0:0.09/-1:0.87/0:0.007/2:0.007/3:0.007/4:0.007/5:0.007/6:0.007,0:0.09/-1:0.87/0:0.006/2:0.006/3:0.006/4:0.006/5:0.006/6:0.006/7:0.006,0:0.09/-1:0.87/2:0.01/3:0.01/0:0.01/4:0.01,2,0:0.01/2:0.99,0,0:0.08/5:0.92,0:0.06/6:0.94,0,0,2,0,0,0,0,2,2,0,2,2,0,-1,-1,-1,-1,-1,-1
M2.ATCTGCCAGGGTGTGT-1,-1,-1,-1,2,2,0,5,6,5,5,2,7,3,0,4,2,2,0,2,2,0,-1,-1,-1,-1,-1,-1
clade_76,-1,-1,-1,2,2,0,5,6,0,7,2,10,10,5,0,2,2,0,2,2,6,-1,-1,-1,-1,-1,-1
LL.TGCTACCAGGCTCATT-1,-1,-1,-1,2,2,0,5,6,0,7,2,10,10,5,4,2,2,0,2,2,6,-1,-1,-1,-1,-1,-1
I3,-1,-1,-1,2,2,0,5,6,0,7,2,10,10,5,0,2,2,0:0.96/3:0.04,2,2,6,-1,-1,-1,-1,-1,-1
clade_78,-1,-1,-1,2,2,0,5,6,0,7,2,10,10,5,0,-1,-1,-1,2,2,6,-1,-1,-1,-1,-1,-1
LL.TACCTTATCCTGCTTG-1,-1,-1,-1,2,2,0,5,6,0,7,2,10,10,5,0,-1,-1,-1,2,2,6,-1,-1,-1,-1,-1,-1
LL.CGTGTCTTCAATACCG-1,-1,-1,-1,2,2,0,5,6,0,7,2,10,10,5,0,-1,-1,-1,2,2,6,-1,-1,-1,-1,-1,-1
clade_79,-1,-1,-1,2,2,0,5,6,0,7,2,10,10,5,0,2,2,0:0.03/3:0.97,2,2,6,-1,-1,-1,-1,-1,-1
clade_81,-1,-1,-1,2,2,0,5,6,8,7,2,10,10,5,0,2,2,3,2,2,6,-1,-1,-1,-1,-1,-1
LL.TGTGGTACACGGTAGA-1,-1,-1,-1,2,2,0,5,6,8,7,2,10,10,5,0,2,2,3,2,2,6,-1,-1,-1,-1,-1,-1
LL.GCTCCTAAGGGAGTAA-1,-1,-1,-1,2,2,0,5,6,8,7,2,10,10,5,0,2,2,3,2,2,6,-1,-1,-1,-1,-1,-1
clade_80,-1,-1,-1,2,2,0,5,6,0,7,2,10,10,5,6,2,2,3,2,2,6,-1,-1,-1,-1,-1,-1
LL.GCGACCACACATTAGC-1,-1,-1,-1,2,2,0,5,6,0,7,2,10,10,5,6,2,2,3,2,2,6,-1,-1,-1,-1,-1,-1
LL.CAGCTAACAAGCGAGT-1,-1,-1,-1,2,2,0,5,6,0,7,2,10,10,5,6,2,2,3,2,2,6,-1,-1,-1,-1,-1,-1
clade_30,0:0.01/3:0.99,0,0,0:0.03/3:0.97,0:0.01/6:0.99,0,0:0.2/3:0.8,0:0.2/5:0.8,0:0.2/5:0.8,0,0,0,0,0:0.01/3:0.99,0:0.01/3:0.99,0:0.01/4:0.99,0:0.01/4:0.99,0:0.01/3:0.99,-1:0.99/2:0.01,-1:0.99/2:0.01,0:0.01/-1:0.99,-1,-1,-1,0,0:0.01/2:0.99,0:0.03/2:0.97
clade_34,3,0,0,0:0.01/3:0.99,6,0,0:0.02/-1:0.87/3:0.11,0:0.02/-1:0.87/5:0.11,0:0.02/-1:0.87/5:0.11,0,0,0,0,3,3,4,4,3,-1,-1,-1,-1,-1,-1,0,2,0:0.01/2:0.99
M2.TAGACCAGTACCGCTG-1,3,0,0,3,6,2,-1,-1,-1,3,4,4,5,3,3,4,4,3,-1,-1,-1,-1,-1,-1,0,2,2
clade_39,3,0,0,3,6,0:0.01/5:0.99,-1,-1,-1,0:0.01/2:0.99,0:0.01/5:0.99,0,0,3,3,4,4,3,-1,-1,-1,-1,-1,-1,0,2,2
clade_42,-1,-1,-1,3,6,5,-1,-1,-1,2,5,0,0,3,3,4,4,3,-1,-1,-1,-1,-1,-1,-1,-1,-1
M2.GACACGCGTTCTGGTA-1,-1,-1,-1,3,6,5,-1,-1,-1,2,5,0,0,3,3,4,4,3,-1,-1,-1,-1,-1,-1,-1,-1,-1
M2.GAACATCCACTGTGTA-1,-1,-1,-1,3,6,5,-1,-1,-1,2,5,5,0,3,3,4,4,3,-1,-1,-1,-1,-1,-1,-1,-1,-1
I4,3,0,0,3,6,5,-1,-1,-1,2,0:0.01/5:0.99,0,0,3,3,4,4,3,-1,-1,-1,-1,-1,-1,0,2,2
M2.ACACTGAAGTGTTTGC-1,3,0,0,3,6,5,-1,-1,-1,2,5,5,0,3,3,4,4,3,-1,-1,-1,-1,-1,-1,3,2,2
M2.AGCGTCGGTACTTAGC-1,3,0,0,3,6,5,-1,-1,-1,2,5,8,2,3,3,4,4,3,-1,-1,-1,-1,-1,-1,4,2,2
clade_35,3,0,0,0:0.01/3:0.99,6,0:0.07/5:0.93,0:0.02/3:0.98,0:0.01/5:0.99,0:0.01/5:0.99,0:0.07/3:0.93,0,0,0,3,3,4,4,3,-1,-1,-1,-1,-1,-1,0,2,0:0.01/2:0.99
M2.CCACGGAGTTGGAGGT-1,3,5,0,3,6,5,3,5,5,3,0,6,7,3,3,4,4,3,-1,-1,-1,-1,-1,-1,3,2,2
M2.GGCCGATTCTCAAGTG-1,3,3,0,3,6,5,3,5,5,3,0,0,6,3,3,4,4,3,-1,-1,-1,-1,-1,-1,2,2,2
