(((((((M2.CAGTCCTCAATCTACG-1:17.876,RE.TGCACCTTCAGATAAG-1:13.907)clade_119:0.139,((((RE.GACTGCGAGTCAAGGC-1:14.181,RW.CCCAATCCATCACGAT-1:7.93)clade_125:1.135,((M1.CTCCTAGGTTCCGTCT-1:3.113,M1.GGGCACTAGTGGACGT-1:3.113)clade_134:5.349,M1.AGACGTTCAAACCTAC-1:5.558)clade_131:6.122)clade_124:0.935,M1.CTTAACTTCCGTTGCT-1:15)I22:0,((RW.TGCCCATTCTACTCAT-1:12.503,M2.AATCGGTTCGATCCCT-1:12.563)clade_148:7.034,M2.TGTGGTAGTCGTCTTC-1:14.801)clade_144:0.233)clade_123:2)I21:0,(((((RE.ATCATCTTCGACCAGC-1:14,(Liv.GGGTTGCAGCCAGTAG-1:18.175,Liv.TGAGAGGGTCTAGCCG-1:7.568)clade_65:1.432)I20:0,M1.CTAACTTTCAATCTCT-1:16)I19:0,(M1.CCGTACTCATGAGCGA-1:10.732,RW.ATCTACTCAACTGCTA-1:3.651)I18:6.494)I17:0,(RW.AGCGGTCTCTTGCAAG-1:7.937,M1.ACATGGTAGATGTCGG-1:12.494)clade_56:7.272)I16:0,((((M2.CGGGTCAAGTGGTAAT-1:12.598,RW.ACTGATGTCAGCTTAG-1:7.256)clade_78:1.962,M2.TCGGTAACATTCCTCG-1:10.087)clade_83:0.045,(M1.CATGACAGTGTTAAGA-1:13.586,M1.TCAGCTCAGCTAAGAT-1:14.022)clade_111:4.632)I15:1.89,(((RW.GCATACAGTATAAACG-1:3.183,RW.ATTACTCCACGTCTCT-1:3.183)clade_102:4.109,(RW.CTCACACGTCTCTTTA-1:7.499,RW.GACTAACAGAATTGTG-1:2.154)I14:3.24)clade_101:11.949,(RW.GCAGTTACACCACCAG-1:6.473,RW.GCTTGAAAGGTGCAAC-1:9.902)clade_86:1.207)clade_84:0.541)I13:1.984)clade_77:1.999)I12:0,(RW.AGCTCCTCAAGCCCAC-1:25.836,(((((M1.GACGGCTTCTTGCCGT-1:11.064,Liv.TGACGGCAGAAGGTTT-1:7.064)I11:2.245,((RW.CACATTTGTCGAATCT-1:10.51,(M2.CGCTGGAGTCTCACCT-1:7.137,M2.AAGGTTCTCATCATTC-1:1.99)clade_189:7.532)I10:3.626,M2.CTCACACAGTGGGTTG-1:7.986)clade_183:1.014)clade_193:0.001,(Liv.TTGCGTCCAGCGATCC-1:10.037,M2.CCTAGCTGTAAAGTCA-1:15.211)clade_198:2.996)clade_182:0.999,((RE.TGGCGCAAGAAACCTA-1:13.027,((M1.CCAGCGACAGCTGTTA-1:2.224,RE.TAGTGGTGTGGCTCCA-1:2.058)clade_172:3.388,(RE.GTCATTTCAAGGACTG-1:6.409,RW.TACTTACGTTACCGAT-1:4.809)I9:2.22)clade_170:1.193)clade_166:2.218,(M1.TTGACTTCATCCTTGC-1:15.46,RE.TCAGATGGTCCGTGAC-1:7.894)clade_165:3.216)clade_161:0.987)I8:0,((M1.TGAGCATGTTAAGACA-1:11,(RW.GGGCACTGTAAGGGCT-1:9.193,RE.GTCACGGGTTAGTGGG-1:10.043)clade_156:0.945)I7:0.013,(Liv.ATAAGAGAGAAGATTC-1:7.792,(RW.CCGTACTAGACCTTTG-1:5.132,RW.GGAAAGCGTCAACATC-1:0.332)clade_214:17.594)clade_211:2.284)I6:0)clade_155:3.836)clade_153:0.164)I5:0,(((M2.CCTCTGAAGAAGGGTA-1:7.732,LL.TCTATTGAGCATCATC-1:7.133)clade_20:14.129,((((RW.TGGACGCTCAGTTGAC-1:10.75,(M1.GGACGTCGTGGCTCCA-1:8.011,(((RE.GTGGGTCGTCCAGTTA-1:3.016,Liv.CGAATGTGTAACGTTC-1:2.016)clade_9:1.985,M2.GTCATTTGTACCTACA-1:4.001)I4:0,(RW.TGCCAAATCAGAGGTG-1:6.161,M1.TTTATGCCAATGGAAT-1:8.161)clade_15:0.84)I3:0.01)clade_6:3.064)clade_3:4.238,RE.CCTAAAGAGGGCTTGA-1:13)clade_28:0.012,M2.ATCATGGCAATACGCT-1:11)clade_29:0.001,(M2.AACCATGCATGCTGGC-1:4.383,M2.GAATAAGAGGGCATGT-1:10.386)clade_35:9.242)I2:0.008)clade_2:1.003,(((M2.CGTCTACAGTGAACAT-1:4.403,M1.TCGCGTTGTCGAGATG-1:4.403)clade_48:6.162,(M2.AAGGTTCAGAAACCTA-1:10.454,M1.CTCAGAAAGCGTGAGT-1:7.041)I1:2.581)clade_41:1.552,RE.TGACTAGTCATGTGGT-1:8.836)clade_40:3.176)clade_1:5.988)clade_55:0,RW.CTTCTCTTCACGCATA-1:27)root:0)I0;
I0,0,0,0,0,0,0,0,0,0,0,0,0,0,0,0,0,0,0,0,0,0,0,0,0,0,0,0,0,0
root,0,0,0,0,0,0,0,0,0,0,0,0,0,0,0,0,0,0,0,0,0,0,0,0,0,0,0,0,0
RW.CTTCTCTTCACGCATA-1,-1,-1,-1,-1,-1,-1,-1,-1,-1,-1,-1,6,6,5,6,4,3,-1,-1,-1,7,0,5,3,3,0,-1,-1,-1
clade_55,0,0,0,0,0,0,0,0,0,0,0,0,0,0,0,0,0,0,0,0,0,0,0,0,0,0,0,0,0
clade_1,2,0,0,0,0,2,2,0,0,0,0,2,0,2,0,0,0,2,0,0,0,0,0,0,0,0,0,0,0
clade_40,2,0,0,0,0:0.78/6:0.22,2,2,0,0,0,0:0.01/5:0.99,2,0,2,0,0,0,2,0,0,0,0,0,0,0,0,0,0:0.01/9:0.99,0:0.02/6:0.98
RE.TGACTAGTCATGTGGT-1,2,0,0,0,6,2,2,0,0,0,5,2,0,2,-1,-1,-1,2,0,0,0,0,6,-1,-1,-1,4,9,6
clade_41,2,0,0,0:0.25/-1:0.74/0:0.003/2:0.003/3:0.003,0:0.19/-1:0.74/6:0.07,2,2,0,0,0,5,2,0,2,0,0,0,2,0,0,0,0,0,0,0,0,0,9,6
I1,2,0,0,0:0.09/-1:0.89/0:0.007/2:0.007/3:0.007,0:0.07/-1:0.89/6:0.04,2,2,0,0,0,5,2,0,2,0,0,0,2,0,0,0:0.38/-1:0.59/2:0.002/0:0.002/3:0.002/4:0.002/5:0.002/6:0.002/7:0.002/8:0.002/9:0.002/10:0.002/11:0.002/12:0.002/13:0.002/14:0.002/15:0.002/16:0.002/17:0.002,0:0.38/-1:0.59/2:0.002/0:0.002/3:0.002/4:0.002/5:0.002/6:0.002/7:0.002/8:0.002/9:0.002/10:0.002/11:0.002/12:0.002/13:0.002/14:0.002/15:0.002/16:0.002/17:0.002,0:0.38/-1:0.59/2:0.003/0:0.003/3:0.003/4:0.003/5:0.003/6:0.003/7:0.003/8:0.003/9:0.003,0:0.79/2:0.21,0:0.79/13:0.21,0,0,9,6
M1.CTCAGAAAGCGTGAGT-1,2,0,0,-1,-1,2,2,0,0,10,5,2,0,2,0,14,11,2,0,0,-1,-1,-1,2,13,0,4,9,6
M2.AAGGTTCAGAAACCTA-1,2,12,0,-1,-1,2,2,10,0,0,5,-1,-1,-1,0,11,0,2,0,0,-1,-1,-1,-1,-1,-1,0,9,6
clade_48,-1:0.94/2:0.06,0:0.05/-1:0.94/2:0.001/3:0.001/0:0.001/4:0.001/5:0.001/6:0.001/7:0.001/8:0.001/9:0.001/10:0.001/11:0.001/12:0.001/13:0.001/14:0.001/15:0.001,0:0.05/-1:0.94/2:0.001/0:0.001/3:0.001/4:0.001/5:0.001/6:0.001/7:0.001/8:0.001/9:0.001/10:0.001/11:0.001/12:0.001/13:0.001/14:0.001/15:0.001,0:0.01/-1:0.98/0:0.003/2:0.003/3:0.003,0:0.01/-1:0.98/6:0.01,-1:0.94/2:0.06,-1:0.94/2:0.06,0:0.05/-1:0.94/2:0.001/0:0.001/3:0.001/4:0.001/5:0.001/6:0.001/7:0.001/8:0.001/9:0.001/10:0.001/11:0.001/12:0.001/13:0.001,0,0,5,2,0,2,0,0,0,2,0,0,0,0,0,0,0,0,0,9,6
M1.TCGCGTTGTCGAGATG-1,-1,-1,-1,-1,-1,-1,-1,-1,0,0,5,2,10,2,0,0,0,2,0,0,0,11,8,2,0,0,0,9,6
M2.CGTCTACAGTGAACAT-1,-1,-1,-1,-1,-1,-1,-1,-1,7,8,5,2,0,2,0,0,0,2,0,0,0,8,6,0,0,0,0,9,6
clade_2,2,0,0,0,0,2,2,0,0,0,0,2,0,2,0,0,0,2,0,0,0,0,0,0,0,0,0,0:0.01/3:0.99,0
I2,2,0,0,0,0,2,2,0,0,0,0,2,0,2,0,0,0,2,0,0,0,0,0,0,0,0,0,3,0
clade_35,2,0,0,0,0:0.5/6:0.5,2,2,0,0:0.5/9:0.5,0:0.5/11:0.5,0:0.5/5:0.5,-1:0.86/2:0.14,0:0.11/-1:0.86/0:0.002/2:0.002/3:0.002/4:0.002/5:0.002/6:0.002/7:0.002/8:0.002/9:0.002/10:0.002/11:0.002/12:0.002,-1:0.86/2:0.14,0:0.01/11:0.99,0,0,2,0,0,0:0.11/-1:0.86/2:0.002/0:0.002/3:0.002/4:0.002/5:0.002/6:0.002/7:0.002/8:0.002/9:0.002/10:0.002/11:0.002/12:0.002/13:0.002/14:0.002/15:0.002/16:0.002/17:0.002,0:0.11/-1:0.86/2:0.002/0:0.002/3:0.002/4:0.002/5:0.002/6:0.002/7:0.002/8:0.002/9:0.002/10:0.002/11:0.002/12:0.002/13:0.002/14:0.002/15:0.002/16:0.002/17:0.002,0:0.11/-1:0.86/2:0.003/0:0.003/3:0.003/4:0.003/5:0.003/6:0.003/7:0.003/8:0.003/9:0.003,0,0,0,0:0.02/4:0.98,3,0
M2.GAATAAGAGGGCATGT-1,-1,-1,-1,0,6,2,2,0,-1,-1,-1,-1,-1,-1,11,0,0,2,0,0,-1,-1,-1,-1,-1,-1,4,3,0
M2.AACCATGCATGCTGGC-1,2,0,0,-1,-1,2,2,0,9,11,5,-1,-1,-1,11,0,0,2,0,0,-1,-1,-1,0,0,0,4,3,0
clade_29,2,0,0,0,0,2,2,0,0,0,0,2,0,2,0,0,0,2,0,0,0,0,0,0,0,0,0,3,0
M2.ATCATGGCAATACGCT-1,2,0,0,0,0,2,2,0,0,0,5,2,9,2,15,0,9,2,0,0,13,0,6,-1,-1,-1,4,3,3
clade_28,2,0,0,0,0:0.99/2:0.01,2,2,0,0,0,0,2,0,2,0,0,0,2,0,0,0,0,0,0,0,0,0,3,0
RE.CCTAAAGAGGGCTTGA-1,2,0,9,-1,-1,2,2,7,-1,-1,-1,2,0,2,0,6,4,2,0,0,0,0,0,6,8,8,0,3,3
clade_3,2,0,0,0,0:0.68/2:0.32,2,2,0,0,0,0,2,0,2,0,0:0.02/2:0.98,0,2,0,0,0:0.02/2:0.98,0:0.02/2:0.98,0:0.03/2:0.97,0,0,0,0,3,0
clade_6,2,0,0,-1:0.99/0:0.003/2:0.003/3:0.003,-1:0.99/2:0.01,2,2,0,0,3,0,2,0,2,0,2,0,2,0,0,2,2,2,0,0,0,0,3,0
I3,2,0,0,-1,-1,2,2,0,0,3,0,2,0,2,0,2,0,2,0,0,2,2,2,0,0,0,0,3,0
clade_15,2,0,0,-1,-1,2,2,0,0,3,0,2,0,2,0,2,0,2,0,0,2,2,2,0:0.16/2:0.84,0,0,0,3,0
M1.TTTATGCCAATGGAAT-1,2,8,8,-1,-1,2,2,11,-1,-1,-1,2,9,2,0,2,0,2,0,0,2,2,2,2,5,0,0,3,0
RW.TGCCAAATCAGAGGTG-1,2,0,3,-1,-1,2,2,0,0,3,0,2,0,2,0,2,0,-1,-1,-1,2,2,2,2,2,0,3,3,0
I4,2,0,0,-1,-1,2,2,0,0,3,0,2,0,2,0,2,0,2,0,0,2,2,2,0,0,0,0,3,0
M2.GTCATTTGTACCTACA-1,-1,-1,-1,-1,-1,2,2,0,0,3,0,2,8,2,0,2,0,2,0,0,2,2,2,0,0,0,0,3,0
clade_9,2,0,0,-1,-1,2,2,0,0,3,0,2,0,2,0,2,0,2,0,0,2,2,2,0,0:0.01/7:0.99,0,0:0.01/10:0.99,3,0
Liv.CGAATGTGTAACGTTC-1,2,0,0,-1,-1,2,2,0,0,3,0,2,0,2,20,2,0,2,0,0,2,2,2,10,7,0,10,3,0
RE.GTGGGTCGTCCAGTTA-1,2,7,0,-1,-1,2,2,0,0,3,0,2,0,2,0,2,6,2,0,0,2,2,2,0,7,7,10,3,0
M1.GGACGTCGTGGCTCCA-1,2,0,0,-1,-1,2,2,9,5,3,5,2,0,2,0,2,3,2,0,7,2,2,2,10,0,13,0,3,3
RW.TGGACGCTCAGTTGAC-1,2,2,2,0,2,2,2,2,2,2,0,2,0,2,0,2,0,2,2,0,2,2,2,0,0,2,-1,-1,-1
clade_20,2,0,0,0:0.1/-1:0.88/0:0.007/2:0.007/3:0.007,0:0.1/-1:0.88/2:0.003/3:0.003/0:0.003/4:0.003/5:0.003/6:0.003/7:0.003,-1:0.88/2:0.12,-1:0.88/2:0.12,0:0.1/-1:0.88/2:0.002/0:0.002/3:0.002/4:0.002/5:0.002/6:0.002/7:0.002/8:0.002/9:0.002/10:0.002/11:0.002/12:0.002/13:0.002,0,0,0,-1:0.88/2:0.12,0:0.1/-1:0.88/0:0.002/2:0.002/3:0.002/4:0.002/5:0.002/6:0.002/7:0.002/8:0.002/9:0.002/10:0.002/11:0.002/12:0.002,-1:0.88/2:0.12,0:0.47/18:0.53,0:0.47/15:0.53,0:0.47/12:0.53,-1:0.88/2:0.12,0:0.1/-1:0.88/2:0.001/3:0.001/0:0.001/4:0.001/5:0.001/6:0.001/7:0.001/8:0.001/9:0.001/10:0.001/11:0.001/12:0.001/13:0.001/14:0.001/15:0.001,0:0.1/-1:0.88/0:0.002/2:0.002/3:0.002/4:0.002/5:0.002/6:0.002/7:0.002/8:0.002/9:0.002,0,0,0,0:0.1/-1:0.88/0:0.002/2:0.002/3:0.002/4:0.002/5:0.002/6:0.002/7:0.002/8:0.002/9:0.002/10:0.002/11:0.002/12:0.002,0:0.1/-1:0.88/0:0.002/2:0.002/3:0.002/4:0.002/5:0.002/6:0.002/7:0.002/8:0.002/9:0.002/10:0.002/11:0.002/12:0.002/13:0.002,0:0.1/-1:0.88/2:0.002/0:0.002/3:0.002/4:0.002/5:0.002/6:0.002/7:0.002/8:0.002/9:0.002/10:0.002/11:0.002/12:0.002/13:0.002,0,3,0
LL.TCTATTGAGCATCATC-1,2,15,0,-1,-1,-1,-1,-1,0,3,0,-1,-1,-1,18,15,12,-1,-1,-1,0,17,0,-1,-1,-1,0,3,7
M2.CCTCTGAAGAAGGGTA-1,2,6,0,-1,-1,-1,-1,-1,0,0,0,-1,-1,-1,-1,-1,-1,-1,-1,-1,11,10,0,-1,-1,-1,0,3,0
I5,0,0,0,0,0,0,0,0,0,0,0,0,0,0,0,0,0,0,0,0,0,0,0,0,0,0,0,0,0
clade_153,0,0,0,0:0.84/2:0.16,0,0,0,0,0,0,0,0,0,0,0,0,0,0,0,0,0,0,0,0,0,0,0,0,0
clade_155,0,0,0,2,0,0,0,0,0,0,0,0,3,0,0,0,0,0,0,0,0,0,0,3,3,0,0,0,0
I6,0,0,0,2,0,0,0,0,0,0,0,0,3,0,0,0,0,0,0,0,0,0,0,3,3,0,0,0,0
clade_211,0:0.56/-1:0.41/2:0.002/3:0.002/0:0.002/4:0.002/5:0.002/6:0.002/7:0.002/8:0.002/9:0.002/10:0.002/11:0.002/12:0.002,0:0.56/-1:0.41/2:0.002/3:0.002/0:0.002/4:0.002/5:0.002/6:0.002/7:0.002/8:0.002/9:0.002/10:0.002/11:0.002/12:0.002/13:0.002/14:0.002/15:0.002,0:0.56/-1:0.41/2:0.002/0:0.002/3:0.002/4:0.002/5:0.002/6:0.002/7:0.002/8:0.002/9:0.002/10:0.002/11:0.002/12:0.002/13:0.002/14:0.002/15:0.002,2,0,0,0,0,0:0.89/5:0.11,0,0,0,3,0,0,0,0,0,0,0,0,0,0,3,3,0,0:0.13/4:0.87,0,0
clade_214,0:0.01/-1:0.99,0:0.01/-1:0.99,0:0.01/-1:0.99,2,0:0.2/3:0.8,4,3,3,0:0.01/-1:0.99,0:0.01/-1:0.99,0:0.01/-1:0.99,0,3,0,4,5,2,4,0,0,0,0,0,-1:0.99/3:0.01,-1:0.99/3:0.01,0:0.01/-1:0.99,4,4,4
RW.GGAAAGCGTCAACATC-1,-1,-1,-1,2,3,4,3,3,-1,-1,-1,0,3,0,4,5,2,4,0,0,0,0,0,-1,-1,-1,4,4,4
RW.CCGTACTAGACCTTTG-1,-1,-1,-1,-1,-1,4,3,3,-1,-1,-1,-1,-1,-1,4,5,2,4,0,0,0,0,0,-1,-1,-1,4,4,4
Liv.ATAAGAGAGAAGATTC-1,-1,-1,-1,2,0,0,0,0,5,0,0,0,3,0,21,17,14,0,0,9,0,0,6,3,3,0,4,0,0
I7,0,0,0,2,0:0.99/7:0.01,0,0,0,0,0,0,0,3,0,0,0,0,0,0,0,0,0,0,3,3,0,0,0,0
clade_156,0,0,0,2,0:0.85/7:0.15,0,0,0,0,0,0,0,3,0,0,0,0,0:0.19/3:0.81,0,0,0,0,0,3,3,0,0,0,0
RE.GTCACGGGTTAGTGGG-1,0,8,8,2,7,0,0,0,6,6,6,8,3,0,0,0,0,3,0,0,9,6,0,3,3,0,11,0,0
RW.GGGCACTGTAAGGGCT-1,4,4,0,-1,-1,2,2,0,0,0,3,0,3,0,0,0,0,3,0,0,4,0,3,3,3,0,0,0,0
M1.TGAGCATGTTAAGACA-1,10,13,0,-1,-1,6,0,12,0,12,9,0,3,0,0,0,3,0,0,0,0,0,0,3,3,12,10,0,0
I8,0,0,0,2,0,0,0,0,0,0,0,0,3,0,0,0,0,0,0,0,0,0,0,3,3,0,0,0,0
clade_161,0,0,0,2,0,0,0,0,0,0,0,0,3,0,0,0:0.01/4:0.99,0,0,0,0,0,0,0,3,3,0,0,0,0
clade_165,0,0,0,2,0,0,0,0,0,0,0,0,3,0,0,4,0,0:0.81/6:0.19,0:0.81/9:0.19,0:0.81/5:0.19,0:0.08/2:0.92,0,0,3,3,0,0:0.43/-1:0.54/2:0.002/3:0.002/0:0.002/4:0.002/5:0.002/6:0.002/7:0.002/8:0.002/9:0.002/10:0.002/11:0.002/12:0.002/13:0.002/14:0.002/15:0.002,0:0.43/-1:0.54/2:0.002/3:0.002/0:0.002/4:0.002/5:0.002/6:0.002/7:0.002/8:0.002/9:0.002/10:0.002/11:0.002/12:0.002,0:0.43/-1:0.54/2:0.004/0:0.004/3:0.004/4:0.004/5:0.004/6:0.004/7:0.004
RE.TCAGATGGTCCGTGAC-1,6,0,0,2,0,0,0,6,5,0,0,0,3,0,6,4,0,6,9,5,2,0,0,3,3,0,-1,-1,-1
M1.TTGACTTCATCCTTGC-1,0,8,8,-1,-1,0,0,2,10,0,8,-1,-1,-1,3,4,0,-1,-1,-1,2,0,0,3,3,0,-1,-1,-1
clade_166,0,0,0,2,0:0.77/6:0.23,0,0,0,0,0,0,0,3,0,0:0.01/3:0.99,4,0,0,0,0,0:0.02/3:0.98,0,0,3,3,0,0,0,0
clade_170,0,0,0,2,0:0.58/6:0.42,0,0,0,0,0,0,0,3,0,3,4,0,0:0.02/3:0.98,0,0,3,0,0,3,3,0,0,0,0
I9,0,0,0,-1:0.8/2:0.2,0:0.11/-1:0.8/6:0.09,0,0,0,0,0:0.7/4:0.3,0:0.7/2:0.3,0,3,0,3,4,0,3,0,0,3,0,0,3,3,0,0,0,0
RW.TACTTACGTTACCGAT-1,0,0,0,-1,-1,3,0,0,0,4,2,0,3,0,3,4,0,3,3,0,3,0,0,3,3,0,0,0,3
RE.GTCATTTCAAGGACTG-1,0,0,0,-1,-1,0,0,0,-1,-1,-1,0,3,0,3,4,0,3,0,0,-1,-1,-1,3,3,0,0,0,0
clade_172,0,0,0,2,0:0.17/6:0.83,0:0.02/-1:0.98,0:0.02/-1:0.98,0:0.02/-1:0.98,0,0,0,0,3,0,3,4,0,3,0,0,3,0,0,3,3,0,0,0,0
RE.TAGTGGTGTGGCTCCA-1,0,0,0,-1,-1,-1,-1,-1,0,0,0,0,3,0,3,4,0,3,0,0,3,0,0,3,3,0,0,0,0
M1.CCAGCGACAGCTGTTA-1,4,0,0,2,6,-1,-1,-1,0,0,0,0,3,0,3,4,0,3,0,0,3,0,0,3,3,0,14,0,0
RE.TGGCGCAAGAAACCTA-1,0,0,7,-1,-1,9,0,0,-1,-1,-1,0,3,0,3,4,5,0,8,0,3,5,0,3,3,6,9,8,0
clade_182,0,0,0,2,0,0,0,0,0,0,0,7,3,0,0,0,0,0,0,0,0,0,0,3,3,0,0,0,0
clade_198,0:0.12/4:0.88,0,0,-1:0.51/2:0.49,0:0.46/-1:0.51/2:0.004/3:0.004/0:0.004/4:0.004/5:0.004/6:0.004/7:0.004,0:0.83/11:0.17,0,0,0,0,0,7,3,0,0,0,0,0,0,0,0,0,0,3,3,0:0.11/2:0.89,0,0,0
M2.CCTAGCTGTAAAGTCA-1,4,0,0,-1,-1,-1,-1,-1,5,10,7,7,3,0,13,0,3,8,11,0,12,0,0,3,3,2,9,8,3
Liv.TTGCGTCCAGCGATCC-1,4,0,0,-1,-1,11,0,0,11,5,4,7,3,0,19,16,0,0,14,9,0,16,0,3,3,2,0,0,0
clade_193,0,0,0,2,0,0,0,0,0,0,0,7,3,0,0,0,0,0,0,0,0,0,0,3,3,0,0,0,0
clade_183,0,0,0,2,0,0,0,0,0,0,0,7,3,0,0:0.05/6:0.95,0,0,0:0.94/7:0.06,0,0,0,0,0,3,3,0,0,0,0
M2.CTCACACAGTGGGTTG-1,0,0,0,2,0,-1,-1,-1,0,0,0,7,3,0,6,0,0,7,0,0,-1,-1,-1,3,3,10,0,0,0
I10,0,0,0,-1:0.7/2:0.3,0:0.28/-1:0.7/2:0.003/3:0.003/0:0.003/4:0.003/5:0.003/6:0.003/7:0.003,0,0,0,0,0,0,7,3,0,6,0,0,0:0.26/-1:0.7/7:0.04,0:0.28/-1:0.7/2:0.001/3:0.001/0:0.001/4:0.001/5:0.001/6:0.001/7:0.001/8:0.001/9:0.001/10:0.001/11:0.001/12:0.001/13:0.001/14:0.001/15:0.001,0:0.28/-1:0.7/0:0.002/2:0.002/3:0.002/4:0.002/5:0.002/6:0.002/7:0.002/8:0.002/9:0.002,0,0,0,3,3,0,0,0,0
clade_189,0,0,0:0.01/10:0.99,-1:0.98/2:0.02,0:0.01/-1:0.98/2:0.001/3:0.001/0:0.001/4:0.001/5:0.001/6:0.001/7:0.001,0:0.43/12:0.57,0,0:0.43/9:0.57,0:0.01/5:0.99,0:0.01/9:0.99,0,7,3,0,6,0,0,0:0.01/-1:0.98/7:0.01,0:0.01/-1:0.98/2:0.001/3:0.001/0:0.001/4:0.001/5:0.001/6:0.001/7:0.001/8:0.001/9:0.001/10:0.001/11:0.001/12:0.001/13:0.001/14:0.001/15:0.001,0:0.01/-1:0.98/0:0.001/2:0.001/3:0.001/4:0.001/5:0.001/6:0.001/7:0.001/8:0.001/9:0.001,0:0.01/2:0.99,0,0,3,3,0,0,0:0.01/10:0.99,0
M2.AAGGTTCTCATCATTC-1,9,0,10,-1,-1,12,0,9,5,9,0,7,3,0,6,0,0,-1,-1,-1,2,0,0,3,3,0,0,10,0
M2.CGCTGGAGTCTCACCT-1,7,0,10,-1,-1,-1,-1,-1,5,9,0,7,3,0,-1,-1,-1,-1,-1,-1,2,0,0,3,3,0,0,10,0
RW.CACATTTGTCGAATCT-1,0,0,5,-1,-1,7,5,0,4,0,0,-1,-1,-1,6,0,0,-1,-1,-1,0,4,0,3,3,0,6,0,0
I11,0,0,0,2,0:0.79/5:0.21,0,0,0,0:0.39/-1:0.58/2:0.003/3:0.003/0:0.003/4:0.003/5:0.003/6:0.003/7:0.003/8:0.003/9:0.003/10:0.003/11:0.003,0:0.39/-1:0.58/2:0.002/0:0.002/3:0.002/4:0.002/5:0.002/6:0.002/7:0.002/8:0.002/9:0.002/10:0.002/11:0.002/12:0.002/13:0.002/14:0.002/15:0.002,0:0.39/-1:0.58/0:0.003/2:0.003/3:0.003/4:0.003/5:0.003/6:0.003/7:0.003/8:0.003/9:0.003/10:0.003/11:0.003,7,3,0,0,0,0,0,0:0.79/10:0.21,0,0,0,0,3,3,0,0,0,0
Liv.TGACGGCAGAAGGTTT-1,0,0,0,-1,-1,0,0,0,-1,-1,-1,7,3,0,0,0,0,0,10,0,17,3,4,3,3,0,0,0,0
M1.GACGGCTTCTTGCCGT-1,0,0,14,2,5,-1,-1,-1,-1,-1,-1,7,3,0,0,0,5,-1,-1,-1,0,12,0,3,3,0,0,0,0
RW.AGCTCCTCAAGCCCAC-1,-1,-1,-1,2,3,-1,-1,-1,-1,-1,-1,5,0,3,-1,-1,-1,3,0,4,-1,-1,-1,5,4,3,7,6,0
I12,0,0,0,0,0,0,0,0,0,0,0,0,0,0,0,0,0,0,0,0,0,0,0,0,0,0,0,0,0
clade_77,0,5,0,0,0,0,0,0,0,0,0,0,0,0,0,0,0,3,0,0,0,0,0,0,0,0,0,0,0
I13,0,5,0,0,0,0,0,0,0,0:0.01/5:0.99,0:0.01/4:0.99,0,0,0,0,0,0,3,0,0,0,0,0,0,0,0,0,0,0
clade_84,0,5,0,0,0,0,0:0.46/4:0.54,0,0,0:0.01/5:0.99,0:0.01/4:0.99,0,0,0,0,0,0,3,0,0,0,0,0,0,0,0,0,0,0
clade_86,0:0.1/4:0.9,5,0,0,0,0,0:0.37/4:0.63,0,0,5,4,0,0,0,0,0,0,3,0,0,0:0.8/5:0.2,0,0,0,0,0,0,0,0
RW.GCTTGAAAGGTGCAAC-1,4,5,0,0,0,-1,-1,-1,0,5,4,4,4,4,5,0,3,3,0,0,5,0,0,4,0,0,0,0,0
RW.GCAGTTACACCACCAG-1,4,5,0,-1,-1,0,4,0,0,5,4,0,5,0,0,0,0,3,0,0,-1,-1,-1,0,0,0,0,0,0
clade_101,0,5,0,0,0:0.01/4:0.99,0,0:0.16/4:0.84,0,0:0.02/-1:0.97/2:0.001/3:0.001/0:0.001/4:0.001/5:0.001/6:0.001/7:0.001/8:0.001/9:0.001/10:0.001/11:0.001,-1:0.97/5:0.03,-1:0.97/4:0.03,0:0.25/5:0.75,0,0,6,6,4,3,0,0:0.01/2:0.99,0,0,0,5,4,3,0,0,0
I14,0,5,0,0,4,0:0.15/-1:0.84/2:0.001/3:0.001/4:0.001/5:0.001/0:0.001/6:0.001/7:0.001/8:0.001/9:0.001/10:0.001/11:0.001/12:0.001/13:0.001,0:0.02/-1:0.84/4:0.14,0:0.15/-1:0.84/2:0.001/0:0.001/3:0.001/4:0.001/5:0.001/6:0.001/7:0.001/8:0.001/9:0.001/10:0.001/11:0.001/12:0.001/13:0.001,-1,-1,-1,0:0.01/5:0.99,0,0,6,6,4,3,0,2,0,0,0,5,4,3,0,0:0.65/5:0.35,0
RW.GACTAACAGAATTGTG-1,0,5,0,0,4,-1,-1,-1,-1,-1,-1,5,0,0,6,6,4,3,4,2,0,0,0,5,4,3,0,5,0
RW.CTCACACGTCTCTTTA-1,-1,-1,-1,0,4,-1,-1,-1,-1,-1,-1,5,0,0,6,6,4,3,0,2,8,0,0,5,4,3,-1,-1,-1
clade_102,0,5,0,0,4,0,4,0,-1,-1,-1,0:0.01/-1:0.94/5:0.05,0:0.05/-1:0.94/0:0.001/2:0.001/3:0.001/4:0.001/5:0.001/6:0.001/7:0.001/8:0.001/9:0.001/10:0.001/11:0.001/12:0.001,0:0.05/-1:0.94/2:0.001/3:0.001/0:0.001/4:0.001/5:0.001/6:0.001/7:0.001/8:0.001/9:0.001,6,6,4,3,0,2,0:0.01/6:0.99,0,0,5,4,3,0,0,0
RW.ATTACTCCACGTCTCT-1,5,5,0,3,4,8,4,0,-1,-1,-1,-1,-1,-1,6,6,4,3,0,2,6,0,0,5,4,3,0,0,0
RW.GCATACAGTATAAACG-1,0,5,0,0,4,5,4,0,-1,-1,-1,-1,-1,-1,6,6,4,3,0,2,6,3,4,5,4,3,0,0,0
I15,0,5,0,0:0.06/-1:0.94,0:0.06/-1:0.94,0,0,0,0,5,4,0,0,0,0,0,0,3,0,0,0,0,0,0,0,0,0,0,0
clade_111,0,5,0,0:0.03/-1:0.97,0:0.03/-1:0.97,0,0:0.81/8:0.19,0:0.81/13:0.19,0:0.45/-1:0.52/2:0.003/3:0.003/0:0.003/4:0.003/5:0.003/6:0.003/7:0.003/8:0.003/9:0.003/10:0.003/11:0.003,-1:0.52/5:0.48,-1:0.52/4:0.48,0:0.81/10:0.19,0:0.81/11:0.19,0:0.81/9:0.19,0,0,0,3,0,0,0:0.45/-1:0.52/2:0.002/0:0.002/3:0.002/4:0.002/5:0.002/6:0.002/7:0.002/8:0.002/9:0.002/10:0.002/11:0.002/12:0.002/13:0.002/14:0.002/15:0.002/16:0.002/17:0.002,0:0.45/-1:0.52/2:0.002/0:0.002/3:0.002/4:0.002/5:0.002/6:0.002/7:0.002/8:0.002/9:0.002/10:0.002/11:0.002/12:0.002/13:0.002/14:0.002/15:0.002/16:0.002/17:0.002,0:0.45/-1:0.52/2:0.003/0:0.003/3:0.003/4:0.003/5:0.003/6:0.003/7:0.003/8:0.003/9:0.003,0:0.81/8:0.19,0:0.81/12:0.19,0,0,0,0
M1.TCAGCTCAGCTAAGAT-1,5,5,0,-1,-1,-1,-1,-1,-1,-1,-1,10,11,9,17,12,0,3,0,0,-1,-1,-1,8,12,0,13,0,0
M1.CATGACAGTGTTAAGA-1,0,5,0,-1,-1,0,8,13,-1,-1,-1,-1,-1,-1,0,0,0,3,13,8,-1,-1,-1,-1,-1,-1,0,0,7
clade_83,0,5,0,0:0.05/-1:0.94/0:0.003/2:0.003/3:0.003,0:0.05/-1:0.94/2:0.001/3:0.001/0:0.001/4:0.001/5:0.001/6:0.001/7:0.001,0:0.99/2:0.01,0:0.99/2:0.01,0,0,5,4,0,0,0,0,0,0,3,0,0,0,0,0,0,0,0,0,0,0
M2.TCGGTAACATTCCTCG-1,0,5,0,-1,-1,2,2,0,0,5,4,0,0,0,10,8,8,3,10,0,10,0,0,-1,-1,-1,0,0,0
clade_78,0,5,0:0.83/6:0.17,0:0.03/-1:0.97,0:0.03/-1:0.97,0:0.47/-1:0.49/2:0.04,0:0.47/-1:0.49/2:0.04,0:0.48/-1:0.49/2:0.002/0:0.002/3:0.002/4:0.002/5:0.002/6:0.002/7:0.002/8:0.002/9:0.002/10:0.002/11:0.002/12:0.002/13:0.002,0,5,4,0,0,0:0.83/7:0.17,0,0,0,3,0,0,0,0,0,0,0,0,0,0,0
RW.ACTGATGTCAGCTTAG-1,0,5,6,-1,-1,-1,-1,-1,0,5,4,0,0,7,8,0,0,3,7,0,0,0,0,0,0,5,8,0,0
M2.CGGGTCAAGTGGTAAT-1,-1,-1,-1,-1,-1,-1,-1,-1,0,5,4,-1,-1,-1,12,9,0,3,0,0,0,9,0,0,10,0,10,0,0
I16,0,5,0,0,0,0,0,0,0,0,0,0,0,0,0,0,0,3,0,0,0,0,0,0,0,0,0,0,0
clade_56,0,5,0,0,0:0.61/5:0.39,0,0:0.61/6:0.39,0,0,0,0,0:0.2/-1:0.76/2:0.003/3:0.003/0:0.003/4:0.003/5:0.003/6:0.003/7:0.003/8:0.003/9:0.003/10:0.003/11:0.003/12:0.003/13:0.003,0:0.2/-1:0.76/0:0.003/2:0.003/3:0.003/4:0.003/5:0.003/6:0.003/7:0.003/8:0.003/9:0.003/10:0.003/11:0.003/12:0.003,0:0.2/-1:0.76/2:0.004/3:0.004/0:0.004/4:0.004/5:0.004/6:0.004/7:0.004/8:0.004/9:0.004,0,0,0,-1:0.76/3:0.24,0:0.2/-1:0.76/2:0.003/3:0.003/0:0.003/4:0.003/5:0.003/6:0.003/7:0.003/8:0.003/9:0.003/10:0.003/11:0.003/12:0.003/13:0.003/14:0.003/15:0.003,0:0.2/-1:0.76/0:0.004/2:0.004/3:0.004/4:0.004/5:0.004/6:0.004/7:0.004/8:0.004/9:0.004,0,0,0,0,0:0.61/6:0.39,0:0.61/4:0.39,0:0.03/8:0.97,0,0
M1.ACATGGTAGATGTCGG-1,0,5,15,-1,-1,-1,-1,-1,0,0,0,-1,-1,-1,0,0,13,-1,-1,-1,16,0,0,-1,-1,-1,8,0,0
RW.AGCGGTCTCTTGCAAG-1,0,5,0,0,5,0,6,0,5,0,0,-1,-1,-1,0,0,0,-1,-1,-1,2,0,0,0,6,4,8,7,2
I17,0,5,0,0,0,0,0,0,0,0,0,0,0,0,0,0,0,3,0,0,0,0,0,0,0,0,0,0,0
I18,0:0.09/-1:0.88/2:0.002/3:0.002/0:0.002/4:0.002/5:0.002/6:0.002/7:0.002/8:0.002/9:0.002/10:0.002/11:0.002/12:0.002,-1:0.88/5:0.12,0:0.09/-1:0.88/2:0.002/0:0.002/3:0.002/4:0.002/5:0.002/6:0.002/7:0.002/8:0.002/9:0.002/10:0.002/11:0.002/12:0.002/13:0.002/14:0.002/15:0.002,0,0,0,0,0:0.46/4:0.54,0,0,0,0,0,0,0:0.09/-1:0.88/0:0.001/2:0.001/3:0.001/4:0.001/5:0.001/6:0.001/7:0.001/8:0.001/9:0.001/10:0.001/11:0.001/12:0.001/13:0.001/14:0.001/15:0.001/16:0.001/17:0.001/18:0.001/19:0.001/20:0.001/21:0.001,0:0.09/-1:0.88/2:0.002/3:0.002/4:0.002/0:0.002/5:0.002/6:0.002/7:0.002/8:0.002/9:0.002/10:0.002/11:0.002/12:0.002/13:0.002/14:0.002/15:0.002/16:0.002/17:0.002,0:0.09/-1:0.88/0:0.002/2:0.002/3:0.002/4:0.002/5:0.002/6:0.002/7:0.002/8:0.002/9:0.002/10:0.002/11:0.002/12:0.002/13:0.002/14:0.002,3,0:0.46/6:0.54,0,0,0,0,0,0,0,0,0,0
RW.ATCTACTCAACTGCTA-1,-1,-1,-1,0,0,0,0,4,5,0,0,0,0,0,-1,-1,-1,3,6,0,0,0,0,0,5,0,0,0,0
M1.CCGTACTCATGAGCGA-1,-1,-1,-1,0,0,-1,-1,-1,0,14,0,12,12,0,-1,-1,-1,-1,-1,-1,0,0,0,11,0,0,0,0,0
I19,0,5,0,0,0,0,0,0,0,0,0,0,0,0,0,0,0,3,0,0,0,0,0,0,0,0,0,0,0
M1.CTAACTTTCAATCTCT-1,0,5,0,0,0,-1,-1,-1,0,0,11,-1,-1,-1,18,15,12,3,0,0,0,14,9,-1,-1,-1,10,0,0
I20,0,5,0,0,0,0,0,0,0,0,0,0,0,0,0,0,0,3,0,0,0,0,0,0,0,0,0,0,0
clade_65,0,5,0,0,0,0:0.9/13:0.1,0:0.9/3:0.1,0:0.9/3:0.1,0:0.9/7:0.1,0:0.9/15:0.1,0,0,0,0,0,0,0,3,0,0,0:0.18/4:0.82,0,0,0:0.9/12:0.1,0,0,0,0,0
Liv.TGAGAGGGTCTAGCCG-1,0,5,0,0,0,13,3,3,7,15,0,0,0,0,0,0,0,3,15,0,4,0,0,12,0,0,0,0,2
Liv.GGGTTGCAGCCAGTAG-1,12,5,0,0,6,-1,-1,-1,-1,-1,-1,13,0,3,-1,-1,-1,3,0,0,4,0,3,-1,-1,-1,15,0,0
RE.ATCATCTTCGACCAGC-1,0,5,0,2,0,11,0,0,0,0,0,9,7,8,9,7,7,-1,-1,-1,2,0,0,0,9,9,0,0,0
I21,0,0,0,0,0,0,0,0,0,0,0,0,0,0,0,0,0,0,0,0,0,0,0,0,0,0,0,0,0
clade_123,0,0,0,0,0,0,0,0,3,0,0,0,0,0,0,0,0,0,0,0,0,0,0,0,0,0,0,0,2
clade_144,0,0,0,0,0,0:0.99/11:0.01,0,0,3,0,0,0,0,0:0.81/3:0.19,0,0,0,0:0.99/9:0.01,0,0,0,0,0,0:0.99/2:0.01,0,0:0.99/2:0.01,0,0,2
M2.TGTGGTAGTCGTCTTC-1,4,9,0,0,0,11,0,0,3,0,0,0,0,3,-1,-1,-1,-1,-1,-1,2,7,0,-1,-1,-1,0,0,2
clade_148,0:0.06/3:0.94,0,0,0,0:0.69/6:0.31,0:0.29/-1:0.66/11:0.05,0:0.29/-1:0.66/2:0.006/0:0.006/3:0.006/4:0.006/5:0.006/6:0.006/7:0.006/8:0.006/9:0.006,0:0.29/-1:0.66/2:0.004/0:0.004/3:0.004/4:0.004/5:0.004/6:0.004/7:0.004/8:0.004/9:0.004/10:0.004/11:0.004/12:0.004/13:0.004,3,0,0,0:0.69/3:0.31,0:0.69/2:0.31,0:0.56/3:0.44,0,0,0,0:0.68/9:0.32,0,0,0,0,0,0:0.68/2:0.32,0,0:0.68/2:0.32,0:0.05/2:0.95,0:0.06/2:0.94,2
M2.AATCGGTTCGATCCCT-1,3,11,12,0,6,-1,-1,-1,3,0,0,-1,-1,-1,16,10,0,9,0,0,0,0,0,-1,-1,-1,2,2,2
RW.TGCCCATTCTACTCAT-1,3,3,0,-1,-1,-1,-1,-1,3,0,0,3,2,3,2,3,0,-1,-1,-1,0,0,0,2,0,2,2,2,2
I22,0,0,0,0,0,0,0,0,3,0,0,0,0,0,0,0,0,0,0,0,0,0,0,0,0,0,0,0,2
M1.CTTAACTTCCGTTGCT-1,0,8,8,-1,-1,-1,-1,-1,3,13,0,0,0,0,6,13,0,0,0,0,14,13,0,-1,-1,-1,0,0,2
clade_124,0,0,0,0,0,0,0,0,3,0,0,0,0,0,0:0.06/7:0.94,0,0,0,0,0,0,0,0,0,0,0,0,0,2
clade_131,0:0.01/11:0.99,0:0.01/14:0.99,0:0.01/13:0.99,0,0,0,0:0.5/9:0.5,0,3,0,0:0.01/10:0.99,0:0.39/11:0.61,0,0,7,0,0,0,0,0,0,0,0,0:0.01/9:0.99,0,0,0,0,2
M1.AGACGTTCAAACCTAC-1,11,14,13,0,0,0,9,0,3,8,10,-1,-1,-1,7,0,0,0,0,0,0,15,0,9,0,0,0,0,2
clade_134,11,14,13,0,0,0:0.03/-1:0.97,0:0.01/-1:0.97/9:0.02,0:0.03/-1:0.97,3,0,10,11,0,0,7,0,10,0,0,0,0,0,0,9,0,0,0,0:0.01/12:0.99,2
M1.GGGCACTAGTGGACGT-1,11,14,13,0,6,-1,-1,-1,3,0,10,11,0,0,7,0,10,0,12,6,0,0,0,9,0,0,0,12,2
M1.CTCCTAGGTTCCGTCT-1,11,14,13,0,4,-1,-1,-1,3,0,10,11,0,0,7,0,10,0,2,0,15,0,0,9,0,0,0,12,2
clade_125,0,0:0.18/6:0.82,0,0,0,0,0,0,3,0,0,0,0,0,0:0.06/7:0.94,0,0,0:0.9/5:0.1,0:0.9/5:0.1,0:0.9/3:0.1,0,0,0,0,0,0,0,0,2
RW.CCCAATCCATCACGAT-1,0,6,4,0,0,6,0,0,3,0,0,7,0,6,7,0,0,5,5,3,0,0,0,0,0,0,5,0,2
RE.GACTGCGAGTCAAGGC-1,0,6,0,0,0,0,0,0,3,7,0,0,0,3,-1,-1,-1,-1,-1,-1,-1,-1,-1,-1,-1,-1,0,0,2
clade_119,0,0,0,0,0,0,0,0,0,0,0,0,0,0,0,0,0,0:0.96/-1:0.03/2:0.001/3:0.001/4:0.001/5:0.001/0:0.001/6:0.001/7:0.001/8:0.001/9:0.001,0:0.96/-1:0.03/2:0.001/3:0.001/0:0.001/4:0.001/5:0.001/6:0.001/7:0.001/8:0.001/9:0.001/10:0.001/11:0.001/12:0.001/13:0.001/14:0.001/15:0.001,0:0.96/-1:0.03/0:0.001/2:0.001/3:0.001/4:0.001/5:0.001/6:0.001/7:0.001/8:0.001/9:0.001,0,0,0,0:0.99/7:0.01,0:0.99/11:0.01,0:0.99/11:0.01,0,0,0
RE.TGCACCTTCAGATAAG-1,0,0,0,-1,-1,10,0,5,0,0,0,-1,-1,-1,0,0,0,-1,-1,-1,0,0,0,-1,-1,-1,0,0,5
M2.CAGTCCTCAATCTACG-1,8,10,11,0,0,0,7,8,8,0,0,0,0,0,14,6,4,-1,-1,-1,0,0,7,7,11,11,12,11,0
