((((((RW.GGGCACTCACTGTTAG-1:5.003,(((RW.GAAGCAGGTGCAGACA-1:0.062,(RW.AAACCTGTCCGTTGTC-1:0.001,RW.GCACTCTGTGAGCGAT-1:0.001)clade_54:3.062)clade_53:2.942,((((RW.GGTGCGTTCCATGAGT-1:0,RW.AAACGGGAGGCCGAAT-1:0)clade_49:0.047,RW.GTAGGCCGTGCAGGTA-1:3.047)I18:2.973,((RW.CGAGCACAGACGCAAC-1:0,RW.GAACCTATCCTCGCAT-1:0)I17:0,RW.CGTGAGCCAGTGAGTG-1:1)I16:0.017)clade_48:0.983,(RW.TGAGGGACACCAGATT-1:2,RW.TATTACCGTGTAACGG-1:0)I15:0)I14:0)clade_55:0.001,(RW.GTGCGGTAGGTTACCT-1:6.02,(((RW.GGGTCTGCACTGCCAG-1:1,(RW.ACGATGTTCTGATACG-1:0,RW.CAGAGAGGTATATCCG-1:0)I13:0)I12:0.001,(RW.GGTGTTAAGGTGATTA-1:3.109,RW.GACTACAGTGCAGTAG-1:1.109)clade_58:2.894)clade_56:0.001,RW.CTCGGAGGTAAGGATT-1:2.002)I11:0.018)I10:2.982)clade_47:0.061)I9:2.633,(M1.CAGAATCAGCGTTTAC-1:0.28,M1.AGCGGTCTCTGAAAGA-1:3.06)clade_45:6.826)clade_42:2.506,(((RE.GTACTCCCAATGGATA-1:1,RE.CGCCAAGGTGTTTGTG-1:0)clade_66:0,(RE.CGCTTCAAGAACAATC-1:1.002,RE.GGGCATCAGCGGCTTC-1:0.002)clade_69:0.998)clade_68:1.027,(RE.GAGCAGAGTCGCGGTT-1:1.717,(RE.ACGGAGATCAACGGGA-1:3.057,RE.AGAATAGCAAACCCAT-1:0.071)I8:2.986)clade_71:2.31)clade_65:5.173)clade_39:5.813,(((Liv.TCCACACGTTATTCTC-1:1.002,Liv.CGGTTAAGTATGAAAC-1:0.002)clade_10:3,((Liv.TACGGATAGTGCGATG-1:4,Liv.ATCATCTAGGACATTA-1:2)I7:0,(Liv.ACTTGTTCACATGTGT-1:3.01,Liv.GTACTTTGTCGCATAT-1:0.01)clade_5:0.99)I6:0.001)clade_9:1.056,Liv.GTACTTTAGCCCGAAA-1:10.193)clade_3:7.945)I5:0.025,(((((M2.CCGTTCAAGTCGCCGT-1:7.002,M1.GTAACGTCATGCCTAA-1:4.002)I4:0,M1.CAAGAAATCGGTGTTA-1:12.002)I3:0.003,M1.ACGCCGACAAAGGCGT-1:10)clade_22:0.006,(M1.ATAACGCAGACTGTAA-1:5.372,(((M2.ACCTTTATCATGGTCA-1:6.06,M2.ACTTACTAGTGACATA-1:0.854)clade_31:1.146,(M2.AGTGTCAGTCTCTTAT-1:3.013,M2.GACGCGTGTTACGCGC-1:0.013)clade_29:0.987)I2:0.006,M2.CACAGTAAGGTGTTAA-1:5.006)clade_28:4.366)clade_25:3.654)clade_19:2.038,(M1.GTATCTTCAACTGGCC-1:11.177,(M1.TTCCCAGCATGTTGAC-1:8.155,(M1.CTCTGGTAGGAGTTGC-1:5.097,M1.ACGGGTCCAAGCCGTC-1:3.097)clade_15:4.966)clade_18:0.123)clade_13:2.877)I1:0.951)root:0)I0;
I0,0,0,0,0,0,0,0,0,0,0,0,0,0,0,0,0,0,0,0,0,0,0,0,0,0,0,0
root,0,0,0,0,0,0,0,0,0,0,0,0,0,0,0,0,0,0,0,0,0,0,0,0,0,0,0
I1,0,0,0:0.05/3:0.95,0,0,0,0,0,0,0,0,0,0,0,0,0,0,0,0,0,0,0,0,0,0,0,0
clade_13,0,0,0:0.01/3:0.99,0,0,0,0,0,0,0,0,0,0,0,0,0:0.05/-1:0.94/2:0.003/0:0.003/3:0.003/4:0.003,0:0.05/-1:0.94/2:0.002/0:0.002/3:0.002/4:0.002/5:0.002/6:0.002,0:0.05/-1:0.94/0:0.003/2:0.003/3:0.003/4:0.003,0,0,0,0,0,0,0,0,0
clade_18,0,0,0:0.01/3:0.99,0:0.97/2:0.03,0,0,0,0,0,0,0,0,0,0,0,0:0.05/-1:0.95,0:0.05/-1:0.95,0:0.05/-1:0.95,0:0.97/5:0.03,0:0.97/5:0.03,0,0,0,0,0,0,0
clade_15,0:0.02/3:0.98,0,3,0:0.02/2:0.98,0,0,0,0,0,0,0,0,0,0,0,-1,-1,-1,0:0.01/5:0.99,0:0.01/5:0.99,0,0,0,0,0:0.02/3:0.98,0,0
M1.ACGGGTCCAAGCCGTC-1,3,0,3,2,0,0,0,0,0,0,0,0,0,6,0,-1,-1,-1,5,5,0,4,6,0,3,0,0
M1.CTCTGGTAGGAGTTGC-1,3,0,3,2,3,5,5,0,0,0,0,0,6,0,0,-1,-1,-1,5,5,0,0,4,0,3,0,0
M1.TTCCCAGCATGTTGAC-1,0,0,3,-1,-1,-1,0,0,0,0,0,2,0,0,5,-1,-1,-1,-1,-1,-1,0,0,0,0,0,0
M1.GTATCTTCAACTGGCC-1,-1,-1,-1,0,0,0,4,0,0,4,4,0,5,0,0,-1,-1,-1,0,0,0,4,0,0,4,3,3
clade_19,0,0,3,0,0,0,0,0,0,0,0,0:0.01/2:0.99,0,0,0,0,0,0,0,0,0,4,0,0,0,0,0
clade_25,0:0.1/-1:0.89/2:0.002/0:0.002/3:0.002/4:0.002/5:0.002,0:0.1/-1:0.89/0:0.003/2:0.003/3:0.003,-1:0.89/3:0.11,0,0,0,0,0,0,0,0,2,0,0,0,0,0,0,0,0,0,4,0,0,0,0,0:0.05/2:0.95
clade_28,-1,-1,-1,3,0,0,4,0,0,3,0,2,0,0,3,0,0,0,0,0,0,4,0,0,0,0,2
M2.CACAGTAAGGTGTTAA-1,-1,-1,-1,3,0,0,4,0,0,3,0,2,4,0,3,0,0,0,4,4,0,4,0,0,3,2,2
I2,-1,-1,-1,3,0,0,4,0,0,3,0,2,0,0,3,0,0,0,0,0,0,4,0,0,0,0,2
clade_29,-1,-1,-1,3,0,0,4,0,0,3,0,2,0,0,3,0,0:0.01/3:0.99,0,0,0,0,4,0,0,0,0,2
M2.GACGCGTGTTACGCGC-1,-1,-1,-1,3,0,0,4,0,0,3,0,2,0,0,3,0,3,0,0,0,0,4,0,0,0,0,2
M2.AGTGTCAGTCTCTTAT-1,-1,-1,-1,3,0,0,4,0,0,3,0,2,0,0,3,0,3,0,0,0,0,-1,-1,-1,0,0,2
clade_31,-1,-1,-1,3,0,0,4,0,0,3,0,2,0,0,3,0,0,0:0.79/4:0.21,0,0,0,4,0:0.06/3:0.94,0,0,0,2
M2.ACTTACTAGTGACATA-1,-1,-1,-1,3,0,0,4,0,0,3,0,2,0,0,3,0,0,4,0,0,0,4,3,0,0,0,2
M2.ACCTTTATCATGGTCA-1,-1,-1,-1,3,0,0,4,0,0,3,0,2,0,0,3,-1,-1,-1,0,0,0,4,3,0,-1,-1,-1
M1.ATAACGCAGACTGTAA-1,-1,-1,-1,5,0,0,0,0,0,0,0,2,0,0,0,0,0,0,6,6,4,4,0,0,5,0,2
clade_22,0,0,3,0,0,0,0,0,0,0,0,2,0,0,0,0,0,0,0,0,0,4,0,0,0,0,0
M1.ACGCCGACAAAGGCGT-1,0,0,3,6,0,0,0,0,0,-1,-1,-1,0,0,0,-1,-1,-1,0,7,0,4,0,0,0,4,4
I3,0,0,3,0,0,0,0,0,0,0,0,2,0,0,0,0,0,0,0,0,0,4,0,0,0,0,0
M1.CAAGAAATCGGTGTTA-1,4,0,3,4,0,0,4,3,0,5,5,2,7,5,6,2,0,0,6,0,0,4,5,0,0,0,0
I4,0,0,3,0,0,0,0,0,0,0,0,2,0,0,0,0,0,0,0,0,0,4,0,0,0,0,0
M1.GTAACGTCATGCCTAA-1,0,0,3,0,0,4,0,2,0,0,0,2,0,0,0,3,4,0,0,0,0,4,0,0,0,0,0
M2.CCGTTCAAGTCGCCGT-1,0,0,3,2,0,3,0,0,0,0,0,2,0,4,4,0,0,0,3,0,3,4,0,0,2,0,0
I5,0,0,0,0,0,0,0,0,0,0,0,0,0,0,0,0,0,0,0,0,0,0,0,0,0:0.97/2:0.03,0,0
clade_3,0:0.02/5:0.98,0,0,0,0,0,0,0:0.02/4:0.98,0,0,0,0,0:0.04/-1:0.95/0:0.001/2:0.001/3:0.001/4:0.001/5:0.001/6:0.001/7:0.001,0:0.04/-1:0.95/0:0.002/2:0.002/3:0.002/4:0.002/5:0.002/6:0.002,0:0.04/-1:0.95/2:0.002/0:0.002/3:0.002/4:0.002/5:0.002/6:0.002,0,0,0:0.29/4:0.71,0,0:0.29/8:0.71,0:0.29/5:0.71,0,0,0,0:0.02/2:0.98,0,0
Liv.GTACTTTAGCCCGAAA-1,5,0,0,-1,-1,-1,0,4,0,0,0,0,-1,-1,-1,-1,-1,-1,-1,-1,-1,5,0,0,2,0,0
clade_9,5,0,0,0,0,0,0,4,0,0,0,0,-1,-1,-1,0,0,4,0,8,5,0,0,0,2,0,0
I6,5,0,0,0,0,0,0,4,0,0,0,0,-1,-1,-1,0,0,4,0,8,5,0,0,0,2,0,0
clade_5,5,0,0,0,0,0,0,4,0,0,0,0,-1,-1,-1,0,0,4,0:0.01/7:0.99,8,5,0,0,0,2,0,0
Liv.GTACTTTGTCGCATAT-1,5,0,0,0,0,0,0,4,0,0,0,0,-1,-1,-1,0,0,4,7,8,5,0,0,0,2,0,0
Liv.ACTTGTTCACATGTGT-1,5,0,0,0,4,0,0,4,5,0,6,0,-1,-1,-1,0,0,4,7,8,5,0,0,0,2,0,0
I7,5,0,0,0,0,0,0,4,0,0,0,0,-1,-1,-1,0,0,4,0,8,5,0,0,0,2,0,0
Liv.ATCATCTAGGACATTA-1,5,0,0,0,0,0,0,4,0,0,0,0,-1,-1,-1,0,0,4,0,8,5,0,0,2,2,0,2
Liv.TACGGATAGTGCGATG-1,-1,-1,-1,0,0,0,0,4,0,0,0,0,-1,-1,-1,4,0,4,0,8,5,0,0,0,2,0,0
clade_10,5,0,4,0,0,0,0,4,0,6,0,0,-1,-1,-1,0,6,4,0,8,5,0,0,0,2,0,0
Liv.CGGTTAAGTATGAAAC-1,5,0,4,0,0,0,0,4,0,6,0,0,-1,-1,-1,0,6,4,0,8,5,0,0,0,2,0,0
Liv.TCCACACGTTATTCTC-1,5,0,4,0,0,0,0,4,0,6,0,0,-1,-1,-1,0,6,4,0,8,5,0,0,2,2,0,0
clade_39,0,0,0,0:0.03/2:0.97,0,0:0.03/2:0.97,0,0,0,0,0,0,0,0,0,0:0.02/2:0.98,0,0,0,0,0,0,0,0,0:0.04/-1:0.96,0:0.04/-1:0.96,0:0.04/-1:0.96
clade_65,0,0,0,2,0,2,0,0,0:0.01/4:0.99,2,3,0,0,0,0,2,0,0,0,3,0:0.01/2:0.99,0,0,0,-1,-1,-1
clade_71,0,0:0.66/2:0.34,0,2,0,2,0,0,4,2,3,0,0,0:0.03/3:0.97,0,2,0,0,0,3,2,0:0.02/3:0.98,0,0,-1,-1,-1
I8,0:0.02/-1:0.98,0:0.01/-1:0.98/2:0.01,0:0.02/-1:0.98,2,0,2,0,0,4,2,3,0,0,0:0.01/3:0.99,0,2,0,0,0,3,2,3,0,0,-1,-1,-1
RE.AGAATAGCAAACCCAT-1,-1,-1,-1,2,0,2,0,0,4,2,3,0,0,3,0,2,0,0,0,3,2,3,0,0,-1,-1,-1
RE.ACGGAGATCAACGGGA-1,-1,-1,-1,2,0,2,0,0,4,2,3,0,-1,-1,-1,2,0,0,0,3,2,3,0,0,-1,-1,-1
RE.GAGCAGAGTCGCGGTT-1,0,2,0,2,0,2,0,0,4,2,3,0,0,3,0,2,0,3,0,3,2,3,0,0,-1,-1,-1
clade_68,0,0,0,2,0,2,0,0,4,2,3,0,0,2,0,2,0,0,0,3,2,0,0,0,-1,-1,-1
clade_69,0,0,0,2,0,2,0,0,4,2,3,0,0,2,0,2,0,0,0,3,2,3,0,0,-1,-1,-1
RE.GGGCATCAGCGGCTTC-1,0,0,0,2,0,2,0,0,4,2,3,0,0,2,0,2,0,0,0,3,2,3,0,0,-1,-1,-1
RE.CGCTTCAAGAACAATC-1,0,3,0,2,0,2,0,0,4,2,3,0,0,2,0,2,0,0,0,3,2,3,0,0,-1,-1,-1
clade_66,0,0,0,2,0,2,0,0,4,2,3,0,0,2,0,2,0,0,0,3,2,0,0,0,-1,-1,-1
RE.CGCCAAGGTGTTTGTG-1,0,0,0,2,0,2,0,0,4,2,3,0,0,2,0,2,0,0,0,3,2,0,0,0,-1,-1,-1
RE.GTACTCCCAATGGATA-1,0,0,0,2,0,2,3,0,4,2,3,0,0,2,0,2,0,0,0,3,2,0,0,0,-1,-1,-1
clade_42,0,0,0,0:0.01/2:0.99,0,0:0.02/2:0.98,0:0.05/2:0.95,0,0,0,0,0,0,0,0:0.04/2:0.96,2,0,0,0:0.56/2:0.44,0,0,0,0,0,-1:0.99/2:0.01,-1:0.99/0:0.003/2:0.003/3:0.003/4:0.003,-1:0.99/2:0.003/0:0.003/3:0.003/4:0.003
clade_45,0,0,0,-1:0.99/2:0.01,0:0.01/-1:0.99,-1:0.99/2:0.01,2,0,0,0,0,0,0,0,2,2,0:0.22/5:0.78,0,-1:0.99/2:0.01,0:0.01/-1:0.99,0:0.01/-1:0.99,0,0,0,-1,-1,-1
M1.AGCGGTCTCTGAAAGA-1,0,0,0,-1,-1,-1,2,0,0,0,0,0,0,0,2,-1,-1,-1,-1,-1,-1,0,0,0,-1,-1,-1
M1.CAGAATCAGCGTTTAC-1,0,0,0,-1,-1,-1,2,0,0,0,0,0,0,0,2,2,5,0,-1,-1,-1,0,0,0,-1,-1,-1
I9,0,0,0,2,0,2,2,0,0,0,0,0,0,0,2,2,2,0,2,0,0,0:0.06/2:0.94,0,0,-1,-1,-1
clade_47,0,0,0,2,0,2,2,0,0,0,0,0,0,0,2,2,2,0,2,0,0,2,0,0,-1,-1,-1
I10,0:0.01/-1:0.99,0:0.01/-1:0.99,0:0.01/-1:0.99,2,0,2,2,0,0,0,0,0,0,0,2,2,2,0,2,0,0,2,0,0,-1,-1,-1
I11,-1,-1,-1,2,0,2,2,0,0,0,0,0,0,0,2,2,2,0,2,0,0,2,0,0,-1,-1,-1
RW.CTCGGAGGTAAGGATT-1,-1,-1,-1,2,0,2,2,0,0,0,0,0,3,0,2,2,2,0,2,0,0,2,2,0,-1,-1,-1
clade_56,-1,-1,-1,2,0,2,2,0,0,0,0,0,0,0,2,2,2,0,2,0,0,2,0,0,-1,-1,-1
clade_58,-1,-1,-1,2,0,2,2,0,0,0,0,0,0,0,2,-1:0.96/2:0.04,-1:0.96/2:0.04,0:0.03/-1:0.96/0:0.003/2:0.003/3:0.003/4:0.003,2,0,0,2,0,0,-1,-1,-1
RW.GACTACAGTGCAGTAG-1,-1,-1,-1,2,0,2,2,0,0,0,0,0,0,0,2,-1,-1,-1,2,0,0,2,0,2,-1,-1,-1
RW.GGTGTTAAGGTGATTA-1,-1,-1,-1,2,0,2,-1,-1,-1,0,0,0,0,0,2,-1,-1,-1,2,0,0,2,0,0,-1,-1,-1
I12,-1,-1,-1,2,0,2,2,0,0,0,0,0,0,0,2,2,2,0,2,0,0,2,0,0,-1,-1,-1
I13,-1,-1,-1,2,0,2,2,0,0,0,0,0,0,0,2,2,2,0,2,0,0,2,0,0,-1,-1,-1
RW.CAGAGAGGTATATCCG-1,-1,-1,-1,2,0,2,2,0,0,0,0,0,0,0,2,2,2,0,2,0,0,2,0,0,-1,-1,-1
RW.ACGATGTTCTGATACG-1,-1,-1,-1,2,0,2,2,0,0,0,0,0,0,0,2,2,2,0,2,0,0,2,0,0,-1,-1,-1
RW.GGGTCTGCACTGCCAG-1,-1,-1,-1,2,0,2,2,0,2,0,0,0,0,0,2,2,2,0,2,0,0,2,0,0,-1,-1,-1
RW.GTGCGGTAGGTTACCT-1,-1,-1,-1,2,0,2,-1,-1,-1,0,0,0,0,0,2,2,2,0,2,0,0,-1,-1,-1,-1,-1,-1
clade_55,0,0,0,2,0,2,2,0,0,0,0,0,0,0,2,2,2,0,2,0,0,2,0,0,-1,-1,-1
I14,0,0,0,2,0,2,2,0,0,0,0,0,0,0,2,2,2,0,2,0,0,2,0,0,-1,-1,-1
I15,0,0,0,2,0,2,2,0,0,0,0,0,0,0,2,2,2,0,2,0,0,2,0,0,-1,-1,-1
RW.TATTACCGTGTAACGG-1,0,0,0,2,0,2,2,0,0,0,0,0,0,0,2,2,2,0,2,0,0,2,0,0,-1,-1,-1
RW.TGAGGGACACCAGATT-1,2,0,2,2,0,2,2,0,0,0,0,0,0,0,2,2,2,0,2,0,0,2,0,0,-1,-1,-1
clade_48,0,0,0,2,0,2,2,0,0,0:0.02/2:0.98,0,0,0,0,2,2,2,0,2,0,0,2,0,0,-1,-1,-1
I16,0,0,0,2,0,2,2,0,0,2,0,0,0,0,2,2,2,0,2,0,0,2,0,0,-1,-1,-1
RW.CGTGAGCCAGTGAGTG-1,0,0,0,2,0,2,2,0,0,2,0,0,0,0,2,2,2,2,2,0,0,2,0,0,-1,-1,-1
I17,0,0,0,2,0,2,2,0,0,2,0,0,0,0,2,2,2,0,2,0,0,2,0,0,-1,-1,-1
RW.GAACCTATCCTCGCAT-1,0,0,0,2,0,2,2,0,0,2,0,0,0,0,2,2,2,0,2,0,0,2,0,0,-1,-1,-1
RW.CGAGCACAGACGCAAC-1,0,0,0,2,0,2,2,0,0,2,0,0,0,0,2,2,2,0,2,0,0,2,0,0,-1,-1,-1
I18,0:0.01/-1:0.98/2:0.002/0:0.002/3:0.002/4:0.002/5:0.002,0:0.01/-1:0.98/0:0.003/2:0.003/3:0.003,0:0.01/-1:0.98/2:0.003/0:0.003/3:0.003/4:0.003,2,0,2,2,0,0,2,0,0,0,0,2,2,2,0,2,0,0,2,0,0,-1,-1,-1
RW.GTAGGCCGTGCAGGTA-1,-1,-1,-1,2,2,2,2,0,0,2,2,0,2,0,2,2,2,0,2,0,0,2,0,0,-1,-1,-1
clade_49,-1,-1,-1,2,0,2,2,0,0,2,0,0,0,0,2,2,2,0,2,0,0,2,0,0,-1,-1,-1
RW.AAACGGGAGGCCGAAT-1,-1,-1,-1,2,0,2,2,0,0,2,0,0,0,0,2,2,2,0,2,0,0,2,0,0,-1,-1,-1
RW.GGTGCGTTCCATGAGT-1,-1,-1,-1,2,0,2,2,0,0,2,0,0,0,0,2,2,2,0,2,0,0,2,0,0,-1,-1,-1
clade_53,0,0,0,2,0,2,-1:0.98/2:0.02,0:0.02/-1:0.98,0:0.02/-1:0.98,0,0,0,0,0,2,2,2,0,2,0,0,2,0,0,-1,-1,-1
clade_54,-1,-1,-1,2,0,2,-1,-1,-1,0,0,0,0,0,2,2,2,0,2,0,0,2,0,0,-1,-1,-1
RW.GCACTCTGTGAGCGAT-1,-1,-1,-1,2,0,2,-1,-1,-1,0,0,0,0,0,2,2,2,0,2,0,0,2,0,0,-1,-1,-1
RW.AAACCTGTCCGTTGTC-1,-1,-1,-1,2,0,2,-1,-1,-1,0,0,0,0,0,2,2,2,0,2,0,0,2,0,0,-1,-1,-1
RW.GAAGCAGGTGCAGACA-1,0,0,0,2,0,2,-1,-1,-1,0,0,0,0,0,2,2,2,0,2,0,0,2,0,0,-1,-1,-1
RW.GGGCACTCACTGTTAG-1,0,0,0,2,0,2,2,0,3,0,0,0,0,0,2,2,2,0,2,2,0,-1,-1,-1,-1,-1,-1
