(((((((((M2.GGGCACTCACATGACT-1:6.339,M2.CGTTAGAGTGCGCTTG-1:10.861)clade_24:0.764,M2.CTCGTACAGTCCAGGA-1:7.825)clade_21:3.076,(((M2.CCTCTGATCCCTCTTT-1:7.3,M2.GACAGAGAGATATACG-1:3.001)I3:0,M2.ACCTTTATCTGATTCT-1:9.581)I2:0.006,M2.TCGTACCAGATGCCAG-1:10.767)clade_30:7.175)clade_20:4.889,((M2.CTCTGGTGTGCTTCTC-1:9.31,(M2.TAAGTGCCACTGCCAG-1:0.088,M2.ACGCAGCAGATGCCTT-1:0.072)clade_45:4.4)clade_41:8.15,(M1.GGATTACCACGGTAAG-1:12.35,M2.GGCAATTAGGAATCGC-1:16.471)clade_50:2.081)clade_40:1.494)clade_18:0.028,(M2.TTATGCTCAATCTACG-1:14.6,M1.CGTTCTGGTCAGGACA-1:18.847)clade_64:1.901)clade_55:0.979,M2.AGTTGGTAGCAGACTG-1:18.453)clade_17:0.983,(M1.AACTCTTCAGCGATCC-1:14.007,M1.TAGTGGTGTATGGTTC-1:20.241)clade_60:3.46)I1:9.974,(M1.GGGAATGCAGGGTACA-1:29.188,(((((RE.ACGCAGCTCTTGAGGT-1:0.04,RE.CTTACCGAGATGTGTA-1:0.041)clade_88:14.117,M1.TCAGCTCCACAGCCCA-1:16.326)clade_85:10.102,(RE.AGCGTATTCGCACTCT-1:6.223,RW.AACCATGAGCGATATA-1:4.206)clade_13:18.729)clade_69:9.571,((RE.CGTTGGGCATCCCACT-1:28.155,RW.GGTGTTAGTCATGCCG-1:30.756)clade_73:3.314,(M2.CGCTATCAGCGTGAAC-1:28.353,((RW.GTTAAGCGTTGGACCC-1:10.792,RE.TCATTTGCAGTCGTGC-1:11.129)clade_80:17,RW.GGTGTTACAATGGTCT-1:29.96)clade_71:6.012)clade_70:0.264)clade_1:0.915)clade_2:0.269,M2.CACACCTCATGCAACT-1:30.123)clade_3:1.048)clade_5:4.663)root:0)I0;
I0,0,0,0,0,0,0,0,0,0,0,0,0,0,0,0,0,0,0,0,0,0,0,0,0,0,0,0,0,0,0,0,0,0,0,0,0,0,0,0,0,0,0,0,0
root,0,0,0,0,0,0,0,0,0,0,0,0,0,0,0,0,0,0,0,0,0,0,0,0,0,0,0,0,0,0,0,0,0,0,0,0,0,0,0,0,0,0,0,0
clade_5,0,0,0,0,0,0,0,0,0,0,0,0,0,0,0,0,0,0,0,0,0,0,0,0,0,0,0,0,0,0,0,0,0,0,0,0,0,0,0,0:0.07/-1:0.93,0:0.07/-1:0.93,0:0.07/-1:0.93,0:0.07/-1:0.93,0:0.07/-1:0.93
clade_3,0,0:0.27/2:0.73,0,0,0,0,0,0,0,0,0,0,0,0,0,0,0,0,0,0,0,0,0,0,0,0,0,0,0,0,0,0,0,0,0,0,0,0,0,0:0.01/-1:0.99,0:0.01/-1:0.99,0:0.01/-1:0.99,0:0.01/-1:0.99,0:0.01/-1:0.99
M2.CACACCTCATGCAACT-1,0:0.07/-1:0.76/2:0.028/3:0.028/0:0.028/4:0.028/5:0.028/6:0.028,0:0.02/-1:0.76/2:0.22,0:0.07/-1:0.76/2:0.024/3:0.024/4:0.024/0:0.024/5:0.024/6:0.024/7:0.024,0:0.07/-1:0.76/2:0.057/0:0.057/3:0.057,0:0.07/-1:0.76/2:0.057/3:0.057/4:0.057,0:0.07/-1:0.76/2:0.043/3:0.043/0:0.043/4:0.043,0,7,0,0:0.07/-1:0.76/2:0.028/3:0.028/4:0.028/5:0.028/6:0.028/7:0.028,0:0.07/-1:0.76/0:0.034/2:0.034/3:0.034/4:0.034/5:0.034,0:0.07/-1:0.76/2:0.043/3:0.043/4:0.043/0:0.043,0:0.07/-1:0.76/2:0.019/3:0.019/4:0.019/5:0.019/0:0.019/6:0.019/7:0.019/8:0.019/9:0.019,0:0.07/-1:0.76/2:0.021/3:0.021/4:0.021/5:0.021/6:0.021/7:0.021/0:0.021/8:0.021,0:0.07/-1:0.76/0:0.019/2:0.019/3:0.019/4:0.019/5:0.019/6:0.019/7:0.019/8:0.019/9:0.019,9,0,3,4,7,8,6,0,0,0,8,0,10,10,8,2,9,0,6,10,11,5,8,7,-1,-1,-1,-1,-1
clade_2,0,0:0.04/2:0.96,0,0,0,0,0,0,0,0,0,0,0,0,0,0,0,0,0,0,0,0,0,0,0,0,0,0,0,0,0,0,0,0,0,0,0,0,0,-1,-1,-1,-1,-1
clade_1,0,2,0,0,0,0,0,0,0:0.12/2:0.88,0,0,0,0,0,0,0,0,0,0,0,0,0,0,0,0,0,0,0,0,0,0,0,0,0,0,0,0,0,0,-1,-1,-1,-1,-1
clade_70,0:0.97/2:0.03,2,0:0.97/2:0.03,0,0,0,0,0,0:0.09/2:0.91,0,0,0,0,0,0,0,0,0,0,0,0,0,0,0,0:0.97/3:0.03,0,0,0,0:0.91/3:0.09,0,0:0.99/9:0.01,0:0.99/8:0.01,0:0.99/3:0.01,0:0.99/5:0.01,0:0.99/9:0.01,0:0.99/10:0.01,0,0,0,-1,-1,-1,-1,-1
clade_71,0:0.29/2:0.71,2,0:0.26/2:0.74,0:0.47/2:0.53,0,0,0,0,0:0.02/2:0.98,0,0,0,0,0,0,0,0,0,0,0,0,0,0,0,0:0.3/3:0.7,0,0,0:0.85/4:0.15,0:0.77/3:0.23,0,0:0.56/-1:0.37/9:0.07,0:0.56/-1:0.37/8:0.07,0:0.56/-1:0.37/3:0.07,0:0.56/-1:0.37/5:0.07,0:0.56/-1:0.37/9:0.07,0:0.56/-1:0.37/10:0.07,0:0.85/3:0.15,0:0.85/3:0.15,0:0.85/3:0.15,-1,-1,-1,-1,-1
RW.GGTGTTACAATGGTCT-1,2,2,2,2,3,3,4,2,2,4,2,4,4,4,0,4,4,3,4,3,4,4,4,2,3,3,3,0:0.07/-1:0.73/4:0.2,0:0.06/-1:0.73/3:0.21,0:0.08/-1:0.73/2:0.021/3:0.021/0:0.021/4:0.021/5:0.021/6:0.021/7:0.021/8:0.021/9:0.021,0:0.05/-1:0.83/9:0.12,0:0.05/-1:0.83/8:0.12,0:0.05/-1:0.83/3:0.12,0:0.05/-1:0.83/5:0.12,0:0.05/-1:0.83/9:0.12,0:0.05/-1:0.83/10:0.12,3,3,3,-1,-1,-1,-1,-1
clade_80,0:0.02/2:0.98,2,0:0.01/2:0.99,0:0.05/2:0.95,0:0.1/2:0.9,0:0.08/2:0.92,0:0.04/2:0.96,0,2,0:0.05/2:0.95,0,0,0:0.04/2:0.96,0,0,0:0.04/2:0.96,0,0:0.04/2:0.96,0:0.05/2:0.95,0,0,0:0.41/2:0.59,0:0.41/2:0.59,0,0:0.12/3:0.88,0,0:0.41/4:0.59,0:0.35/4:0.65,0:0.32/3:0.68,0,0:0.09/-1:0.83/9:0.08,0:0.09/-1:0.83/8:0.08,0:0.09/-1:0.83/3:0.08,0:0.09/-1:0.83/5:0.08,0:0.09/-1:0.83/9:0.08,0:0.09/-1:0.83/10:0.08,0:0.14/-1:0.73/3:0.13,0:0.14/-1:0.73/3:0.13,0:0.14/-1:0.73/3:0.13,-1,-1,-1,-1,-1
RE.TCATTTGCAGTCGTGC-1,2,2,2,2,2,2,2,4,2,2,4,0,2,5,3,2,0,2,2,5,6,0:0.09/-1:0.59/2:0.32,0:0.09/-1:0.59/2:0.32,0:0.21/-1:0.59/0:0.04/2:0.04/3:0.04/4:0.04/5:0.04,3,0,4,4,3,0,0:0.02/-1:0.93/9:0.05,0:0.02/-1:0.93/8:0.05,0:0.02/-1:0.93/3:0.05,0:0.02/-1:0.93/5:0.05,0:0.02/-1:0.93/9:0.05,0:0.02/-1:0.93/10:0.05,0:0.03/-1:0.89/3:0.08,0:0.03/-1:0.89/3:0.08,0:0.03/-1:0.89/3:0.08,-1,-1,-1,-1,-1
RW.GTTAAGCGTTGGACCC-1,2,2,2,2,2,2,2,0,2,2,0,2,2,2,0,2,2,2,2,0,2,2,2,0,0:0.03/-1:0.59/3:0.38,0:0.21/-1:0.59/2:0.02/3:0.02/4:0.02/0:0.02/5:0.02/6:0.02/7:0.02/8:0.02/9:0.02/10:0.02,0:0.09/-1:0.59/4:0.32,0:0.07/-1:0.59/4:0.34,0:0.07/-1:0.59/3:0.34,0:0.21/-1:0.59/2:0.022/3:0.022/0:0.022/4:0.022/5:0.022/6:0.022/7:0.022/8:0.022/9:0.022,0:0.02/-1:0.93/9:0.05,0:0.02/-1:0.93/8:0.05,0:0.02/-1:0.93/3:0.05,0:0.02/-1:0.93/5:0.05,0:0.02/-1:0.93/9:0.05,0:0.02/-1:0.93/10:0.05,0:0.03/-1:0.89/3:0.08,0:0.03/-1:0.89/3:0.08,0:0.03/-1:0.89/3:0.08,-1,-1,-1,-1,-1
M2.CGCTATCAGCGTGAAC-1,0:0.07/-1:0.75/2:0.18,-1:0.75/2:0.25,0:0.07/-1:0.75/2:0.18,0,4,4,0,6,2,7,0,0,5,6,6,2,0,0,0,6,7,4,7,5,0:0.07/-1:0.75/3:0.18,0:0.07/-1:0.75/2:0.018/3:0.018/4:0.018/0:0.018/5:0.018/6:0.018/7:0.018/8:0.018/9:0.018/10:0.018,0:0.07/-1:0.75/2:0.022/3:0.022/0:0.022/4:0.022/5:0.022/6:0.022/7:0.022/8:0.022,0,3,6,9,8,3,5,9,10,0,7,6,-1,-1,-1,-1,-1
clade_73,0,2,0,0:0.8/-1:0.14/2:0.02/0:0.02/3:0.02,0:0.8/-1:0.14/2:0.02/3:0.02/4:0.02,0:0.8/-1:0.14/2:0.015/3:0.015/0:0.015/4:0.015,0:0.91/3:0.09,0,0:0.11/2:0.89,0:0.91/3:0.09,0,0:0.91/3:0.09,0:0.91/3:0.09,0:0.91/3:0.09,0:0.91/2:0.09,0,0,0,0,0,0,0:0.91/3:0.09,0:0.91/3:0.09,0,0:0.45/2:0.55,0,0,0,0,0:0.45/2:0.55,0:0.91/2:0.09,0:0.91/2:0.09,0:0.91/2:0.09,0,0:0.38/2:0.62,0,0,0,0,-1,-1,-1,-1,-1
RW.GGTGTTAGTCATGCCG-1,3,2,3,0:0.06/-1:0.78/2:0.053/0:0.053/3:0.053,0:0.06/-1:0.78/2:0.053/3:0.053/4:0.053,0:0.06/-1:0.78/2:0.04/3:0.04/0:0.04/4:0.04,3,0,2,3,0,3,3,3,2,3,3,3,3,2,3,3,3,0,2,2,2,2,2,2,2,2,2,2,2,2,2,2,2,-1,-1,-1,-1,-1
RE.CGTTGGGCATCCCACT-1,0,2,4,0:0.06/-1:0.78/2:0.053/0:0.053/3:0.053,0:0.06/-1:0.78/2:0.053/3:0.053/4:0.053,0:0.06/-1:0.78/2:0.04/3:0.04/0:0.04/4:0.04,0:0.07/-1:0.74/3:0.19,0:0.08/-1:0.74/0:0.022/2:0.022/3:0.022/4:0.022/5:0.022/6:0.022/7:0.022/8:0.022,0:0.01/-1:0.74/2:0.25,0:0.07/-1:0.74/3:0.19,0:0.08/-1:0.74/0:0.036/2:0.036/3:0.036/4:0.036/5:0.036,0:0.07/-1:0.74/3:0.19,0:0.07/-1:0.74/3:0.19,0:0.07/-1:0.74/3:0.19,0:0.07/-1:0.74/2:0.19,2,6,6,6,0,0,0:0.07/-1:0.74/3:0.19,0:0.07/-1:0.74/3:0.19,0:0.08/-1:0.74/0:0.036/2:0.036/3:0.036/4:0.036/5:0.036,2,6,6,0,0,2,0:0.07/-1:0.74/2:0.19,0:0.07/-1:0.74/2:0.19,0:0.07/-1:0.74/2:0.19,4,2,4,3,5,0,-1,-1,-1,-1,-1
clade_69,0,0:0.02/2:0.98,0:0.55/2:0.45,0,0:0.7/3:0.3,0,0,0:0.08/3:0.92,0:0.09/3:0.91,0,0,0,0:0.2/-1:0.75/2:0.006/3:0.006/4:0.006/5:0.006/0:0.006/6:0.006/7:0.006/8:0.006/9:0.006,0:0.2/-1:0.75/2:0.006/3:0.006/4:0.006/5:0.006/6:0.006/7:0.006/0:0.006/8:0.006,0:0.2/-1:0.75/0:0.006/2:0.006/3:0.006/4:0.006/5:0.006/6:0.006/7:0.006/8:0.006/9:0.006,0,0,0,0:0.7/5:0.3,0:0.7/4:0.3,0:0.7/5:0.3,0,0,0:0.15/3:0.85,0,0,0,0:0.05/3:0.95,0,0:0.07/3:0.93,0,0:0.07/3:0.93,0,0,0,0,0,0,0,-1,-1,-1,-1,-1
clade_13,0:0.06/-1:0.87/2:0.012/3:0.012/0:0.012/4:0.012/5:0.012/6:0.012,-1:0.87/2:0.13,0:0.03/-1:0.87/2:0.1,0,0:0.02/3:0.98,0,0,3,3,0:0.01/5:0.99,0:0.02/3:0.98,0,0:0.01/-1:0.97/2:0.002/3:0.002/4:0.002/5:0.002/0:0.002/6:0.002/7:0.002/8:0.002/9:0.002,0:0.01/-1:0.97/2:0.003/3:0.003/4:0.003/5:0.003/6:0.003/7:0.003/0:0.003/8:0.003,0:0.01/-1:0.97/0:0.002/2:0.002/3:0.002/4:0.002/5:0.002/6:0.002/7:0.002/8:0.002/9:0.002,0,0:0.01/5:0.99,0:0.01/4:0.99,0:0.01/5:0.99,0:0.01/4:0.99,0:0.01/5:0.99,0:0.21/5:0.79,0,0:0.03/3:0.97,0:0.01/4:0.99,0:0.01/4:0.99,0,3,0,3,0:0.01/3:0.99,3,0,0:0.01/3:0.99,0:0.01/3:0.99,0,0:0.21/4:0.79,0:0.21/4:0.79,0:0.21/4:0.79,-1,-1,-1,-1,-1
RW.AACCATGAGCGATATA-1,0:0.02/-1:0.93/2:0.008/3:0.008/0:0.008/4:0.008/5:0.008/6:0.008,-1:0.93/2:0.07,0:0.01/-1:0.93/2:0.06,0,3,3,0,3,3,5,3,0,-1:0.98/2:0.002/3:0.002/4:0.002/5:0.002/0:0.002/6:0.002/7:0.002/8:0.002/9:0.002,-1:0.98/2:0.003/3:0.003/4:0.003/5:0.003/6:0.003/7:0.003/0:0.003/8:0.003,-1:0.98/0:0.002/2:0.002/3:0.002/4:0.002/5:0.002/6:0.002/7:0.002/8:0.002/9:0.002,0,5,4,5,4,5,5,0,3,4,4,0,3,0,3,3,3,3,3,3,3,4,4,4,-1,-1,-1,-1,-1
RE.AGCGTATTCGCACTCT-1,0:0.02/-1:0.93/2:0.008/3:0.008/0:0.008/4:0.008/5:0.008/6:0.008,-1:0.93/2:0.07,0:0.01/-1:0.93/2:0.06,3,3,0,0,3,3,5,3,0,-1:0.98/2:0.002/3:0.002/4:0.002/5:0.002/0:0.002/6:0.002/7:0.002/8:0.002/9:0.002,-1:0.98/2:0.003/3:0.003/4:0.003/5:0.003/6:0.003/7:0.003/0:0.003/8:0.003,-1:0.98/0:0.002/2:0.002/3:0.002/4:0.002/5:0.002/6:0.002/7:0.002/8:0.002/9:0.002,6,5,4,5,4,5,0:0.08/-1:0.43/5:0.49,0:0.4/-1:0.43/2:0.019/3:0.019/4:0.019/0:0.019/5:0.019/6:0.019/7:0.019/8:0.019/9:0.019,0:0.01/-1:0.43/3:0.56,4,4,0,3,0,3,3,3,0,3,3,5,0:0.08/-1:0.43/4:0.49,0:0.08/-1:0.43/4:0.49,0:0.08/-1:0.43/4:0.49,-1,-1,-1,-1,-1
clade_85,0,2,0:0.06/2:0.94,0:0.28/-1:0.63/2:0.03/0:0.03/3:0.03,0:0.2/-1:0.63/3:0.17,0:0.28/-1:0.63/2:0.022/3:0.022/0:0.022/4:0.022,0,0:0.01/3:0.99,0:0.01/3:0.99,0:0.62/6:0.38,0:0.62/5:0.38,0,0:0.06/-1:0.91/2:0.003/3:0.003/4:0.003/5:0.003/0:0.003/6:0.003/7:0.003/8:0.003/9:0.003,0:0.06/-1:0.91/2:0.004/3:0.004/4:0.004/5:0.004/6:0.004/7:0.004/0:0.004/8:0.004,0:0.06/-1:0.91/0:0.003/2:0.003/3:0.003/4:0.003/5:0.003/6:0.003/7:0.003/8:0.003/9:0.003,0,0,0:0.1/5:0.9,0:0.2/-1:0.63/5:0.17,0:0.2/-1:0.63/4:0.17,0:0.2/-1:0.63/5:0.17,0,0:0.09/5:0.91,0:0.02/3:0.98,0:0.62/5:0.38,0:0.62/5:0.38,0:0.62/5:0.38,3,0,0:0.01/3:0.99,0,0:0.01/3:0.99,0,0,0,0,0:0.62/3:0.38,0,0:0.62/5:0.38,-1,-1,-1,-1,-1
M1.TCAGCTCCACAGCCCA-1,5,2,2,0:0.04/-1:0.87/2:0.03/0:0.03/3:0.03,0:0.03/-1:0.87/3:0.1,0:0.04/-1:0.87/2:0.022/3:0.022/0:0.022/4:0.022,7,3,3,0:0.1/-1:0.65/6:0.25,0:0.1/-1:0.65/5:0.25,0:0.16/-1:0.65/2:0.048/3:0.048/4:0.048/0:0.048,0:0.01/-1:0.97/2:0.002/3:0.002/4:0.002/5:0.002/0:0.002/6:0.002/7:0.002/8:0.002/9:0.002,0:0.01/-1:0.97/2:0.003/3:0.003/4:0.003/5:0.003/6:0.003/7:0.003/0:0.003/8:0.003,0:0.01/-1:0.97/0:0.002/2:0.002/3:0.002/4:0.002/5:0.002/6:0.002/7:0.002/8:0.002/9:0.002,0,0,5,0:0.03/-1:0.87/5:0.1,0:0.03/-1:0.87/4:0.1,0:0.03/-1:0.87/5:0.1,7,5,3,0:0.1/-1:0.65/5:0.25,0:0.1/-1:0.65/5:0.25,0:0.1/-1:0.65/5:0.25,3,0,3,0,3,3,7,11,12,0:0.1/-1:0.65/3:0.25,0:0.16/-1:0.65/2:0.021/3:0.021/4:0.021/0:0.021/5:0.021/6:0.021/7:0.021/8:0.021/9:0.021,0:0.1/-1:0.65/5:0.25,-1,-1,-1,-1,-1
clade_88,0,2,2,0:0.01/-1:0.98/2:0.003/0:0.003/3:0.003,-1:0.98/3:0.02,0:0.01/-1:0.98/2:0.003/3:0.003/0:0.003/4:0.003,5,3,3,6,5,0,-1,-1,-1,5,0,5,-1:0.98/5:0.02,-1:0.98/4:0.02,-1:0.98/5:0.02,4,5,3,5,5,5,3,0,3,4,3,4,3,0,4,3,0,5,-1,-1,-1,-1,-1
RE.CTTACCGAGATGTGTA-1,0,2,2,0:0.01/-1:0.98/2:0.003/0:0.003/3:0.003,-1:0.98/3:0.02,0:0.01/-1:0.98/2:0.003/3:0.003/0:0.003/4:0.003,5,3,3,6,5,0,-1,-1,-1,5,0,5,-1:0.98/5:0.02,-1:0.98/4:0.02,-1:0.98/5:0.02,4,5,3,5,5,5,3,0,3,4,3,4,-1:0.01/3:0.99,0:0.98/-1:0.01/2:0.001/3:0.001/0:0.001/4:0.001/5:0.001/6:0.001/7:0.001/8:0.001/9:0.001/10:0.001/11:0.001/12:0.001,-1:0.01/4:0.99,3,0,5,-1,-1,-1,-1,-1
RE.ACGCAGCTCTTGAGGT-1,0,2,2,0:0.01/-1:0.98/2:0.003/0:0.003/3:0.003,-1:0.98/3:0.02,0:0.01/-1:0.98/2:0.003/3:0.003/0:0.003/4:0.003,5,3,3,6,5,0,-1,-1,-1,5,0,5,-1:0.98/5:0.02,-1:0.98/4:0.02,-1:0.98/5:0.02,-1:0.01/4:0.99,-1:0.01/5:0.99,-1:0.01/3:0.99,5,5,5,3,0,3,4,3,4,3,0,4,3,0,5,-1,-1,-1,-1,-1
M1.GGGAATGCAGGGTACA-1,0,8,0,0:0.06/-1:0.76/2:0.06/0:0.06/3:0.06,0:0.06/-1:0.76/2:0.06/3:0.06/4:0.06,0:0.06/-1:0.76/2:0.045/3:0.045/0:0.045/4:0.045,0:0.06/-1:0.76/2:0.022/3:0.022/4:0.022/0:0.022/5:0.022/6:0.022/7:0.022/8:0.022,0:0.06/-1:0.76/0:0.022/2:0.022/3:0.022/4:0.022/5:0.022/6:0.022/7:0.022/8:0.022,0:0.06/-1:0.76/2:0.026/3:0.026/4:0.026/0:0.026/5:0.026/6:0.026/7:0.026,0:0.06/-1:0.76/2:0.03/3:0.03/4:0.03/5:0.03/6:0.03/7:0.03,0:0.06/-1:0.76/0:0.036/2:0.036/3:0.036/4:0.036/5:0.036,0:0.06/-1:0.76/2:0.045/3:0.045/4:0.045/0:0.045,9,8,7,0,0,8,0,0,2,3,3,0,0:0.06/-1:0.76/2:0.02/3:0.02/4:0.02/5:0.02/6:0.02/7:0.02/0:0.02/8:0.02/9:0.02,0:0.06/-1:0.76/2:0.018/3:0.018/4:0.018/0:0.018/5:0.018/6:0.018/7:0.018/8:0.018/9:0.018/10:0.018,0:0.06/-1:0.76/2:0.022/3:0.022/0:0.022/4:0.022/5:0.022/6:0.022/7:0.022/8:0.022,11,11,9,0:0.06/-1:0.76/2:0.02/3:0.02/4:0.02/5:0.02/6:0.02/0:0.02/7:0.02/8:0.02/9:0.02,0:0.06/-1:0.76/2:0.02/3:0.02/0:0.02/4:0.02/5:0.02/6:0.02/7:0.02/8:0.02/9:0.02,0:0.06/-1:0.76/2:0.03/3:0.03/4:0.03/0:0.03/5:0.03/6:0.03,0:0.06/-1:0.76/2:0.022/3:0.022/4:0.022/5:0.022/6:0.022/7:0.022/0:0.022/8:0.022,0:0.06/-1:0.76/2:0.015/3:0.015/0:0.015/4:0.015/5:0.015/6:0.015/7:0.015/8:0.015/9:0.015/10:0.015/11:0.015/12:0.015,0:0.06/-1:0.76/2:0.014/3:0.014/4:0.014/5:0.014/6:0.014/7:0.014/8:0.014/0:0.014/9:0.014/10:0.014/11:0.014/12:0.014/13:0.014,7,0,0,-1:0.98/2:0.01/3:0.01,-1:0.98/0:0.003/2:0.003/3:0.003/4:0.003/5:0.003/6:0.003,-1:0.98/0:0.007/2:0.007/3:0.007,-1:0.98/0:0.005/2:0.005/3:0.005/4:0.005,-1:0.98/0:0.004/2:0.004/3:0.004/4:0.004/5:0.004
I1,0,0,0,-1,-1,-1,0,0,0,-1,-1,-1,0,0,0,0,0,7,-1,-1,-1,0,0,0,0,0,0,0,0,0,0,0,0,0,0,0,0,0,0,0,0,0,0,0
clade_60,0:0.84/6:0.16,0:0.84/7:0.16,0,-1,-1,-1,0:0.24/6:0.76,0,0,-1,-1,-1,0:0.84/8:0.16,0,0:0.84/9:0.16,0,0,7,-1,-1,-1,0:0.84/8:0.16,0:0.84/6:0.16,0,0,0,0,0:0.64/-1:0.3/2:0.005/3:0.005/4:0.005/0:0.005/5:0.005/6:0.005/7:0.005/8:0.005/9:0.005/10:0.005/11:0.005,0:0.64/-1:0.3/2:0.005/0:0.005/3:0.005/4:0.005/5:0.005/6:0.005/7:0.005/8:0.005/9:0.005/10:0.005/11:0.005,0:0.64/-1:0.3/2:0.007/3:0.007/0:0.007/4:0.007/5:0.007/6:0.007/7:0.007/8:0.007/9:0.007,0,0,0:0.84/6:0.16,0,0,0,0,0,0,0:0.56/2:0.44,0,0,0,0
M1.TAGTGGTGTATGGTTC-1,6,7,0,-1,-1,-1,6,8,0,-1,-1,-1,0:0.16/-1:0.61/8:0.23,0:0.19/-1:0.61/2:0.025/3:0.025/4:0.025/5:0.025/6:0.025/7:0.025/0:0.025/8:0.025,0:0.16/-1:0.61/9:0.23,0,8,7,-1,-1,-1,0:0.16/-1:0.61/8:0.23,0:0.16/-1:0.61/6:0.23,0:0.19/-1:0.61/0:0.04/2:0.04/3:0.04/4:0.04/5:0.04,6,7,7,0:0.12/-1:0.73/2:0.014/3:0.014/4:0.014/0:0.014/5:0.014/6:0.014/7:0.014/8:0.014/9:0.014/10:0.014/11:0.014,0:0.12/-1:0.73/2:0.014/0:0.014/3:0.014/4:0.014/5:0.014/6:0.014/7:0.014/8:0.014/9:0.014/10:0.014/11:0.014,0:0.12/-1:0.73/2:0.017/3:0.017/0:0.017/4:0.017/5:0.017/6:0.017/7:0.017/8:0.017/9:0.017,0:0.19/-1:0.61/2:0.022/3:0.022/4:0.022/5:0.022/6:0.022/0:0.022/7:0.022/8:0.022/9:0.022,0:0.19/-1:0.61/2:0.022/3:0.022/0:0.022/4:0.022/5:0.022/6:0.022/7:0.022/8:0.022/9:0.022,0:0.16/-1:0.61/6:0.23,0,0,0,6,0,8,2,4,3,0,0
M1.AACTCTTCAGCGATCC-1,0:0.16/-1:0.61/6:0.23,0:0.16/-1:0.61/7:0.23,0:0.19/-1:0.61/2:0.029/3:0.029/4:0.029/0:0.029/5:0.029/6:0.029/7:0.029,-1,-1,-1,6,0,0,-1,-1,-1,8,0,9,0,0,7,-1,-1,-1,8,6,0,9,10,0,0:0.12/-1:0.73/2:0.014/3:0.014/4:0.014/0:0.014/5:0.014/6:0.014/7:0.014/8:0.014/9:0.014/10:0.014/11:0.014,0:0.12/-1:0.73/2:0.014/0:0.014/3:0.014/4:0.014/5:0.014/6:0.014/7:0.014/8:0.014/9:0.014/10:0.014/11:0.014,0:0.12/-1:0.73/2:0.017/3:0.017/0:0.017/4:0.017/5:0.017/6:0.017/7:0.017/8:0.017/9:0.017,0,0,6,8,0,0,8,0,5,2,0,0,0,0
clade_17,0,0,0,-1,-1,-1,0,0,0,-1,-1,-1,0,0,0,0,0,7,-1,-1,-1,0,0,0,0,0,0,0,0,0,0,0,0,0:0.06/3:0.94,0,0,0,0,0,0,0,0,0,0
M2.AGTTGGTAGCAGACTG-1,0,6,0,-1,-1,-1,0,5,0,-1,-1,-1,0,0,0,0:0.18/-1:0.63/2:0.021/3:0.021/4:0.021/0:0.021/5:0.021/6:0.021/7:0.021/8:0.021/9:0.021,0:0.18/-1:0.63/2:0.021/3:0.021/4:0.021/5:0.021/0:0.021/6:0.021/7:0.021/8:0.021/9:0.021,-1:0.63/7:0.37,-1,-1,-1,4,8,0,8,9,8,0,0,0,0,5,0,3,0,7,0:0.18/-1:0.63/2:0.024/3:0.024/4:0.024/0:0.024/5:0.024/6:0.024/7:0.024/8:0.024,0:0.18/-1:0.63/2:0.021/3:0.021/4:0.021/0:0.021/5:0.021/6:0.021/7:0.021/8:0.021/9:0.021,0:0.18/-1:0.63/2:0.021/3:0.021/4:0.021/5:0.021/0:0.021/6:0.021/7:0.021/8:0.021/9:0.021,3,5,2,0:0.18/-1:0.63/0:0.048/2:0.048/3:0.048/4:0.048,0:0.18/-1:0.63/0:0.038/2:0.038/3:0.038/4:0.038/5:0.038
clade_55,0,0,0,-1,-1,-1,0,0,0,-1,-1,-1,0,0,0,0,0,7,-1,-1,-1,0,0,0,0,0,0,0,0,0,0,0,0,3,0,0,0,0,0,0:0.08/2:0.92,0,0,0,0
clade_64,0,0,0,-1,-1,-1,0:0.37/6:0.63,0,0:0.4/2:0.6,-1,-1,-1,0,0,0,0,0,7,-1,-1,-1,0,0:0.91/9:0.09,0,0:0.91/2:0.09,0,0,0,0:0.91/4:0.09,0:0.91/2:0.09,0:0.91/5:0.09,0,0,3,0,0,0:0.91/3:0.09,0:0.91/5:0.09,0,0:0.08/2:0.92,0,0,0,0
M1.CGTTCTGGTCAGGACA-1,0,9,7,-1,-1,-1,6,0,2,-1,-1,-1,0,0,8,0,9,7,-1,-1,-1,0,9,0,2,0,0,0:0.21/-1:0.59/2:0.018/3:0.018/4:0.018/0:0.018/5:0.018/6:0.018/7:0.018/8:0.018/9:0.018/10:0.018/11:0.018,0:0.19/-1:0.59/4:0.22,0:0.19/-1:0.59/2:0.22,0:0.19/-1:0.59/5:0.22,0:0.21/-1:0.59/2:0.022/3:0.022/0:0.022/4:0.022/5:0.022/6:0.022/7:0.022/8:0.022/9:0.022,0:0.21/-1:0.59/2:0.033/3:0.033/4:0.033/0:0.033/5:0.033/6:0.033,3,12,13,3,5,0,0:0.02/-1:0.59/2:0.39,0:0.21/-1:0.59/0:0.033/2:0.033/3:0.033/4:0.033/5:0.033/6:0.033,0:0.21/-1:0.59/0:0.067/2:0.067/3:0.067,0:0.21/-1:0.59/0:0.05/2:0.05/3:0.05/4:0.05,0:0.21/-1:0.59/0:0.04/2:0.04/3:0.04/4:0.04/5:0.04
M2.TTATGCTCAATCTACG-1,0,0,0,-1,-1,-1,6,0,2,-1,-1,-1,5,6,0,0,0,7,-1,-1,-1,0:0.21/-1:0.59/2:0.025/3:0.025/4:0.025/5:0.025/0:0.025/6:0.025/7:0.025/8:0.025,0:0.19/-1:0.59/9:0.22,0:0.21/-1:0.59/0:0.04/2:0.04/3:0.04/4:0.04/5:0.04,0:0.19/-1:0.59/2:0.22,0:0.21/-1:0.59/2:0.02/3:0.02/4:0.02/0:0.02/5:0.02/6:0.02/7:0.02/8:0.02/9:0.02/10:0.02,0:0.21/-1:0.59/2:0.025/3:0.025/0:0.025/4:0.025/5:0.025/6:0.025/7:0.025/8:0.025,0,4,2,5,0,0,3,4,6,0:0.19/-1:0.59/3:0.22,0:0.19/-1:0.59/5:0.22,0:0.21/-1:0.59/2:0.022/3:0.022/4:0.022/5:0.022/0:0.022/6:0.022/7:0.022/8:0.022/9:0.022,2,0,0,0,0
clade_18,0,0,0,-1,-1,-1,0,0,0,-1,-1,-1,0,0,0,0,0,7,-1,-1,-1,0,0,0,0,0,0,0,0,0,0,0,0,3,0,0,0,0,0,0:0.06/2:0.94,0,0,0,0
clade_40,0,0:0.04/4:0.96,0,-1,-1,-1,0,0,0,-1,-1,-1,0,0,0,0,0,7,-1,-1,-1,0,0,0,0:0.83/7:0.17,0:0.83/3:0.17,0:0.83/3:0.17,0,0,0,0,0,0,3,0,0,0,0,0,0:0.03/2:0.97,0,0,0,0
clade_50,0,0:0.01/4:0.99,0,-1,-1,-1,0,0,0,-1,-1,-1,0,0,0,0,0,7,-1,-1,-1,0,0,0,0:0.57/-1:0.26/7:0.17,0:0.57/-1:0.26/3:0.17,0:0.58/-1:0.26/3:0.16,0,0,0,0:0.25/2:0.75,0,0,3,0,0,0,0,0,0:0.03/2:0.97,0:0.87/3:0.13,0,0:0.87/4:0.13,0:0.87/3:0.13
M2.GGCAATTAGGAATCGC-1,0,4,5,-1,-1,-1,0,0,5,-1,-1,-1,6,0,0,0,0,7,-1,-1,-1,0,6,4,0:0.14/-1:0.68/7:0.18,0:0.14/-1:0.68/3:0.18,0:0.14/-1:0.68/3:0.18,7,7,0,2,5,0,3,6,8,0,6,5,2,3,0,4,3
M1.GGATTACCACGGTAAG-1,0,4,0,-1,-1,-1,0,0,7,-1,-1,-1,0,0,0,2,0,7,-1,-1,-1,0,0,0,0:0.14/-1:0.68/7:0.18,0:0.14/-1:0.68/3:0.18,0:0.14/-1:0.68/3:0.18,0,0,2,2,2,6,3,0,0,0,9,9,0:0.01/-1:0.56/2:0.43,0:0.21/-1:0.56/3:0.23,0:0.24/-1:0.56/0:0.067/2:0.067/3:0.067,0:0.21/-1:0.56/4:0.23,0:0.21/-1:0.56/3:0.23
clade_41,0:0.03/2:0.97,4,0,-1,-1,-1,0:0.42/8:0.58,0,0:0.42/2:0.58,-1,-1,-1,0,0,0,0,0:0.02/7:0.98,7,-1,-1,-1,0:0.02/3:0.98,0:0.02/3:0.98,0,0:0.02/7:0.98,0:0.02/3:0.98,0:0.02/3:0.98,0,0,0,0,0,0,3,0,0,0:0.42/3:0.58,0,0,2,0,0,0,0
clade_45,2,4,0,-1,-1,-1,0:0.01/8:0.99,0,0:0.01/2:0.99,-1,-1,-1,0,0,0,0,7,7,-1,-1,-1,3,3,0,7,3,3,6,6,0,0,0,0,3,0,0,3,0,0,2,2,0,0,0
M2.ACGCAGCAGATGCCTT-1,2,4,0,-1,-1,-1,0:0.01/-1:0.01/8:0.98,0:0.98/-1:0.01/0:0.001/2:0.001/3:0.001/4:0.001/5:0.001/6:0.001/7:0.001/8:0.001,0:0.01/-1:0.01/2:0.98,-1,-1,-1,0,0,0,0,7,7,-1,-1,-1,-1:0.01/3:0.99,-1:0.01/3:0.99,0:0.98/-1:0.01/0:0.002/2:0.002/3:0.002/4:0.002/5:0.002,7,3,3,6,6,0,0,0,0,3,0,0,3,0,0,2,2,0,0,0
M2.TAAGTGCCACTGCCAG-1,-1:0.01/2:0.99,-1:0.01/4:0.99,0:0.98/-1:0.01/2:0.001/3:0.001/4:0.001/0:0.001/5:0.001/6:0.001/7:0.001,-1,-1,-1,8,0,2,-1,-1,-1,0,0,0,0,7,7,-1,-1,-1,3,3,0,7,3,3,6,6,0,0,0,0,-1:0.01/3:0.99,0:0.98/-1:0.01/2:0.001/3:0.001/0:0.001/4:0.001/5:0.001/6:0.001/7:0.001/8:0.001/9:0.001/10:0.001/11:0.001/12:0.001,0:0.98/-1:0.01/2:0.001/3:0.001/4:0.001/5:0.001/6:0.001/7:0.001/8:0.001/0:0.001/9:0.001/10:0.001/11:0.001/12:0.001/13:0.001,3,0,0,2,2,0,0,0
M2.CTCTGGTGTGCTTCTC-1,2,4,0,-1,-1,-1,0:0.18/-1:0.41/8:0.41,0:0.43/-1:0.41/0:0.02/2:0.02/3:0.02/4:0.02/5:0.02/6:0.02/7:0.02/8:0.02,0:0.18/-1:0.41/2:0.41,-1,-1,-1,2,0,0,0,7,7,-1,-1,-1,3,3,0,7,3,3,0,0,0,2,6,5,3,0,9,0:0.18/-1:0.41/3:0.41,0:0.43/-1:0.41/2:0.018/3:0.018/4:0.018/0:0.018/5:0.018/6:0.018/7:0.018/8:0.018/9:0.018,0:0.43/-1:0.41/2:0.018/3:0.018/4:0.018/5:0.018/0:0.018/6:0.018/7:0.018/8:0.018/9:0.018,2,4,0,0,0
clade_20,0,0,0,-1,-1,-1,0,0:0.02/5:0.98,0,-1,-1,-1,0,0,0,0,0,7,-1,-1,-1,0:0.05/4:0.95,0,0,0,0,0,0,0,0,0,0,0,3,0,0,0:0.03/-1:0.96/2:0.001/3:0.001/4:0.001/0:0.001/5:0.001/6:0.001/7:0.001/8:0.001,0:0.03/-1:0.96/2:0.001/3:0.001/4:0.001/0:0.001/5:0.001/6:0.001/7:0.001/8:0.001/9:0.001,0:0.03/-1:0.96/2:0.001/3:0.001/4:0.001/5:0.001/0:0.001/6:0.001/7:0.001/8:0.001/9:0.001,2,0,0,0,0
clade_30,0,0,0,-1,-1,-1,0,5,4,-1,-1,-1,0,7,4,0,0,7,-1,-1,-1,4,0,0,6,7,7,0,5,0,0,0,0,3,0,0,-1,-1,-1,2,0,0,0,0
M2.TCGTACCAGATGCCAG-1,0:0.41/-1:0.42/2:0.028/3:0.028/0:0.028/4:0.028/5:0.028/6:0.028,0:0.41/-1:0.42/2:0.019/0:0.019/3:0.019/4:0.019/5:0.019/6:0.019/7:0.019/8:0.019/9:0.019,0:0.41/-1:0.42/2:0.024/3:0.024/4:0.024/0:0.024/5:0.024/6:0.024/7:0.024,-1,-1,-1,7,5,4,-1,-1,-1,2,7,4,7,0,7,-1,-1,-1,4,0,0,6,7,7,5,5,4,6,0,0,3,5,4,-1,-1,-1,2,0,0,2,0
I2,0,0,0,-1,-1,-1,0,5,4,-1,-1,-1,0,7,4,0,0,7,-1,-1,-1,4,0,0,6,7,7,0,5,0,0,0,0,3,0,0,-1,-1,-1,2,0,0,0,0
M2.ACCTTTATCTGATTCT-1,2,0,6,-1,-1,-1,0,5,4,-1,-1,-1,8,7,4,0,0,7,-1,-1,-1,-1:0.42/4:0.58,0:0.42/-1:0.42/2:0.018/3:0.018/4:0.018/0:0.018/5:0.018/6:0.018/7:0.018/8:0.018/9:0.018,0:0.42/-1:0.42/0:0.032/2:0.032/3:0.032/4:0.032/5:0.032,6,7,7,0,5,2,2,0,3,3,0,0,-1,-1,-1,2,6,0,0,5
I3,0,0,0,-1,-1,-1,0,5,4,-1,-1,-1,0,7,4,0,0,7,-1,-1,-1,4,0,0,6,7,7,0,5,0,0,0,0,3,0,0,-1,-1,-1,2,0,0,0,0
M2.GACAGAGAGATATACG-1,0,0,0,-1,-1,-1,0,5,4,-1,-1,-1,0,7,4,8,0,7,-1,-1,-1,4,0,0,6,7,7,3,5,0,0,0,0,3,7,0,-1,-1,-1,2,0,0,0,0
M2.CCTCTGATCCCTCTTT-1,0,0,0,-1,-1,-1,0,5,4,-1,-1,-1,0,7,4,0,0,7,-1,-1,-1,4,0,2,6,7,7,9,5,7,0:0.42/-1:0.41/2:0.019/3:0.019/4:0.019/5:0.019/6:0.019/0:0.019/7:0.019/8:0.019/9:0.019,0:0.42/-1:0.41/2:0.019/3:0.019/0:0.019/4:0.019/5:0.019/6:0.019/7:0.019/8:0.019/9:0.019,0:0.42/-1:0.41/2:0.028/3:0.028/4:0.028/0:0.028/5:0.028/6:0.028,3,0,0,-1,-1,-1,-1:0.41/2:0.59,0:0.42/-1:0.41/0:0.028/2:0.028/3:0.028/4:0.028/5:0.028/6:0.028,0:0.42/-1:0.41/0:0.057/2:0.057/3:0.057,0,4
clade_21,0,0,0,-1,-1,-1,0,5,0,-1,-1,-1,0,0,0,0,0,7,-1,-1,-1,0:0.04/4:0.96,0,0,0,0,0,0,0,0,0,0,0,3,0,0:0.01/7:0.99,-1:0.99/2:0.001/3:0.001/4:0.001/0:0.001/5:0.001/6:0.001/7:0.001/8:0.001,-1:0.99/2:0.001/3:0.001/4:0.001/0:0.001/5:0.001/6:0.001/7:0.001/8:0.001/9:0.001,-1:0.99/2:0.001/3:0.001/4:0.001/5:0.001/0:0.001/6:0.001/7:0.001/8:0.001/9:0.001,2,0,0,0:0.03/3:0.97,0:0.02/2:0.98
M2.CTCGTACAGTCCAGGA-1,0,0,0,-1,-1,-1,0,5,6,-1,-1,-1,7,0,5,0,0,7,-1,-1,-1,0:0.01/-1:0.47/4:0.52,0:0.36/-1:0.47/2:0.019/3:0.019/4:0.019/0:0.019/5:0.019/6:0.019/7:0.019/8:0.019/9:0.019,0:0.36/-1:0.47/0:0.034/2:0.034/3:0.034/4:0.034/5:0.034,0,0,0,8,8,0,8,0,0,3,0,7,-1,-1,-1,2,0,0,3,2
clade_24,0,0,0,-1,-1,-1,0,5,0,-1,-1,-1,0,0,0,0:0.27/2:0.73,0,7,-1,-1,-1,0:0.03/4:0.97,0,0,0,0,0,0,0,0,0,0,0,3,0,7,-1,-1,-1,2,0,0,0:0.01/3:0.99,0:0.01/2:0.99
M2.CGTTAGAGTGCGCTTG-1,0,5,0,-1,-1,-1,7,5,0,-1,-1,-1,8,0,0,2,0,7,-1,-1,-1,0:0.01/-1:0.45/4:0.54,0:0.38/-1:0.45/2:0.019/3:0.019/4:0.019/0:0.019/5:0.019/6:0.019/7:0.019/8:0.019/9:0.019,0:0.38/-1:0.45/0:0.034/2:0.034/3:0.034/4:0.034/5:0.034,0:0.38/-1:0.45/2:0.019/3:0.019/4:0.019/5:0.019/6:0.019/7:0.019/0:0.019/8:0.019/9:0.019,0:0.38/-1:0.45/2:0.017/3:0.017/4:0.017/0:0.017/5:0.017/6:0.017/7:0.017/8:0.017/9:0.017/10:0.017,0:0.38/-1:0.45/2:0.021/3:0.021/0:0.021/4:0.021/5:0.021/6:0.021/7:0.021/8:0.021,0,9,5,0,7,0,3,8,7,-1,-1,-1,2,0,0,3,2
M2.GGGCACTCACATGACT-1,4,3,0,-1,-1,-1,0,5,0,-1,-1,-1,2,0,0,2,0,7,-1,-1,-1,4,0,0,0,0,0,2,0,0,7,4,0,3,0,7,-1,-1,-1,2,0,0,3,2
