((((M1.AGCGTATCATCACAAC-1:0,M1.ACATGGTCATGTAAGA-1:0)clade_5:18.945,(Liv.ACATGGTAGATTACCC-1:4.791,RE.CTACGTCAGGCAGTCA-1:6.549)clade_149:15.372)I15:0.065,((((((((M1.CTCGGGAAGGGTGTTG-1:10.518,M1.GAGCAGAAGTGCTGCC-1:6.504)clade_43:5.071,M1.TGAGCCGGTTATCCGA-1:9.226)clade_40:1.014,M2.TCGGGACTCAGTCAGT-1:9.238)clade_37:3.784,RE.CCTATTAAGGAACTGC-1:12.002)clade_8:0.007,(((RE.CTCGTACTCGCAAACT-1:11.562,M1.TCTATTGCACCAACCG-1:11.628)clade_49:0.824,((M1.CACAGTATCAGTGCAT-1:3.005,M1.CTAACTTTCTGCGTAA-1:6.005)I14:0.001,(((M1.GCGCGATTCACGCGGT-1:1.061,M1.AGGCCACGTCGACTAT-1:3.061)I13:0.898,M1.GTACGTAAGGTCATCT-1:3)clade_19:0.041,((M1.CGATTGATCGTTACAG-1:0,M1.CCTTCGAAGACGCACA-1:2)I12:0,M1.GCAGTTATCAAACGGG-1:2)I11:0)clade_16:2.006)clade_14:7.303)clade_12:1.799,((M1.CACAGTACACCGCTAG-1:5.12,(M1.GCTTCCAAGTGTGGCA-1:6.208,RE.CATGGCGGTCTTTCAT-1:4.212)clade_28:2.908)clade_33:0.94,M2.TGAGCATAGGCCCTTG-1:8.06)clade_25:4.016)I10:0.932)I9:2.035,((M1.TCACGAACATTAGCCA-1:12.597,Liv.TACACGATCGCACTCT-1:10.702)clade_57:1.002,RW.TCTCTAAGTTGGTGGA-1:11.358)clade_50:3.339)clade_62:0.983,((M1.CTCGGGAGTCAAACTC-1:15.651,M1.AACGTTGAGAAGGCCT-1:16.666)clade_133:0.449,((M1.CCTACACGTTCCGTCT-1:2.002,((RE.TTATGCTCACTAGTAC-1:1.062,RE.TGTATTCAGTAGTGCG-1:3.062)clade_145:0.939,M1.GGGAGATTCTGTCTCG-1:3.001)I8:0.001)clade_142:1.052,M1.TGGCCAGTCGGAAACG-1:3.054)clade_140:12.983)clade_7:0.002)clade_61:2.315,((M2.ATAGACCGTACATGTC-1:9.072,((((M1.TGAGCCGGTTTAAGCC-1:1.718,(M2.TATTACCGTGAGTGAC-1:2.048,M2.GGTGTTACACGGTAGA-1:0.327)clade_122:3.766)clade_119:2.299,M1.GATCAGTAGGGTTTCT-1:3.017)I7:0.002,((M1.ACCGTAACAACGATGG-1:0,M1.GGACAGAAGACGACGT-1:0)clade_117:4.004,(((M1.GACGGCTTCGCCTGTT-1:3.004,(M1.TACGGATAGTTGAGTA-1:0.991,M1.ACGCCAGGTACCGTAT-1:2.003)clade_111:0.013)clade_105:1.996,((M1.GTAGTCAGTTACCAGT-1:1.002,M1.GCATACAGTTGGACCC-1:0.002)clade_103:0.961,RE.CCTACCACAGTGGGAT-1:3)clade_102:0.037)I6:0,((M1.GGCGACTAGCCGATTT-1:1.01,M1.TGAGAGGTCAGCATGT-1:3.01)clade_98:0.002,(RW.GCGCGATAGATGGGTC-1:0.194,Liv.TACTTGTTCCTAAGTG-1:4.188)I5:2.833)I4:1.988)clade_95:0.004)I3:2.014)clade_92:4.042,((((M1.TTTCCTCCATACGCTA-1:4.461,(M1.AGTGTCAAGGATTCGG-1:0,M1.CATATTCGTACCGGCT-1:0)clade_79:3.461)I2:1.612,M1.TCAGCTCGTTCCCGAG-1:0.038)clade_77:0.981,(RE.AAACGGGTCAGCATGT-1:6.018,(((M2.AGGTCATGTTTGCATG-1:2.002,M2.GACAGAGCAGTCAGAG-1:1.002)clade_86:0.001,M2.CTGATCCAGCCCAACC-1:1.003)clade_84:2.098,M2.TCGAGGCAGAGGTTAT-1:4.86)I1:1.129)clade_75:0.03)clade_74:2.034,(M1.TCAACGATCGTAGGAG-1:11.148,(M1.ATTCTACTCTAACTCT-1:5.083,M1.TACTCGCTCACATAGC-1:2.082)clade_125:1.788)clade_83:1.185)clade_73:2.014)clade_70:1.025)clade_69:1.301,M2.CAGAATCCAAGAAAGG-1:11.106)clade_68:8.955)clade_6:0.658)root:0)I0;
I0,0,0,0,0,0,0,0,0,0,0,0,0,0,0,0,0,0,0,0,0,0
root,0,0,0,0,0,0,0,0,0,0,0,0,0,0,0,0,0,0,0,0,0
clade_6,0,0,0,0,0,0,0,0,0,0,0,0,0,0,0,0,0,0,0:0.34/2:0.66,0,0
clade_68,0:0.14/3:0.86,0:0.14/2:0.86,0,0,0:0.02/3:0.98,0:0.01/3:0.99,0,0,0,0,0,0:0.02/3:0.98,0:0.01/2:0.99,0,0:0.01/6:0.99,0,0:0.01/2:0.99,0:0.01/2:0.99,0:0.02/2:0.98,0,0
M2.CAGAATCCAAGAAAGG-1,-1,-1,8,8,3,3,-1,-1,2,0,2,3,2,7,6,0,2,2,2,7,2
clade_69,0:0.01/3:0.99,0:0.02/2:0.98,0:0.04/3:0.96,0,0:0.01/3:0.99,0:0.01/3:0.99,0,0,0,0,0,3,2,0,6,0,2,2,2,0,0
clade_70,3,2,3,0,3,3,0,0,0,0,0,3,2,0,6,0,2,2,2,0,0:0.05/2:0.95
clade_73,3,2,3,0,3,3,0:0.02/-1:0.97/0:0.001/2:0.001/3:0.001/4:0.001/5:0.001/6:0.001/7:0.001/8:0.001/9:0.001/10:0.001/11:0.001/12:0.001/13:0.001/14:0.001/15:0.001/16:0.001/17:0.001,0:0.02/-1:0.97/2:0.001/3:0.001/4:0.001/5:0.001/0:0.001/6:0.001/7:0.001/8:0.001/9:0.001,0,0,0,3,2,0,6,0,2,2,2,0,2
clade_83,3,2,3,0:0.13/10:0.87,3,3,0:0.01/-1:0.99,0:0.01/-1:0.99,0,0,0,3,2,0:0.72/3:0.28,6,0,2,2,2,0,2
clade_125,3,2,3,0:0.01/10:0.99,3,3,-1,-1,0:0.67/4:0.33,0:0.67/11:0.33,0:0.67/5:0.33,3,2,0:0.07/3:0.93,6,0,2,2,2,0,2
M1.TACTCGCTCACATAGC-1,3,2,3,10,3,3,-1,-1,4,11,5,3,2,3,6,0,2,2,2,0,2
M1.ATTCTACTCTAACTCT-1,3,2,3,10,3,3,-1,-1,-1,-1,-1,3,2,3,6,0,2,2,2,-1,-1
M1.TCAACGATCGTAGGAG-1,-1,-1,3,10,3,3,-1,-1,2,10,4,-1,-1,-1,6,0,-1,-1,-1,0,2
clade_74,3,2,3,0,3,3,-1,-1,0:0.01/2:0.99,0,0:0.01/2:0.99,3,2,0,6,0,2,2,2,0,2
clade_75,3,2,3,0,3,3,-1,-1,0:0.01/2:0.99,0,0:0.01/2:0.99,3,2,0:0.97/7:0.03,6,0,2,2,2,0,2
I1,3,2,3,0,3,3,-1,-1,2,0,2,3,2,0:0.1/7:0.9,6,0,2,2,2,0:0.76/6:0.24,2
M2.TCGAGGCAGAGGTTAT-1,-1,-1,3,6,3,3,-1,-1,2,0,2,3,2,7,6,7,2,2,2,6,2
clade_84,3,2,3,0,3,3,-1,-1,2,0,2,3,2,7,6,0,2,2,2,-1,-1
M2.CTGATCCAGCCCAACC-1,3,2,3,7,3,3,-1,-1,2,0,2,3,2,7,6,0,2,2,2,-1,-1
clade_86,3,2,3,0,3,3,-1,-1,2,0,2,3,2,7,6,0,2,2,2,-1,-1
M2.GACAGAGCAGTCAGAG-1,3,2,3,0,3,3,-1,-1,2,0,2,3,2,7,6,8,2,2,2,-1,-1
M2.AGGTCATGTTTGCATG-1,3,2,3,3,3,3,-1,-1,2,0,2,3,2,7,6,10,2,2,2,-1,-1
RE.AAACGGGTCAGCATGT-1,3,2,-1,-1,3,3,-1,-1,2,0,2,-1,-1,-1,6,5,2,2,2,0,2
clade_77,3,2,3,0:0.04/10:0.96,3,3,-1,-1,2,0,2,3,2,0,6,0,2,2,2,0,2
M1.TCAGCTCGTTCCCGAG-1,3,2,3,10,3,3,-1,-1,2,0,2,3,2,0,6,0,2,2,2,0,2
I2,3,2,3,10,3,3,-1,-1,2,0,2,3,2,0,-1:0.77/6:0.23,0:0.19/-1:0.77/2:0.003/3:0.003/4:0.003/5:0.003/0:0.003/6:0.003/7:0.003/8:0.003/9:0.003/10:0.003/11:0.003/12:0.003/13:0.003/14:0.003,2,2,2,0,2
clade_79,3,2,3,10,3,3,-1,-1,2,0,2,3,2,3,-1,-1,2,2,2,-1,-1
M1.CATATTCGTACCGGCT-1,3,2,3,10,3,3,-1,-1,2,0,2,3,2,3,-1,-1,2,2,2,-1,-1
M1.AGTGTCAAGGATTCGG-1,3,2,3,10,3,3,-1,-1,2,0,2,3,2,3,-1,-1,2,2,2,-1,-1
M1.TTTCCTCCATACGCTA-1,3,2,3,10,3,3,-1,-1,2,0,2,3,2,2,-1,-1,-1,-1,-1,0,2
clade_92,3,2,3,3,3,3,0,0,0:0.01/2:0.99,0,0:0.01/2:0.99,3,2,3,6,0,2,2,2,0,2
I3,3,2,3,3,3,3,0,0,2,0,2,3,2,3,-1,-1,2,2,2,0,2
clade_95,3,2,3,3,3,3,0,0,2,0,2,3,2,3,-1,-1,2,2,2,0,2
I4,3,2,3,3,3,3,2,0:0.01/3:0.99,2,0,2,3,2,3,-1,-1,2,2,2,0,2
I5,3,2,3,3,3,3,2,3,-1:0.94/2:0.06,0:0.05/-1:0.94/0:0.001/2:0.001/3:0.001/4:0.001/5:0.001/6:0.001/7:0.001/8:0.001/9:0.001/10:0.001/11:0.001/12:0.001/13:0.001/14:0.001,-1:0.94/2:0.06,3,2,3,-1,-1,2,2,2,0,2
Liv.TACTTGTTCCTAAGTG-1,3,2,3,3,3,3,-1,-1,-1,-1,-1,3,2,3,-1,-1,2,2,2,-1,-1
RW.GCGCGATAGATGGGTC-1,3,2,3,3,3,3,2,3,-1,-1,-1,3,2,3,-1,-1,2,2,2,0,2
clade_98,3,2,3,3,3,3,2,0:0.01/3:0.99,2,0,2,3,2,3,-1,-1,2,2,2,0,2
M1.TGAGAGGTCAGCATGT-1,-1,-1,3,3,3,3,2,3,2,7,2,3,2,3,-1,-1,2,2,2,0,2
M1.GGCGACTAGCCGATTT-1,3,2,3,3,3,3,2,3,2,13,2,3,2,3,-1,-1,2,2,2,0,2
I6,3,2,3,3,3,3,0,0,2,0,2,3,2,3,-1,-1,2,2,2,0,2
clade_102,3,2,3,3,3,3,0:0.96/9:0.04,0,2,0,2,3,2,3,-1,-1,2,2,2,0,2
RE.CCTACCACAGTGGGAT-1,3,2,3,3,3,3,-1,-1,2,0,2,3,2,3,-1,-1,2,2,2,4,2
clade_103,3,2,3,3,3,3,9,0,2,0,2,3,2,3,-1,-1,2,2,2,0,2
M1.GCATACAGTTGGACCC-1,3,2,3,3,3,3,9,0,2,0,2,3,2,3,-1,-1,2,2,2,0,2
M1.GTAGTCAGTTACCAGT-1,3,2,3,3,3,3,9,2,2,0,2,3,2,3,-1,-1,2,2,2,0,2
clade_105,3,2,3,3,3,3,0,6,2,9,2,3,2,3,-1,-1,2,2,2,0,2
clade_111,3,2,3,3,3,3,0,6,2,9,2,3,2,3,-1,-1,2,2,2,0:0.99/10:0.01,2
M1.ACGCCAGGTACCGTAT-1,3,2,3,3,3,3,0,6,2,9,2,3,2,3,-1,-1,2,2,2,-1,-1
M1.TACGGATAGTTGAGTA-1,3,2,3,3,3,3,0,6,2,9,2,3,2,3,-1,-1,2,2,2,10,2
M1.GACGGCTTCGCCTGTT-1,-1,-1,3,3,3,3,0,6,2,9,2,3,2,3,-1,-1,2,2,2,13,2
clade_117,-1,-1,3,3,3,3,0,7,2,13,2,3,2,3,-1,-1,2,2,2,0,2
M1.GGACAGAAGACGACGT-1,-1,-1,3,3,3,3,0,7,2,13,2,3,2,3,-1,-1,2,2,2,0,2
M1.ACCGTAACAACGATGG-1,-1,-1,3,3,3,3,0,7,2,13,2,3,2,3,-1,-1,2,2,2,0,2
I7,3,2,3,3,3,3,0,0,0:0.01/2:0.99,0,0:0.01/2:0.99,3,2,3,6,0,2,2,2,0,2
M1.GATCAGTAGGGTTTCT-1,3,2,3,3,3,3,2,3,2,0,2,3,2,3,6,11,2,2,2,0,2
clade_119,3,2,3,3,3,3,0:0.04/5:0.96,0,2,0:0.05/6:0.95,2,3,2,3,6,0:0.63/8:0.37,2,2,2,0,2
clade_122,3,2,3,3,3,3,5,0:0.01/2:0.99,2,6,2,3,2,3,-1:0.98/6:0.02,0:0.01/-1:0.98/8:0.01,2,2,2,0:0.28/6:0.72,2
M2.GGTGTTACACGGTAGA-1,3,2,3,3,3,3,5,2,2,6,2,3,2,3,-1,-1,2,2,2,6,2
M2.TATTACCGTGAGTGAC-1,3,2,3,3,3,3,5,2,2,6,2,3,2,3,-1,-1,2,2,2,-1,-1
M1.TGAGCCGGTTTAAGCC-1,3,2,3,3,3,3,5,0,2,6,2,3,2,3,6,8,2,2,2,8,2
M2.ATAGACCGTACATGTC-1,3,2,3,9,-1,-1,6,2,2,0,2,3,2,0,6,9,2,2,2,0,6
clade_61,0,0,0,0,0,0,0,0,0:0.01/2:0.99,0,2,0,0,0,0,0,0,0,0:0.01/2:0.99,0,0
clade_7,0,0,0,0,0,0,0,0,0:0.01/2:0.99,0,2,0,0,0,0,0,0,0,0:0.01/2:0.99,0,0
clade_140,0:0.01/3:0.99,0:0.01/2:0.99,4,4,0,0,3,4,2,0,2,4,3,4,-1:0.99/2:0.001/3:0.001/4:0.001/5:0.001/6:0.001/7:0.001/8:0.001/9:0.001/10:0.001/11:0.001,-1:0.99/2:0.001/3:0.001/4:0.001/5:0.001/0:0.001/6:0.001/7:0.001/8:0.001/9:0.001/10:0.001/11:0.001/12:0.001/13:0.001/14:0.001,2,2,2,0,0
M1.TGGCCAGTCGGAAACG-1,3,2,4,4,2,8,3,4,2,0,2,4,3,4,-1,-1,2,2,2,0,7
clade_142,3,2,4,4,0,0,3,4,2,0,2,4,3,4,-1,-1,2,2,2,2,0
I8,3,2,4,4,0,0,3,4,2,0,2,4,3,4,-1,-1,2,2,2,2,0
M1.GGGAGATTCTGTCTCG-1,3,2,4,4,10,10,3,4,2,0,2,4,3,4,-1,-1,2,2,2,2,2
clade_145,3,2,4,4,0,0,3,4,2,0,2,4,3,4,-1,-1,2,2,2,2,0:0.06/3:0.94
RE.TGTATTCAGTAGTGCG-1,3,2,4,4,4,5,3,4,2,2,2,4,3,4,-1,-1,2,2,2,2,3
RE.TTATGCTCACTAGTAC-1,3,2,4,4,0,4,3,4,2,0,2,4,3,4,-1,-1,2,2,2,2,3
M1.CCTACACGTTCCGTCT-1,3,2,4,4,2,0,3,4,2,13,2,4,3,4,-1,-1,2,2,2,2,0
clade_133,0:0.97/5:0.03,0:0.97/4:0.03,0,0:0.73/3:0.27,0,0,0,0,0:0.01/2:0.99,0,2,0:0.97/7:0.03,0:0.97/7:0.03,0:0.97/12:0.03,0,0,0:0.97/3:0.03,0:0.97/11:0.03,0:0.01/2:0.99,0,0
M1.AACGTTGAGAAGGCCT-1,-1,-1,5,3,12,0,15,9,2,14,2,7,7,12,11,5,-1,-1,-1,0,13
M1.CTCGGGAGTCAAACTC-1,5,4,12,3,11,13,11,8,2,0,2,-1,-1,-1,10,12,3,11,2,0,10
clade_62,0,0,0,0,0,0,0,0:0.04/2:0.96,2,0,2,0,0,0,0,0,0,0,2,0,0
clade_50,0,0,0,0:0.03/2:0.97,0,0,0,2,2,0,2,0:0.28/2:0.72,0,0,0:0.04/2:0.96,0,0:0.34/3:0.66,0,2,0,0
RW.TCTCTAAGTTGGTGGA-1,2,0,2,2,2,2,0,2,2,0,2,2,0,2,2,2,-1,-1,-1,-1,-1
clade_57,0,0,0,0:0.01/2:0.99,0,0,0,2,2,0,2,0:0.26/2:0.74,0:0.92/13:0.08,0:0.92/11:0.08,0:0.02/2:0.98,0:0.4/5:0.6,0:0.17/3:0.83,0,2,0,0
Liv.TACACGATCGCACTCT-1,0,5,15,2,8,14,16,2,2,13,2,2,13,11,2,5,3,13,2,14,0
M1.TCACGAACATTAGCCA-1,4,3,10,2,2,0,8,2,2,9,2,-1,-1,-1,2,5,3,7,2,9,3
I9,4,0:0.01/3:0.99,0,0,0,0,0,2,2,0,2,0,0,0,0,0,0,0,2,0,0
I10,4,3,0,0,0,0,0,2,2,0,2,0:0.08/2:0.92,0,0,0,0,0,0,2,0,0
clade_25,4,3,0,0,0,0,0:0.01/4:0.99,2,2,0,2,2,0,0:0.02/3:0.98,0,0,0,0,2,0:0.02/5:0.98,0:0.02/5:0.98
M2.TGAGCATAGGCCCTTG-1,4,3,-1,-1,6,0,4,2,2,5,2,2,0,3,7,0,-1,-1,-1,5,5
clade_33,4,3,0,0,0:0.11/2:0.89,0,4,2,2,0,2,2,0,3,0,0,0,0,2,5,5
clade_28,4,3,0:0.06/4:0.94,0:0.07/4:0.93,0:0.01/2:0.99,0,4,2,2,0,2,2,0,3,0,0:0.06/5:0.94,0,0,2,5,5
RE.CATGGCGGTCTTTCAT-1,4,3,4,4,2,0,4,2,2,4,2,2,0,3,5,5,4,5,2,5,5
M1.GCTTCCAAGTGTGGCA-1,4,3,4,4,2,11,4,2,2,0,2,2,0,3,9,5,7,9,2,-1,-1
M1.CACAGTACACCGCTAG-1,4,3,13,0,2,11,4,2,2,0,2,2,12,3,9,0,8,0,2,5,5
clade_12,4,3,0,0,0,0,0,2,2,0,2,0:0.01/2:0.99,0,0,0:0.14/-1:0.85/2:0.001/3:0.001/4:0.001/5:0.001/6:0.001/7:0.001/8:0.001/9:0.001/10:0.001/11:0.001,0:0.14/-1:0.85/2:0.001/3:0.001/4:0.001/5:0.001/0:0.001/6:0.001/7:0.001/8:0.001/9:0.001/10:0.001/11:0.001/12:0.001/13:0.001/14:0.001,0,0,2,0,0
clade_14,4,3,11,0,9,4,0,2,2,12,2,2,0,0,-1,-1,6,8,2,11,0
clade_16,4,3,11,0,9,4,0,2,2,12,2,2,9,9,-1,-1,6,8,2,11,0
I11,4,3,11,0,9,4,0,2,2,12,2,2,9,9,-1,-1,6,8,2,11,0
M1.GCAGTTATCAAACGGG-1,4,3,11,0,9,4,-1,-1,2,12,2,2,9,9,-1,-1,6,8,2,11,0
I12,4,3,11,0,9,4,0,2,2,12,2,2,9,9,-1,-1,6,8,2,11,0
M1.CCTTCGAAGACGCACA-1,-1,-1,11,0,9,4,0,2,2,12,2,2,9,9,-1,-1,6,8,2,11,0
M1.CGATTGATCGTTACAG-1,4,3,11,0,9,4,0,2,2,12,2,2,9,9,-1,-1,6,8,2,11,0
clade_19,4,3,11,0,9,4,0,2,2,12,2,2,9,9,-1,-1,6,8,2,11,0:0.96/2:0.04
M1.GTACGTAAGGTCATCT-1,4,3,11,0,9,4,10,2,2,12,2,2,9,9,-1,-1,6,8,2,-1,-1
I13,4,3,11,0,9,4,0,2,2,12,2,2,9,9,-1,-1,6,8,2,11,0:0.06/2:0.94
M1.AGGCCACGTCGACTAT-1,-1,-1,11,12,9,4,0,2,2,12,2,2,9,9,-1,-1,6,8,2,11,2
M1.GCGCGATTCACGCGGT-1,4,3,11,7,9,4,0,2,2,12,2,2,9,9,-1,-1,6,8,2,11,2
I14,4,3,11,0,9,4,0,2,2,12,2,2,0,0,-1,-1,6,8,2,11,0
M1.CTAACTTTCTGCGTAA-1,-1,-1,11,0,9,4,13,2,2,12,2,2,10,10,-1,-1,6,8,2,11,11
M1.CACAGTATCAGTGCAT-1,4,3,11,0,9,4,0,2,2,12,2,2,11,3,-1,-1,6,8,2,11,12
clade_49,4,3,0,0,0,0,0,2,2,0:0.93/8:0.07,2,2,0,0,0:0.1/-1:0.88/2:0.002/3:0.002/4:0.002/5:0.002/6:0.002/7:0.002/8:0.002/9:0.002/10:0.002/11:0.002,0:0.1/-1:0.88/2:0.001/3:0.001/4:0.001/5:0.001/0:0.001/6:0.001/7:0.001/8:0.001/9:0.001/10:0.001/11:0.001/12:0.001/13:0.001/14:0.001,0:0.93/3:0.07,0:0.93/3:0.07,2,0,0:0.45/2:0.55
M1.TCTATTGCACCAACCG-1,-1,-1,0,2,8,0,7,2,2,8,2,2,8,3,-1,-1,-1,-1,-1,0,2
RE.CTCGTACTCGCAAACT-1,4,3,5,0,2,6,0,2,-1,-1,-1,2,4,5,-1,-1,3,3,2,2,2
clade_8,4,3,0,0,0,0,0,2,2,0:0.99/3:0.01,2,0,0,0,0,0,0,0,2,0,0
RE.CCTATTAAGGAACTGC-1,4,3,7,5,5,7,0,2,2,3,2,6,6,0,4,4,0,4,2,3,4
clade_37,4,3,0,0,0,0,0,2,-1:0.93/2:0.07,0:0.06/-1:0.93/3:0.01,-1:0.93/2:0.07,0,0,0,0:0.02/8:0.98,0,0,0,2,0,0
M2.TCGGGACTCAGTCAGT-1,4,3,4,4,7,0,0,2,-1,-1,-1,7,7,3,8,6,0,6,2,0,3
clade_40,4,3,0,0,0:0.24/2:0.76,0,0,2,-1:0.96/2:0.04,0:0.03/-1:0.96/3:0.01,-1:0.96/2:0.04,0:0.93/8:0.07,0,0:0.93/8:0.07,0:0.01/8:0.99,0,0,0,2,0,0
M1.TGAGCCGGTTATCCGA-1,4,3,9,11,2,9,0,2,-1,-1,-1,8,0,8,8,8,5,7,2,0,8
clade_43,-1:0.71/4:0.29,-1:0.71/3:0.29,0,0,0:0.02/2:0.98,0,0,2,-1:0.99/2:0.01,0:0.01/-1:0.99,-1:0.99/2:0.01,0:0.2/-1:0.71/8:0.09,0:0.22/-1:0.71/0:0.005/2:0.005/3:0.005/4:0.005/5:0.005/6:0.005/7:0.005/8:0.005/9:0.005/10:0.005/11:0.005/12:0.005/13:0.005,0:0.2/-1:0.71/8:0.09,8,0,0,0:0.66/10:0.34,2,0:0.66/12:0.34,0:0.66/9:0.34
M1.GAGCAGAAGTGCTGCC-1,-1,-1,0,11,2,12,0,2,-1,-1,-1,-1,-1,-1,8,3,0,10,2,12,9
M1.CTCGGGAAGGGTGTTG-1,-1,-1,4,4,2,0,12,2,-1,-1,-1,-1,-1,-1,8,13,-1,-1,-1,-1,-1
I15,0:0.99/6:0.01,0:0.99/5:0.01,0,0,0,0,0,0,0,0,0,0,0,0,0,0,0,0,0,0:0.97/-1:0.02/0:0.001/2:0.001/3:0.001/4:0.001/5:0.001/6:0.001/7:0.001/8:0.001/9:0.001/10:0.001/11:0.001/12:0.001/13:0.001/14:0.001,0:0.97/-1:0.02/2:0.001/3:0.001/4:0.001/5:0.001/6:0.001/7:0.001/8:0.001/0:0.001/9:0.001/10:0.001/11:0.001/12:0.001/13:0.001
clade_149,0:0.03/-1:0.92/6:0.05,0:0.03/-1:0.92/5:0.05,0,0,0:0.25/5:0.75,0:0.25/15:0.75,0,0:0.02/5:0.98,0:0.06/3:0.94,0,0:0.05/3:0.95,0:0.03/5:0.97,0:0.02/5:0.98,0:0.02/6:0.98,0:0.02/3:0.98,0:0.01/3:0.99,0:0.25/10:0.75,0:0.25/14:0.75,0:0.25/4:0.75,0:0.03/-1:0.92/0:0.004/2:0.004/3:0.004/4:0.004/5:0.004/6:0.004/7:0.004/8:0.004/9:0.004/10:0.004/11:0.004/12:0.004/13:0.004/14:0.004,0:0.03/-1:0.92/2:0.004/3:0.004/4:0.004/5:0.004/6:0.004/7:0.004/8:0.004/0:0.004/9:0.004/10:0.004/11:0.004/12:0.004/13:0.004
RE.CTACGTCAGGCAGTCA-1,-1,-1,6,0,-1,-1,0,5,3,0,3,5,5,6,3,3,-1,-1,-1,-1,-1
Liv.ACATGGTAGATTACCC-1,-1,-1,4,4,5,15,17,5,3,0,3,5,5,6,3,3,10,14,4,-1,-1
clade_5,6,5,14,2,8,0,14,2,2,0,2,2,13,11,2,14,9,12,3,-1,-1
M1.ACATGGTCATGTAAGA-1,6,5,14,2,8,0,14,2,2,0,2,2,13,11,2,14,9,12,3,-1,-1
M1.AGCGTATCATCACAAC-1,6,5,14,2,8,0,14,2,2,0,2,2,13,11,2,14,9,12,3,-1,-1
