(((((M1.CGGTTAACACTAGTAC-1:9.271,(((((((((M1.TGAGGGACACATCCGG-1:0,M1.ACCAGTAGTTCCGTCT-1:0)clade_57:0,M2.TACGGGCAGCACCGTC-1:1)I28:0,M1.TACTTACGTTAAGACA-1:1)I27:0,M1.TTAGGACAGCTAGCCC-1:1)I26:0.015,(M1.CTGAAGTCAAGCGTAG-1:0.001,M1.TGCTGCTGTAAGGGCT-1:0.001)clade_62:3.014)I25:3.986,((M1.TGCCCATTCCGCGTTT-1:5.498,M1.GTAGGCCTCTGAAAGA-1:9.869)clade_68:2.71,M1.CATATGGAGACTAGGC-1:6.286)clade_56:0.807)clade_61:0.012,((M1.CTCTGGTTCCCATTTA-1:0,M1.CGGACTGAGATGTGGC-1:1)I24:0.001,M1.AACCGCGCACCGAAAG-1:2.001)I23:1.012)clade_55:0.523,M1.ACTGATGTCGACAGCC-1:6)clade_53:0.468,((M1.CGATGTATCATAGCAC-1:1,M1.AACTGGTAGGCGTACA-1:2)I22:0.004,((M1.TGCACCTAGTTAACGA-1:5.001,M1.GAGCAGAAGTAAGTAC-1:1.895)I21:0.107,((M1.CTAATGGTCAGGTTCA-1:5.03,M1.CCCTCCTAGAAACGCC-1:0.03)clade_78:0.785,M1.TCGTAGAGTAGGCTGA-1:4.001)clade_77:0.188)clade_75:2.998)I20:0)clade_52:2.62)clade_1:5.393,(Liv.AGGCCGTTCTGTGCAA-1:9,(((RW.CTTTGCGGTACATGTC-1:5.047,LL.CACAAACTCGGAATCT-1:4.985)I19:0.075,(M1.TTGGAACTCTGAGGGA-1:3.03,M1.AACTCAGCATCACGTA-1:0.244)clade_10:6.819)I18:2.946,((M2.GTTTCTAAGGTAGCCA-1:2.976,(M2.CAGCTGGAGATGTCGG-1:5.281,M2.AAAGATGGTGGGTATG-1:2.281)clade_31:4.75)I17:0.027,((M2.GCAGTTAAGCGTTTAC-1:4.033,((M2.GCGCGATTCTTTAGTC-1:2.023,M2.TATGCCCGTGTCCTCT-1:0.023)I16:3.277,M2.ATCCACCTCATGCAAC-1:4.298)clade_46:2.749)I15:0.028,M2.CGACCTTTCGTATCAG-1:9.061)clade_36:3.945)clade_27:1.998)clade_49:0)I14:0)I13:0.002,(((Liv.CCGTGGAAGTGCGATG-1:5.849,M1.CCCATACGTGAGTATA-1:5.301)clade_82:5.181,((RE.CGGACACGTCTAACGT-1:2.01,RE.CGATGTATCCTTAATC-1:1.01)clade_92:1,RE.CGGGTCATCATGGTCA-1:2.009)clade_90:7.97)I12:0.034,((M1.CGAGAAGGTCTCCACT-1:8.084,((M1.ATAACGCGTCTCCCTA-1:1.039,(M1.CGCTTCACATGTCCTC-1:1.001,M1.AAACGGGCATTAGGCT-1:0.001)clade_24:2.038)clade_23:5.86,M2.AGAGCTTTCGTAGGTT-1:2.343)clade_19:3.238)clade_50:0.216,RW.GATGAGGAGGAGTACC-1:8.002)clade_12:0.714)clade_13:2.989)I11:0.998,((((M2.TACACGAAGTTATCGC-1:4.072,M2.ACGAGCCAGCCATCGC-1:4.072)clade_178:0.377,M1.AACTGGTCAAGTTGTC-1:11.06)clade_176:1.912,M2.GCTGCTTGTACGACCC-1:6.36)I10:8.723,((Liv.TATGCCCGTGAGCGAT-1:10.001,(Liv.AGACGTTTCACCCGAG-1:1.009,Liv.GGCAATTAGTAACCCT-1:2.009)clade_171:6.944)I9:0.049,(((((M2.GTCCTCATCTTTAGTC-1:3.009,(M1.CCAGCGAAGTGTACCT-1:0,M1.CGATGTAGTCAATACC-1:0)clade_158:1.009)clade_155:0.995,(((RW.CAACCTCGTGTGAATA-1:1,RW.CTCGAGGTCTCGTTTA-1:1)I8:0.003,RW.GGATTACAGGAATGGA-1:3.001)clade_147:0.372,RW.TGATTTCAGGATGGAA-1:5.008)clade_144:1.629)clade_151:0.01,M1.AGTGAGGGTACAAGTA-1:6.014)I7:2.988,(((M1.GCGAGAACACATCCAA-1:5.869,M1.TAGAGCTTCGATCCCT-1:6.812)I6:2.248,M1.GTCAAGTCAGACACTT-1:3.093)clade_136:3.91,(((M2.GCAAACTGTCTCTTTA-1:1.299,M2.CCCATACTCAACCAAC-1:3.073)clade_128:7.718,((M2.TTCGGTCCACGGATAG-1:2.026,(M2.CTGTGCTTCGAGCCCA-1:0.01,M2.GCTGCTTAGTATCGAA-1:3.01)clade_122:2.016)clade_120:2.061,(RE.TCGGTAAAGACACGAC-1:0.001,RE.CATCCACGTTAGATGA-1:1.001)clade_125:2.086)clade_119:3.029)clade_118:0.99,(M1.CACACCTCATTTCACT-1:2.598,(M1.CTCGGAGGTAGTGAAT-1:5.392,M1.CTTCTCTTCTGTCAAG-1:4.671)I5:3.398)clade_132:1.403)I4:0.002)clade_116:0.998)I3:0,((M1.CTAGTGAGTAGGAGTC-1:12.304,Liv.TAGGCATAGACAAGCC-1:9.304)clade_108:0.398,((RW.CGCGGTAGTAGCGCAA-1:4.073,RW.GGAAAGCTCTGCCCTA-1:9.073)I2:0.015,((M2.GTGTGCGTCGTAGGTT-1:0.885,M2.CAAGAAAGTAATTGGA-1:6.274)clade_165:3.337,M2.TACTCATAGACTTTCG-1:2.844)clade_164:4.257)clade_157:2.916)I1:0.298)clade_107:1.001)clade_104:1.047)clade_103:2.952)root:0)I0;
I0,0,0,0,0,0,0,0,0,0,0,0,0,0,0,0,0,0,0,0,0,0,0,0,0,0,0,0,0,0,0,0
root,0,0,0,0,0,0,0,0,0,0,0,0,0,0,0,0,0,0,0,0,0,0,0,0,0,0,0,0,0,0,0
clade_103,0,0,0,0,0,0,0,0,0,0,0,0,0:0.02/2:0.98,0,0,0,0,0,0,0,0,0,0,0:0.02/2:0.98,0:0.02/2:0.98,0,0,0,0,0,0
clade_104,0,0,0,0,0,0,0,0,0,0,0,2,2,0,0,0,0,0,0,0,0,0,0,2,2,0,0,0,0,0,0
clade_107,0,0,0,0,0,0,0,0,0,0,0,2,2,0,0,0,0,0,0,0,0,0,0,2,2,0,2,0,0,0,0
I1,0,0,0,0,0,0,0,0,0,0,0,2,2,0,0,0,0,0:0.7/3:0.3,0,0,0,0,0,2,2,0,2,0,0,0,0
clade_157,0,0,0,0,0,0,0,0,0,0,0,2,2,0,0,0,0,0:0.02/-1:0.97/3:0.01,0:0.03/-1:0.97,0:0.03/-1:0.97,0,0,0,2,2,0,2,0,0,0,0
clade_164,0,0,0,0:0.06/-1:0.94,0:0.06/-1:0.94,0:0.06/-1:0.94,0:0.01/5:0.99,0,0,0,0,2,2,0,0,0,0,-1,-1,-1,0,0,0,2,2,0,2,0,0,0,0:0.63/2:0.37
M2.TACTCATAGACTTTCG-1,0,0,4,-1,-1,-1,5,0,0,2,0,2,2,0,0,0,0,-1,-1,-1,0,0,0,2,2,0,2,0,0,0,2
clade_165,0,0:0.61/2:0.39,0,-1:0.99/0:0.002/2:0.002/3:0.002/4:0.002/5:0.002/6:0.002,-1:0.99/0:0.002/2:0.002/3:0.002/4:0.002/5:0.002,-1:0.99/0:0.003/2:0.003/3:0.003/4:0.003,5,0,0,0,0,2,2,0,0,0,0,-1,-1,-1,0,0,0,2,2,0,2,0,0:0.08/-1:0.91/0:0.002/2:0.002/3:0.002/4:0.002/5:0.002/6:0.002,0:0.08/-1:0.91/0:0.002/2:0.002/3:0.002/4:0.002/5:0.002,0:0.05/-1:0.91/2:0.04
M2.CAAGAAAGTAATTGGA-1,-1,-1,-1,-1,-1,-1,5,0,0,0,0,2,2,0,0,0,0,-1,-1,-1,0,0,0,2,2,-1,-1,-1,-1,-1,-1
M2.GTGTGCGTCGTAGGTT-1,0,2,0,-1,-1,-1,5,0,0,0,0,2,2,0,0,0,0,-1,-1,-1,0,0,0,2,2,0,2,0,-1,-1,-1
I2,0,0,0,0,0,0,0,0,0,0,0,2,2,0,0,0,0,0:0.02/-1:0.98,0:0.02/-1:0.98,0:0.02/-1:0.98,0,0,0,2,2,0,2,0,0,0,0
RW.GGAAAGCTCTGCCCTA-1,0,2,0,0,0,2,0,2,2,3,0,2,2,0,0,0,0,-1,-1,-1,0,0,0,2,2,3,2,0,-1,-1,-1
RW.CGCGGTAGTAGCGCAA-1,0,0,0,0,2,0,0,0,0,0,0,2,2,0,0,0,0,-1,-1,-1,2,0,2,2,2,0,2,3,0,0,0
clade_108,0,0,0,0,0,0,0,0,0,0,0,2,2,0,0,0,0,0:0.3/3:0.7,0,0,0,0,0,2,2,0,2,0,0,0,0
Liv.TAGGCATAGACAAGCC-1,0,0,0,5,0,4,4,0,0,0,6,2,2,5,5,4,5,3,0,0,0,0,0,2,2,9,2,0,0,0,0
M1.CTAGTGAGTAGGAGTC-1,-1,-1,-1,0,5,0,0,2,0,0,0,2,2,0,0,0,0,3,6,5,-1,-1,0,2,2,0,2,0,-1,-1,-1
I3,0,0,0,0,0,0,0,0,0,0,0,2,2,0,0,0,0,0,0,0,0,0,0,2,2,0,2,0,0,0,0
clade_116,0,0,0,0,0,0,3,0,0,0,0,2,2,0,0,0,0,0,0,0,0,0,0,2,2,0,2,0,0,0,0
I4,0,0,0,0,0,0,3,0,0,0,0,2,2,0,0,0,0,0,0,0,0,0,0,2,2,0,2,0,0,0,0
clade_132,0,0,0,0,0,0:0.05/4:0.95,3,0,0,0,0,2,2,0,0,0,0,0,0,0,0,0,0,2,2,0,2,0,0,0:0.77/4:0.23,0:0.77/4:0.23
I5,0,0,0,0,0,4,3,0,0,0,0,2,2,0,0,0,0,0:0.64/7:0.36,0:0.64/5:0.36,0,0,0,0,2,2,0,2,0,0:0.12/-1:0.87/0:0.002/2:0.002/3:0.002/4:0.002/5:0.002/6:0.002,0:0.09/-1:0.87/4:0.04,0:0.09/-1:0.87/4:0.04
M1.CTTCTCTTCTGTCAAG-1,0,0,0,0,0,4,3,0,0,0,0,2,2,0,0,0,0,7,5,0,0,0,0,2,2,-1,-1,-1,-1,-1,-1
M1.CTCGGAGGTAGTGAAT-1,0,9,0,0,0,4,3,0,0,2,0,2,2,0,0,0,0,-1,-1,-1,0,0,0,2,2,0,2,0,-1,-1,-1
M1.CACACCTCATTTCACT-1,0,11,0,0,0,4,3,0,0,0,0,2,2,0,0,0,0,0,0,0,0,0,0,2,2,0,2,0,0,4,4
clade_118,0,0,0,0,0:0.11/3:0.89,0,3,0,0,0,0,2,2,0,0,0,0,0,0,0,0,0,0,2,2,0,2,0,0,0:0.9/2:0.1,0
clade_119,0,0,0,0,3,0,3,0,0,0,0,2,2,0,0,0,0,0,0,0,0,0,0,2,2,0,2,0,0:0.03/-1:0.97,0:0.02/-1:0.97/2:0.01,0:0.03/-1:0.97
clade_125,3,0,0,0,3,0,3,0,0,0,0,2,2,0,0,0,0,0,0,0,2,0,0,2,2,0,2,0,-1,-1,-1
RE.CATCCACGTTAGATGA-1,3,0,0,0,3,0,3,0,0,0,0,2,2,0,0,0,0,0,0,0,2,0,4,2,2,0,2,0,-1,-1,-1
RE.TCGGTAAAGACACGAC-1,3,0,0,0,3,0,3,0,0,0,0,2,2,0,0,0,0,0,0,0,2,0,0,2,2,0,2,0,-1,-1,-1
clade_120,0,0,0,0,3,0,3,0,0,0,0,2,2,0,0:0.01/3:0.99,0,0,0,0,0,0,0,0:0.01/2:0.99,2,2,0,2,0,-1,-1,-1
clade_122,0,0,0,0,3,0,3,0,0,0:0.01/5:0.99,0:0.01/5:0.99,2,2,0,3,0,0,0,0,0,0,0,2,2,2,0,2,0,-1,-1,-1
M2.GCTGCTTAGTATCGAA-1,-1,-1,-1,0,3,0,3,0,0,5,5,2,2,0,3,0,0,0,0,0,0,0,2,2,2,0,2,0,-1,-1,-1
M2.CTGTGCTTCGAGCCCA-1,0,0,0,0,3,0,3,0,0,5,5,2,2,0,3,0,0,0,0,0,0,0,2,2,2,0,2,0,-1,-1,-1
M2.TTCGGTCCACGGATAG-1,0,0,0,0,3,0,3,4,4,0,0,2,2,0,3,0,0,0,0,0,0,0,2,2,2,0,2,0,-1,-1,-1
clade_128,5,5,0,0,3,0,-1:0.99/3:0.01,0:0.01/-1:0.99,0:0.01/-1:0.99,0,0,2,2,0,0,0,0,0,0,0,0:0.01/-1:0.99,0:0.01/-1:0.99,0,2,2,0,2,0,0,0:0.23/2:0.77,0
M2.CCCATACTCAACCAAC-1,5,5,0,0,3,0,-1,-1,-1,0,0,2,2,0,0,0,0,0,0,0,-1,-1,0,2,2,0,2,0,-1,-1,-1
M2.GCAAACTGTCTCTTTA-1,5,5,0,0,3,0,-1,-1,-1,0,0,2,2,0,0,0,0,0,4,0,-1,-1,0,2,2,0,2,0,0,2,0
clade_136,0,0:0.03/8:0.97,0:0.04/5:0.96,0,0,0,3,0:0.01/6:0.99,0:0.01/5:0.99,0,0,2,2,0,0,0,0,0,0,0,0,0,0,2,2,0,2,0,0,0,0
M1.GTCAAGTCAGACACTT-1,0,8,5,0,0,0,3,6,5,0,0,2,2,0,0,0,0,-1,-1,-1,0,0,0,2,2,0,2,0,0,0,0
I6,0,0:0.02/8:0.98,0:0.03/5:0.97,0,0,0,3,6,5,0,0,2,2,0,0,0,0,0,0,0,0,0,0,2,2,0,2,0,0:0.26/-1:0.73/0:0.002/2:0.002/3:0.002/4:0.002/5:0.002/6:0.002,0:0.26/-1:0.73/0:0.002/2:0.002/3:0.002/4:0.002/5:0.002,0:0.26/-1:0.73/0:0.002/2:0.002/3:0.002/4:0.002/5:0.002/6:0.002
M1.TAGAGCTTCGATCCCT-1,-1,-1,-1,0,0,0,3,6,5,0,0,2,2,0,0,0,0,0,0,0,0,0,0,2,2,-1,-1,-1,-1,-1,-1
M1.GCGAGAACACATCCAA-1,0,8,5,0,0,0,3,6,5,-1,-1,2,2,0,0,0,0,3,0,0,-1,-1,0,2,2,0,2,0,-1,-1,-1
I7,0,0,0,0,0,0,0,0,0,0,0,2,2,0,0,0,0,0,0,0,0,0,0,2,2,0,2,0,-1,-1,-1
M1.AGTGAGGGTACAAGTA-1,0,0,6,0,0,0,4,0,6,0,0,2,2,0,0,0,0,0,0,0,-1,-1,0,2,2,8,2,0,-1,-1,-1
clade_151,0,0,0,0,0,0,0,0,0,0,0,2,2,0,0,0,0,0,0,0,0,0,0,2,2,0,2,0,-1,-1,-1
clade_144,0,0,0:0.01/2:0.99,0,0,0,0,0,0,0,0,2,2,0,0,0,0,0,0,0,0,0,0,2,2,0:0.37/2:0.63,2,0,-1,-1,-1
RW.TGATTTCAGGATGGAA-1,0,0,2,0,0,0,2,0,0,2,0,2,2,0,0,0,0,0,0,0,0,0,0,2,2,-1,-1,-1,-1,-1,-1
clade_147,0,0,2,0,0,0,0,0,0,0,0,2,2,0,0,0,0,0,0,0,0,0,0,2,2,2,2,0,-1,-1,-1
RW.GGATTACAGGAATGGA-1,-1,-1,-1,0,0,0,0,0,0,0,0,2,2,0,0,0,0,0,0,0,0,0,0,2,2,2,2,0,-1,-1,-1
I8,0,0,2,0,0,0,0,0,0,0,0,2,2,0,0,0,0,0,0,0,0,0,0,2,2,2,2,0,-1,-1,-1
RW.CTCGAGGTCTCGTTTA-1,0,0,2,0,0,0,0,0,0,0,0,2,2,0,0,0,0,0,2,0,0,0,0,2,2,2,2,0,-1,-1,-1
RW.CAACCTCGTGTGAATA-1,0,0,2,0,0,0,0,0,0,0,0,2,2,0,0,0,0,0,3,0,0,0,0,2,2,2,2,0,-1,-1,-1
clade_155,0,0,0,0,0,0,0,0,0,0,0,2,2,0,0,0,0,0:0.01/5:0.99,0,0,0,0,0,2,2,0,2,0,-1,-1,-1
clade_158,0,0,0,0,0,0,0,0,0,0,0,2,2,0,0,0,0,5,0,6,0,0,0,2,2,0,2,0,-1,-1,-1
M1.CGATGTAGTCAATACC-1,0,0,0,0,0,0,0,0,0,0,0,2,2,0,0,0,0,5,0,6,0,0,0,2,2,0,2,0,-1,-1,-1
M1.CCAGCGAAGTGTACCT-1,0,0,0,0,0,0,0,0,0,0,0,2,2,0,0,0,0,5,0,6,0,0,0,2,2,0,2,0,-1,-1,-1
M2.GTCCTCATCTTTAGTC-1,0,0,0,0,0,0,0,5,0,0,3,2,2,0,0,0,0,5,0,4,0,0,0,2,2,0,2,0,-1,-1,-1
I9,0,0,0,0,0,0,0,0,0,0,0,2,2,0,0,0,0,0,0,0,0,0,0,2,2,0,0,0,0:0.98/5:0.02,0:0.98/2:0.02,0
clade_171,0,0,0,0,0,0,0,0,7,0,0,2,2,0,0,5,0,0,0,0,0,0,2,2,2,3,6,0,5,2,0
Liv.GGCAATTAGTAACCCT-1,0,0,0,0,0,0,0,0,7,0,0,2,2,0,0,5,0,0,9,4,0,0,2,2,2,3,6,0,5,2,0
Liv.AGACGTTTCACCCGAG-1,0,0,0,0,0,0,0,0,7,0,0,2,2,0,3,5,0,0,0,0,0,0,2,2,2,3,6,0,5,2,0
Liv.TATGCCCGTGAGCGAT-1,0,0,0,0,0,0,7,0,2,-1,-1,2,2,0,0,0,0,9,8,0,0,0,0,2,2,0,0,6,-1,-1,-1
I10,0,0,0,0:0.04/-1:0.96,0:0.04/-1:0.96,0:0.04/-1:0.96,0:0.04/-1:0.96,0:0.04/-1:0.96,0:0.04/-1:0.96,0,0,0,2,0,0,0,0,0,0,0,0,0,0,2,2,0,0,0,0:0.04/-1:0.96,0:0.04/-1:0.96,0:0.04/-1:0.96
M2.GCTGCTTGTACGACCC-1,0,0,0,-1,-1,-1,-1,-1,-1,2,4,0,2,3,0,0,0,6,0,0,-1,-1,0,2,2,0,0,0,-1,-1,-1
clade_176,0,0,0,-1,-1,-1,-1,-1,-1,0:0.02/4:0.98,0,0,2,0,0,0,0,0:0.39/3:0.61,0,0,0,0,0,2,2,0,0,0,-1,-1,-1
M1.AACTGGTCAAGTTGTC-1,0,0,7,-1,-1,-1,-1,-1,-1,4,0,-1,-1,-1,-1,-1,-1,-1,-1,-1,0,0,0,2,2,0,0,5,-1,-1,-1
clade_178,0,0,0,-1,-1,-1,-1,-1,-1,4,0,0,2,0,0,0,0,0:0.05/3:0.95,0,0,0,0,0,2,2,0,0,0,-1,-1,-1
M2.ACGAGCCAGCCATCGC-1,0,6,0,-1,-1,-1,-1,-1,-1,4,0,0,2,0,0,0,0,3,0,4,0,0,0,2,2,6,0,4,-1,-1,-1
M2.TACACGAAGTTATCGC-1,0,0,0,-1,-1,-1,-1,-1,-1,4,0,0,2,2,0,0,0,3,0,3,3,0,2,2,2,0,0,0,-1,-1,-1
I11,0,0,0,0,0,3,0,0,0,0,0,0,0,0,0,0,0,0,0,0,0,0,0,0,0,0,0,0,0,0,0
clade_13,0,0,0,0,0,3,0,0,0,0,0,0,0,0,0,0,0,0,0,0,0,0,0,0,0,0,0,0,-1,-1,-1
clade_12,0,0,0,0,0:0.3/4:0.7,3,0,0,0,0,0,0,0,0,0,0,0,0,0,0,0,0,0,0,0,0,0,0,-1,-1,-1
RW.GATGAGGAGGAGTACC-1,2,2,0,-1,-1,-1,0,0,3,0,0,0,0,0,0,0,0,0,0,2,0,0,0,0,0,3,0,0,-1,-1,-1
clade_50,0,0,0,0,0:0.11/4:0.89,3,0,0,0,0,0,0,0,0,0:0.97/3:0.03,0,0,0,0,0,0,0,0,0,0,0,0,0,-1,-1,-1
clade_19,0,0,0,0,4,3,0,0,0,0,0,0,0,0,0:0.1/-1:0.89/3:0.01,0:0.11/-1:0.89,0:0.11/-1:0.89,0,0,0,0,0:0.55/4:0.45,0,0,0,0,0,0,-1,-1,-1
M2.AGAGCTTTCGTAGGTT-1,0,0,0,0,4,3,0,0,0,0,0,0,0,0,-1,-1,-1,0,0,0,-1,-1,0,0,0,0,0,0,-1,-1,-1
clade_23,0:0.01/-1:0.99,0:0.01/-1:0.99,0:0.01/-1:0.99,0,4,3,0,2,0,0,0,0,0,0,-1,-1,-1,0,0,0,0,4,0,0,0,7,0,0,-1,-1,-1
clade_24,-1,-1,-1,0,4,3,0,2,0,0,0,4,4,0,-1,-1,-1,0,0,0,0,4,0,0,0,7,0,0,-1,-1,-1
M1.AAACGGGCATTAGGCT-1,-1,-1,-1,0,4,3,0,2,0,0,0,4,4,0,-1,-1,-1,0,0,0,0,4,0,0,0,7,0,0,-1,-1,-1
M1.CGCTTCACATGTCCTC-1,-1,-1,-1,3,4,3,0,2,0,0,0,4,4,0,-1,-1,-1,0,0,0,0,4,0,0,0,7,0,0,-1,-1,-1
M1.ATAACGCGTCTCCCTA-1,-1,-1,-1,0,4,3,0,2,0,0,0,0,0,0,-1,-1,-1,8,0,0,0,4,0,0,0,7,0,0,-1,-1,-1
M1.CGAGAAGGTCTCCACT-1,0,0,0,4,4,3,0,2,0,-1,-1,0,5,4,3,0,0,0,0,0,0,0,0,4,0,0,0,0,-1,-1,-1
I12,0,0,0,0,0,3,0,0,0,0,0,0,0,0,0,0,0,0,0,0,0:0.97/2:0.03,0,0,0,0,0,0,0,-1,-1,-1
clade_90,0,0,0,0,0,3,4,0,0,0,0,0,0,0,2,2,2,2,0,0,2,0,3,0,3,0,0,0,-1,-1,-1
RE.CGGGTCATCATGGTCA-1,0,3,0,0,0,3,4,0,0,0,0,0,0,0,2,2,2,2,0,0,2,0,3,0,3,0,2,0,-1,-1,-1
clade_92,0:0.01/4:0.99,0,0,0,0,3,4,0,0,0,0,0,0,0,2,2,2,2,0,0,2,0,3,0,3,0,0,0,-1,-1,-1
RE.CGATGTATCCTTAATC-1,4,0,0,0,0,3,4,0,0,0,0,0,0,0,2,2,2,2,0,0,2,2,3,0,3,0,0,0,-1,-1,-1
RE.CGGACACGTCTAACGT-1,4,0,0,2,0,3,4,0,0,0,0,0,0,0,2,2,2,2,0,0,2,0,3,0,3,0,3,0,-1,-1,-1
clade_82,0:0.02/3:0.98,0,0,0,0,3,0,0,0,0,0:0.02/2:0.98,0,0,0,0,0,0,0,0,0,0:0.09/-1:0.89/2:0.02,0:0.1/-1:0.89/0:0.003/2:0.003/3:0.003/4:0.003,0:0.04/2:0.96,0,0,0,0:0.55/7:0.45,0,-1,-1,-1
M1.CCCATACGTGAGTATA-1,3,0,0,0,0,3,0,0,0,0,2,5,0,0,0,0,0,0,0,7,-1,-1,2,0,0,-1,-1,-1,-1,-1,-1
Liv.CCGTGGAAGTGCGATG-1,3,6,0,0,0,3,0,0,0,0,2,7,0,0,0,6,0,0,10,8,-1,-1,2,0,0,0,7,0,-1,-1,-1
I13,0,0,0,0,0,3,0,0,0,0,0,0,0,0,0,0,0,0,0,0,0,0,0,0,0,0,0,0,0,0,0
I14,0,0,0,0,0,3,0,0,0,0,0,0,0,0,0,0,0,0,0,0,0,0,0,0,0,0,0,0,0,0,0
clade_49,0,0,0,0,0,3,0,0,0,0,0,0,0,0,0,0,0,0,0,0,0,0,0,0,0,0,0,0,0,0,0
clade_27,4,0,3,0,0,3,0,0,0,0,0,0,0,0,0,0,0,0,0,0,0,0,0,0,0,0,0,0,0,0,0
clade_36,4,4,3,0,0,3,0,0,0,0,0,0,0,0,0,0,0,0:0.02/-1:0.98,0:0.02/-1:0.98,0:0.02/-1:0.98,0,0,0,0,0,0,0,0,0,0,0
M2.CGACCTTTCGTATCAG-1,4,4,3,-1,-1,-1,-1,-1,-1,-1,-1,0,0,0,0,0,0,-1,-1,-1,0,0,0,0,0,0,5,0,0,0,0
I15,4,4,3,0,0,3,0,0,0,0,0,0,0,0,0,0,0,0:0.01/-1:0.99,0:0.01/-1:0.99,0:0.01/-1:0.99,0,0,0,0,0,0,0,0,0,0,0
clade_46,4,4,3,0,0,3,0,0,0,0,0,0,0,0,0,0,0,-1,-1,-1,0,0,0,0,0,0,0,0,0:0.09/-1:0.9/0:0.002/2:0.002/3:0.002/4:0.002/5:0.002/6:0.002,0:0.09/-1:0.9/0:0.002/2:0.002/3:0.002/4:0.002/5:0.002,0:0.09/-1:0.9/0:0.002/2:0.002/3:0.002/4:0.002/5:0.002/6:0.002
M2.ATCCACCTCATGCAAC-1,4,4,3,-1,-1,-1,0,0,0,0,0,0,0,0,0,0,0,-1,-1,-1,0,3,0,0,0,0,0,0,-1,-1,-1
I16,4,4,3,0,0,3,0,0,0,0,0,0,0,0,0,0,0,-1,-1,-1,0,0,0:0.01/-1:0.99,0:0.01/-1:0.99,0:0.01/-1:0.99,0,0,0,-1,-1,-1
M2.TATGCCCGTGTCCTCT-1,4,4,3,0,0,3,0,0,0,0,0,0,0,0,0,0,0,-1,-1,-1,0,0,-1,-1,-1,0,0,0,-1,-1,-1
M2.GCGCGATTCTTTAGTC-1,4,4,3,0,0,3,0,0,0,6,0,0,0,0,0,0,0,-1,-1,-1,4,0,-1,-1,-1,0,0,0,-1,-1,-1
M2.GCAGTTAAGCGTTTAC-1,4,4,3,0,0,3,0,0,0,0,0,0,0,0,4,0,0,-1,-1,-1,4,0,0,0,0,5,4,0,0,0,0
I17,4,0,3,0,0,3,0,0,0,0,0,0,0,0,0,0,0,0,0,0,0,0,0,0,0,0,0,0,0,0,0:0.97/3:0.03
clade_31,4,0,3,0,0,3,0,0,0,0,0,0,0,0,0,0,0,0,0,0,0:0.05/-1:0.94/0:0.003/2:0.003/3:0.003/4:0.003,0:0.05/-1:0.94/0:0.003/2:0.003/3:0.003/4:0.003,0,0,0,0,0,0,0:0.05/-1:0.94/0:0.002/2:0.002/3:0.002/4:0.002/5:0.002/6:0.002,0:0.05/-1:0.94/0:0.002/2:0.002/3:0.002/4:0.002/5:0.002,0:0.05/-1:0.94/3:0.01
M2.AAAGATGGTGGGTATG-1,4,0,3,0,0,3,0,0,0,0,0,0,0,0,0,0,3,0,0,0,-1,-1,0,0,3,0,0,0,-1,-1,-1
M2.CAGCTGGAGATGTCGG-1,4,0,3,0,0,3,0,0,0,-1,-1,0,0,0,0,0,0,0,0,0,-1,-1,0,0,0,-1,-1,-1,-1,-1,-1
M2.GTTTCTAAGGTAGCCA-1,4,0,3,0,0,3,0,0,0,0,0,0,0,0,0,0,0,4,0,0,0,0,0,0,0,4,0,0,0,0,3
I18,0,0,0,0,0,3,0,0,0,0,0,0,0,0,0,0,0,0:0.02/-1:0.98,0:0.02/-1:0.98,0:0.02/-1:0.98,0,0,0,0,0,0,0,0,0,0,0
clade_10,0,0,0,0,0,3,4,0,0,2,0,0:0.01/-1:0.99,0:0.01/-1:0.99,0:0.01/-1:0.99,0,0,4,-1,-1,-1,0,0,0,0,0,0,0,0,0:0.21/4:0.79,0,0
M1.AACTCAGCATCACGTA-1,0,0,0,0,0,3,4,0,0,2,0,-1,-1,-1,0,0,4,-1,-1,-1,0,0,0,0,0,0,0,0,4,0,0
M1.TTGGAACTCTGAGGGA-1,0,0,0,0,0,3,4,0,0,2,0,-1,-1,-1,0,0,4,-1,-1,-1,0,0,0,0,0,0,0,0,-1,-1,-1
I19,0,0,0,0,0,3,0,0,0,0,0,0,0,0,0,0,0,0:0.01/-1:0.98/0:0.001/2:0.001/3:0.001/4:0.001/5:0.001/6:0.001/7:0.001/8:0.001/9:0.001,0:0.01/-1:0.98/0:0.001/2:0.001/3:0.001/4:0.001/5:0.001/6:0.001/7:0.001/8:0.001/9:0.001/10:0.001,0:0.01/-1:0.98/0:0.001/2:0.001/3:0.001/4:0.001/5:0.001/6:0.001/7:0.001/8:0.001,0,0,0,0,0,0,0,0,0:0.97/6:0.03,0:0.97/5:0.03,0
LL.CACAAACTCGGAATCT-1,0,0,0,6,0,3,0,0,0,0,0,0,0,0,0,0,6,-1,-1,-1,0,0,2,0,0,0,0,0,6,5,0
RW.CTTTGCGGTACATGTC-1,0,0,0,0,0,3,0,3,0,0,0,0,0,0,0,0,0,-1,-1,-1,0,0,0,0,0,0,0,2,-1,-1,-1
Liv.AGGCCGTTCTGTGCAA-1,0,6,0,0,4,3,0,0,0,0,0,0,0,0,-1,-1,-1,0,0,0,0,0,0,5,5,0,0,7,0,0,6
clade_1,0,0,0,0,0,3,0,0,0,0,0:0.35/2:0.65,0,0:0.02/3:0.98,0,0,0,0,0,0,0,0,0,0:0.03/2:0.97,0,0,0:0.07/-1:0.93,0:0.07/-1:0.93,0:0.07/-1:0.93,0,0,0
clade_52,0,0,0,0,0,3,0,0,0,0,2,0,3,0,0,0,0,0,0,0,0,0,2,0,0,-1,-1,-1,2,3,0
I20,0,0,0,0,0,3,0,0,0,0,2,0,3,0,0,0,0,0,0,0,0,0,2,0,0,-1,-1,-1,2,3,0
clade_75,0,0,0,0,0,3,0,0,0,0,2,0,3,0,0,0,0,0,0,0,0,0,2,0,0,-1,-1,-1,-1,-1,-1
clade_77,0,0,0,0,0,3,0,0,0,0:0.81/2:0.19,2,0,3,0,0,0,0,0,0,0,0,0,2,0,0,-1,-1,-1,-1,-1,-1
M1.TCGTAGAGTAGGCTGA-1,0,7,0,0,0,3,0,0,0,-1,-1,0,3,0,6,0,0,0,0,0,0,0,2,0,0,-1,-1,-1,-1,-1,-1
clade_78,0,0,0,0,0,3,0,0,0,0:0.03/2:0.97,2,0,3,0,0,0,0,0,0,0,0,0,2,0,0,-1,-1,-1,-1,-1,-1
M1.CCCTCCTAGAAACGCC-1,0,0,0,0,0,3,0,0,0,2,2,0,3,0,0,0,0,0,0,0,0,0,2,0,0,-1,-1,-1,-1,-1,-1
M1.CTAATGGTCAGGTTCA-1,4,0,0,0,0,3,6,0,0,2,2,0,3,0,0,0,0,-1,-1,-1,0,0,2,0,0,-1,-1,-1,-1,-1,-1
I21,0,0,0,0,0,3,0,0,0,0,2,0:0.95/4:0.05,3,0:0.95/3:0.05,0,0,0,0,0,0,0,0,2,0,0,-1,-1,-1,-1,-1,-1
M1.GAGCAGAAGTAAGTAC-1,0,0,0,0,0,3,0,0,0,0,2,4,3,3,0,0,0,0,0,0,0,0,2,0,0,-1,-1,-1,-1,-1,-1
M1.TGCACCTAGTTAACGA-1,0,0,0,0,0,3,0,0,0,0,2,-1,-1,-1,0,0,0,0,0,0,-1,-1,2,0,0,-1,-1,-1,-1,-1,-1
I22,0,0,0,0,0,3,0,0,0,0,2,0,3,0,0,0,0,0,0,0,0,0,2,0,0,-1,-1,-1,2,3,0
M1.AACTGGTAGGCGTACA-1,0,0,0,0,0,3,0,0,0,0,2,6,3,0,0,0,0,0,0,0,0,0,2,0,0,-1,-1,-1,2,3,5
M1.CGATGTATCATAGCAC-1,0,10,0,0,0,3,0,0,0,0,2,0,3,0,0,0,0,0,0,0,0,0,2,0,0,-1,-1,-1,2,3,0
clade_53,0,0,0,0,0,3,0,0,0,0,2,0,3,0,0,0,0,0,0,0,0:0.54/2:0.46,0,2,0,0,-1,-1,-1,2,3,0
M1.ACTGATGTCGACAGCC-1,-1,-1,-1,0,0,3,0,0,0,0,2,0,3,0,3,0,0,0,0,0,-1,-1,2,0,0,-1,-1,-1,2,3,0
clade_55,0,0,0,0,0,3,0,0,0,0,2,0,3,0,0,0,0,0,0,0,0:0.01/2:0.99,0,2,0,0,-1,-1,-1,2,3,0
I23,0,0,0,0,0,3,0,0,0,0,2,0,3,0,0,3,0,0,0,0,2,0,2,0,0,-1,-1,-1,2,3,0
M1.AACCGCGCACCGAAAG-1,0,0,0,0,0,3,0,0,0,0,2,0,3,0,0,3,0,0,7,0,2,0,2,0,4,-1,-1,-1,2,3,0
I24,0,0,0,0,0,3,0,0,0,0,2,0,3,0,0,3,0,0,0,0,2,0,2,0,0,-1,-1,-1,2,3,0
M1.CGGACTGAGATGTGGC-1,0,0,0,0,0,3,0,0,0,0,2,0,3,0,0,3,0,0,0,0,2,3,2,0,0,-1,-1,-1,2,3,0
M1.CTCTGGTTCCCATTTA-1,0,0,0,0,0,3,0,0,0,0,2,0,3,0,0,3,0,0,0,0,2,0,2,0,0,-1,-1,-1,2,3,0
clade_61,0,0,0,0,0,3,0,0,0,0,2,0,3,0,0,0,0,0,0,0,2,0,2,0,0,-1,-1,-1,2,3,0
clade_56,0,0,0,0,0,3,0:0.29/4:0.71,0,0,0,2,0,3,0,0:0.95/5:0.05,0:0.95/4:0.05,0,0,0,0,2,0,2,0,0,-1,-1,-1,2,3,0
M1.CATATGGAGACTAGGC-1,0,0,0,0,0,3,4,0,0,0,2,0,3,0,-1,-1,-1,0,0,0,2,0,2,0,0,-1,-1,-1,-1,-1,-1
clade_68,0,0,0,0,0,3,0:0.24/4:0.76,0,0,0,2,0,3,0,0:0.79/5:0.21,0:0.79/4:0.21,0,0,0:0.82/4:0.18,0,2,0,-1:0.71/2:0.29,0:0.28/-1:0.71/2:0.002/0:0.002/3:0.002/4:0.002/5:0.002,0:0.28/-1:0.71/2:0.002/0:0.002/3:0.002/4:0.002/5:0.002,-1,-1,-1,2,3,0
M1.GTAGGCCTCTGAAAGA-1,0,0,0,0,0,3,-1,-1,-1,0,2,0,3,0,-1,-1,-1,-1,-1,-1,2,0,-1,-1,-1,-1,-1,-1,2,3,0
M1.TGCCCATTCCGCGTTT-1,0,0,0,0,0,3,4,0,0,0,2,0,3,0,5,4,0,0,4,0,-1,-1,-1,-1,-1,-1,-1,-1,2,3,0
I25,0,0,0,0,0,3,0,0,0,0,2,0,3,0,0,3,0,0,0,0,2,0,2,0,0,-1,-1,-1,-1,-1,-1
clade_62,0,0,0,0,0,3,0,0,0,0,2,0,3,0,0,3,0,-1,-1,-1,2,0,2,0,0,-1,-1,-1,-1,-1,-1
M1.TGCTGCTGTAAGGGCT-1,0,0,0,0,0,3,0,0,0,0,2,0,3,0,0,3,0,-1,-1,-1,2,0,2,0,0,-1,-1,-1,-1,-1,-1
M1.CTGAAGTCAAGCGTAG-1,0,0,0,0,0,3,0,0,0,0,2,0,3,0,0,3,0,-1,-1,-1,2,0,2,0,0,-1,-1,-1,-1,-1,-1
I26,0,0,0,0,0,3,0,0,0,0,2,0,3,0,0,3,0,0,0,0,2,0,2,0,0,-1,-1,-1,-1,-1,-1
M1.TTAGGACAGCTAGCCC-1,0,0,0,0,0,3,0,0,0,0,2,0,3,0,0,3,0,3,0,0,2,0,2,0,0,-1,-1,-1,-1,-1,-1
I27,0,0,0,0,0,3,0,0,0,0,2,0,3,0,0,3,0,0,0,0,2,0,2,0,0,-1,-1,-1,-1,-1,-1
M1.TACTTACGTTAAGACA-1,0,0,0,0,0,3,0,0,0,0,2,0,3,0,0,3,0,0,0,0,2,0,2,3,0,-1,-1,-1,-1,-1,-1
I28,0,0,0,0,0,3,0,0,0,0,2,0,3,0,0,3,0,0,0,0,2,0,2,0,0,-1,-1,-1,-1,-1,-1
M2.TACGGGCAGCACCGTC-1,0,0,0,0,0,3,0,0,0,0,2,3,3,0,0,3,0,0,0,0,2,0,2,0,0,-1,-1,-1,-1,-1,-1
clade_57,0,0,0,0,0,3,0,0,0,0,2,0,3,0,0,3,0,0,0,0,2,0,2,0,0,-1,-1,-1,-1,-1,-1
M1.ACCAGTAGTTCCGTCT-1,0,0,0,0,0,3,0,0,0,0,2,0,3,0,0,3,0,0,0,0,2,0,2,0,0,-1,-1,-1,-1,-1,-1
M1.TGAGGGACACATCCGG-1,0,0,0,0,0,3,0,0,0,0,2,0,3,0,0,3,0,0,0,0,2,0,2,0,0,-1,-1,-1,-1,-1,-1
M1.CGGTTAACACTAGTAC-1,6,0,0,-1,-1,-1,4,0,0,-1,-1,0,3,3,0,0,0,0,0,0,0,0,2,0,0,-1,-1,-1,3,0,0
