(((((((((RW.TATCTCAAGTTGAGAT-1:1.002,RW.TCGAGGCCAATGTTGC-1:1.002)I8:0.004,RW.CGAGAAGCAGCGTCCA-1:3.006)clade_10:6.313,((M2.CATGGCGTCGCCGTGA-1:4.02,(M2.CTGCGGATCATACGGT-1:1.011,M2.ATCCACCAGGAGCGTT-1:2.011)I7:0.011)clade_16:6.102,(((M2.GTAACTGCACACATGT-1:2.009,(M2.AACTCTTCAGGTCTCG-1:0.003,M2.AGTGGGAGTTCTCATT-1:3.003)clade_31:0.006)clade_23:2.991,M2.GGAACTTAGCCGGTAA-1:4)I6:0,((M2.CGAGAAGGTCCAGTAT-1:3.067,M2.CACTCCAAGTCCTCCT-1:1.722)clade_27:1.278,M2.ATCATGGGTTCCTCCA-1:1)I5:0)clade_22:1.829)clade_14:2.489)clade_9:1.91,(RW.TGATTTCGTGTGACCC-1:1.273,RW.AGTGGGAGTATATCCG-1:2.045)I4:3.876)clade_5:2.752,M1.TCGCGTTCACGAGGTA-1:8.242)clade_4:1.125,RE.CATATGGTCAATCTCT-1:2.106)clade_3:3.872,(M2.TGGTTCCTCCTAAGTG-1:15.134,(LL.CCATTCGAGGTGGGTT-1:3.024,M2.AAGGTTCAGTAAGTAC-1:7.411)clade_40:2.53)clade_37:6.664)clade_51:0.023,((LL.GACGCGTCACGAGGTA-1:4.018,((LL.CTAGCCTCAAACGCGA-1:0,LL.CAAGATCAGTAGCCGA-1:1)I3:0.006,LL.ACATGGTAGGAATCGC-1:2.006)I2:0.066)clade_46:12.751,((M1.TGGCCAGTCATGTGGT-1:5.031,M1.CAGGTGCTCCTGCAGG-1:2.059)I1:0.013,M1.TACCTTAGTCTCCACT-1:3.05)clade_52:10.917)clade_39:3.5)root:0)I0;
I0,0,0,0,0,0,0,0,0,0,0,0,0,0,0,0,0,0,0,0,0,0,0,0,0
root,0,0,0,0,0,0,0,0,0,0,0,0,0,0,0,0,0,0,0,0,0,0,0,0
clade_39,0:0.8/4:0.2,0,0:0.28/4:0.72,0:0.44/3:0.56,0,0,0,0,0,0,0:0.45/-1:0.51/0:0.01/2:0.01/3:0.01/4:0.01,0:0.45/-1:0.51/0:0.013/2:0.013/3:0.013,0:0.45/-1:0.51/2:0.02/0:0.02,0,0,0,0,0,0,0,0:0.82/4:0.18,0:0.82/4:0.18,0,0
clade_52,4,0,0:0.01/4:0.99,0:0.02/3:0.98,0,0,0,4,5,7,-1,-1,-1,0,0,0,0:0.01/3:0.99,0:0.01/3:0.99,0,0,-1,-1,-1,0
M1.TACCTTAGTCTCCACT-1,4,0,-1,-1,-1,0,0,4,5,7,-1,-1,-1,0,0,0,3,3,0,0,-1,-1,-1,0
I1,4,0,4,0:0.01/3:0.99,0,0,0,4,5,7,-1,-1,-1,0,0,0,0:0.01/3:0.99,0:0.01/3:0.99,0,0,-1,-1,-1,0
M1.CAGGTGCTCCTGCAGG-1,4,0,4,3,0,0,0,4,5,7,-1,-1,-1,4,3,0,3,3,0,0,-1,-1,-1,0
M1.TGGCCAGTCATGTGGT-1,4,0,4,3,0,0,0,4,5,7,-1,-1,-1,0,2,0,-1,-1,-1,0,-1,-1,-1,3
clade_46,-1,-1,0:0.01/4:0.99,0:0.01/3:0.99,0:0.03/3:0.97,-1,-1,0,0,0,-1,-1,-1,5,4,3,0,0,3,0,4,4,0,0
I2,-1,-1,4,3,3,-1,-1,0,0,0,-1,-1,-1,5,4,3,0,0,3,0,4,4,0,0
LL.ACATGGTAGGAATCGC-1,-1,-1,4,3,3,-1,-1,5,7,0,-1,-1,-1,5,4,3,0,0,3,0,4,4,0,0
I3,-1,-1,4,3,3,-1,-1,0,0,0,-1,-1,-1,5,4,3,0,0,3,0,4,4,0,0
LL.CAAGATCAGTAGCCGA-1,-1,-1,4,3,3,-1,-1,4,0,0,-1,-1,-1,5,4,3,0,0,3,0,4,4,0,0
LL.CTAGCCTCAAACGCGA-1,-1,-1,4,3,3,-1,-1,0,0,0,-1,-1,-1,5,4,3,0,0,3,0,4,4,0,0
LL.GACGCGTCACGAGGTA-1,-1,-1,-1,-1,-1,-1,-1,0,0,0,-1,-1,-1,5,4,3,0,4,3,0,4,4,0,0
clade_51,0,0,0,0:0.98/2:0.02,0,0,0,0,0,0,0,0,0,0,0,0,0,0,0,0,0,0,0,0
clade_37,0:0.46/3:0.54,0,0:0.16/-1:0.81/0:0.007/2:0.007/3:0.007/4:0.007,0:0.15/-1:0.81/2:0.04,0:0.16/-1:0.81/2:0.01/0:0.01/3:0.01,0:0.47/2:0.53,0,0,0,0,0,0,0,0:0.16/-1:0.81/0:0.006/2:0.006/3:0.006/4:0.006/5:0.006,0:0.16/-1:0.81/0:0.007/2:0.007/3:0.007/4:0.007,0:0.16/-1:0.81/0:0.01/2:0.01/3:0.01,0,0,0:0.47/3:0.53,0,0,0,0,0
clade_40,0:0.05/3:0.95,0,0:0.03/-1:0.96/0:0.003/2:0.003/3:0.003/4:0.003,0:0.03/-1:0.96/2:0.01,0:0.03/-1:0.96/2:0.003/0:0.003/3:0.003,0:0.06/2:0.94,0,0,0,0,0:0.61/4:0.39,0,0,0:0.03/-1:0.96/0:0.002/2:0.002/3:0.002/4:0.002/5:0.002,0:0.03/-1:0.96/0:0.003/2:0.003/3:0.003/4:0.003,0:0.03/-1:0.96/0:0.003/2:0.003/3:0.003,0,0,0:0.06/3:0.94,0,0,0,0,0
M2.AAGGTTCAGTAAGTAC-1,3,0,-1,-1,-1,2,0,2,4,6,-1,-1,-1,-1,-1,-1,0,0,3,0,0,0,4,0
LL.CCATTCGAGGTGGGTT-1,3,0,-1,-1,-1,2,0,0,6,0,4,0,0,-1,-1,-1,4,0,3,0,0,0,0,0
M2.TGGTTCCTCCTAAGTG-1,-1,-1,-1,-1,-1,-1,-1,3,0,0,2,2,0,-1,-1,-1,-1,-1,-1,0,3,2,2,2
clade_3,0,0,0,0:0.06/2:0.94,0,0,0,0:0.01/2:0.99,0,0,0,0,0:0.03/2:0.97,0,0,0,0,0:0.01/2:0.99,0,0,0,0,0,0
RE.CATATGGTCAATCTCT-1,0,0,0,2,0,0,2,2,0,0,0,0,2,0,0,0,0,2,0,2,0,0,0,0
clade_4,0,0,0,0:0.04/2:0.96,0:0.7/2:0.3,0,0,2,0,0,0,0,0:0.01/2:0.99,0,0,0,0,2,0,0,0:0.23/2:0.77,0,0,0
M1.TCGCGTTCACGAGGTA-1,0,0,-1,-1,-1,-1,-1,2,0,8,0,0,2,0,0,0,0,2,0,0,2,5,0,3
clade_5,0:0.03/2:0.97,0:0.07/2:0.93,0,2,0:0.03/2:0.97,0,0,2,0,0,0,0,2,0,0,0,0,2,0,0,0:0.09/2:0.91,0,0,0
I4,2,2,0,2,2,0:0.23/2:0.77,0,2,0,0,0,0,2,0,0,0,0,2,0,0,-1:0.99/2:0.01,0:0.01/-1:0.99,0:0.01/-1:0.99,0
RW.AGTGGGAGTATATCCG-1,2,2,0,2,2,-1,-1,2,0,0,0,0,2,0,0,0,0,2,0,0,-1,-1,-1,0
RW.TGATTTCGTGTGACCC-1,2,2,0,2,2,2,0,2,0,0,0,0,2,0,0,0,0,2,0,0,-1,-1,-1,-1
clade_9,2,0:0.01/2:0.99,0,2,2,0:0.2/3:0.8,0,2,0,0,0,0,2,0,0,0,0,2,0:0.1/2:0.9,0,0:0.01/2:0.99,0,0,0
clade_14,2,2,0,2,2,0:0.12/3:0.88,0,2,0,0,0,0:0.06/3:0.94,2,0:0.59/3:0.41,0,0,0,2,0:0.01/2:0.99,0,2,0,0:0.05/3:0.95,0
clade_22,2,2,0,2,2,3,0,2,0,0,3,3,2,3,0,0,0,2,2,0,2,0,3,0
I5,2,2,0,2,2,3,0,2,0,0,3,3,2,3,0,0,0,2,2,0,2,0,3,0
M2.ATCATGGGTTCCTCCA-1,2,2,0,2,2,3,0,2,0,0,3,3,2,3,0,0,0,2,2,0,2,4,3,0
clade_27,2,2,0:0.66/3:0.34,2,2,3,0,2,0,0,3,3,2,3,0,0,0,2,2,0,2,0,3,0:0.07/3:0.93
M2.CACTCCAAGTCCTCCT-1,2,2,3,2,2,3,0,2,0,0,3,3,2,3,0,0,0,2,2,3,2,0,3,3
M2.CGAGAAGGTCCAGTAT-1,2,2,-1,-1,-1,3,0,2,0,0,3,3,2,3,0,0,0,2,2,0,2,0,3,3
I6,2,2,0,2,2,3,0,2,0,0,3,3,2,3,0,0,0,2,2,0,2,0,3,0
M2.GGAACTTAGCCGGTAA-1,2,2,0,2,2,-1,-1,2,3,3,3,3,2,3,0,0,0,2,2,0,2,0,3,0
clade_23,2,2,-1,-1,-1,3,0,2,0,0,3,3,2,3,0,0,0,2,2,0,2,0,3,0
clade_31,2,2,-1,-1,-1,3,0,2,0,0,3,3,2,3,0,0,0,2,2,0,2,0,3,0
M2.AGTGGGAGTTCTCATT-1,2,2,-1,-1,-1,-1,-1,2,0,5,3,3,2,3,0,0,0,2,2,0,2,0,3,0
M2.AACTCTTCAGGTCTCG-1,2,2,-1,-1,-1,3,0,2,0,0,3,3,2,3,0,0,0,2,2,0,2,0,3,0
M2.GTAACTGCACACATGT-1,2,2,-1,-1,-1,3,0,2,2,2,3,3,2,3,0,0,0,2,2,0,2,0,3,0
clade_16,2,2,0,2,2,-1,-1,2,0,0,4,3,2,-1,-1,-1,0,2,2,0,2,0,3,0
I7,2,2,0,2,2,-1,-1,2,0,0,4,3,2,-1,-1,-1,0,2,2,0,2,0,3,0
M2.ATCCACCAGGAGCGTT-1,2,2,0,2,2,-1,-1,2,0,4,4,3,2,-1,-1,-1,0,2,2,0,2,0,3,3
M2.CTGCGGATCATACGGT-1,2,2,0,2,2,-1,-1,2,0,0,4,3,2,-1,-1,-1,0,2,2,0,2,3,3,0
M2.CATGGCGTCGCCGTGA-1,2,2,2,2,2,-1,-1,2,0,0,4,3,2,-1,-1,-1,0,2,2,0,-1,-1,-1,0
clade_10,2,2,0,2,2,3,0,-1,-1,-1,2,2,2,0,0,0,2,2,2,0,2,0,0,0
RW.CGAGAAGCAGCGTCCA-1,2,2,-1,-1,-1,3,0,-1,-1,-1,2,2,2,0,0,0,2,2,2,0,2,0,0,0
I8,2,2,0,2,2,3,0,-1,-1,-1,2,2,2,0,0,0,2,2,2,0,2,0,0,0
RW.TCGAGGCCAATGTTGC-1,2,2,0,2,2,3,0,-1,-1,-1,2,2,2,2,0,0,2,2,2,0,2,0,0,0
RW.TATCTCAAGTTGAGAT-1,2,2,0,2,2,3,0,-1,-1,-1,2,2,2,0,0,2,2,2,2,0,2,0,0,0
