(((((LL.GGGCACTCATCCTAGA-1:0.011,LL.ACGAGCCAGGACATTA-1:1.011)clade_84:3.163,M1.GACCAATAGCTAACTC-1:2.173)clade_82:4.855,((((M1.CCATGTCGTTAAAGAC-1:2,M2.ACTGAACAGCTGCGAA-1:3)I26:0,M1.TCGGGACTCCTTGACC-1:1)I25:0,M1.GCTCCTAAGATATACG-1:3)I24:0.021,((M1.TTGCGTCAGGATGGAA-1:0,M1.ACAGCTACACTATCTT-1:0)clade_89:2.608,M1.TAAGAGAAGGAGTTGC-1:4.094)clade_88:4.412)I23:0.041)clade_77:5.94,(((((((M1.TCAGCTCGTTGTGGAG-1:10.014,(RW.CCAGCGATCCCTCAGT-1:1.967,M1.AAGGTTCGTTCGGCAC-1:6.008)clade_61:0.047)clade_59:1.986,M1.GATCTAGCAAGCCTAT-1:7)clade_58:0,(((((RW.GTCTTCGCACAGCCCA-1:1.659,Liv.CGGACTGCACCGCTAG-1:3.027)clade_65:1.343,M1.CATGCCTGTGTCTGAT-1:2.001)I22:0.001,M2.GGAACTTCATTAGGCT-1:4.002)clade_64:0.011,RE.AGTGAGGCATCGACGC-1:7.013)clade_73:2.988,M1.CATCGAACATTGCGGC-1:4)I21:0)I20:1.001,((((M1.CTGTGCTTCTCCAGGG-1:4.121,M1.TTGACTTTCTGCCAGG-1:0.121)I19:2.889,((M1.GGAATAACAGATCTGT-1:0,M1.CGGTTAAGTGGTACAG-1:0)I18:0,M1.CATCAAGCAAAGGCGT-1:1)I17:0)I16:0.002,M1.TACGGATGTCATCGGC-1:4.002)clade_44:0.998,((((Liv.GTATTCTTCTGATTCT-1:4.025,Liv.AGTGGGATCACAGGCC-1:0.025)clade_50:1.975,((((RW.TGGTTCCAGGATTCGG-1:0,RW.CTACATTCACCATGTA-1:0)I15:0.001,RW.GTAACTGGTGCGATAG-1:1.001)clade_55:0.999,(RW.ACACCCTTCAGTGTTG-1:1,RW.GGGCATCCATTATCTC-1:0)I14:0)clade_53:1,M1.TAGAGCTTCTTCAACT-1:4)I13:0)clade_52:0.005,M1.CTGAAACCATGGGAAC-1:8.005)clade_49:0.995,RE.GCGCCAATCCCTAACC-1:1)I12:0.001)clade_42:3.001)clade_39:0.009,M1.TTCGAAGTCTATCCCG-1:9.011)clade_38:0.15,(M1.CTACGTCTCGAGCCCA-1:8.067,(M2.GACTGCGCATCGATGT-1:3.02,(M1.AATCCAGGTGTGGTTT-1:1.017,M1.AGCAGCCCAATGGATA-1:2.017)clade_91:1.002)I11:0.047)I10:2.94)I9:0.839,(((((Liv.CTCGTACGTGGCAAAC-1:3,((((RW.GTACTCCCACAAGACG-1:0,RW.ACTGAGTGTGCGATAG-1:0)I8:0,RW.TTGCGTCTCCGATATG-1:0)I7:0,RW.TAGACCATCGTCGTTC-1:1)I6:0.009,RW.CACTCCACATGTAAGA-1:3.009)clade_9:1.991)I5:0,M2.CATTCGCCAGACGCCT-1:6)I4:0.001,(RW.TGAGCCGAGTCCGTAT-1:1.136,M1.TTGGCAACACCAGTTA-1:9.136)clade_5:0.864)clade_2:1,((((M1.CATCAAGAGATGCGAC-1:0,M1.GCACTCTTCAGCTTAG-1:0)clade_16:4.053,M1.TTGCCGTGTTCGCGAC-1:2.053)clade_14:0.966,M1.CAACCAATCAGAGCTT-1:4.019)clade_12:0.981,((RW.CTCACACTCAACGAAA-1:5.165,RE.AAACCTGTCAGTCAGT-1:4.165)clade_18:1.835,(((RW.TGCACCTAGTCCATAC-1:1.014,RW.TATCAGGAGATCTGAA-1:2.014)clade_26:1.995,(M2.CGCTGGAGTCCAGTAT-1:0,M2.TTGGCAAGTTATTCTC-1:1)clade_23:0.009)clade_25:1,M1.ACGAGGAGTGACGGTA-1:1.009)clade_22:1.991)I3:0)I2:0)clade_1:1,(M1.ATCATGGCATACGCTA-1:4.085,LL.CGGAGCTGTCGGCTCA-1:3.085)clade_33:2.915)clade_32:0)I1:0)root:0)I0;
I0,0,0,0,0,0,0,0,0,0,0,0,0,0,0,0,0,0,0,0
root,0,0,0,0,0,0,0,0,0,0,0,0,0,0,0,0,0,0,0
I1,0,0,0,0,0,0,0,0,0,0,0,0,0,0,0,0,0,0,0
clade_32,0,0,0,0,0,0,0,0,0,0,0,0,0,0,0,0,0,0,0
clade_33,0,0,0,0,0,0,0,0:0.04/2:0.96,0,0,0,0:0.03/7:0.97,0,0:0.02/8:0.98,0,0,0,0,0
LL.CGGAGCTGTCGGCTCA-1,0,0,0,0,0,0,0,2,0,0,0,7,0,8,0,10,8,0,2
M1.ATCATGGCATACGCTA-1,-1,-1,-1,0,0,0,0,2,0,0,0,7,0,8,7,0,0,0,0
clade_1,0,0,0,0,0,0,0,0,0,0,0,0,0,0,0,0,2,0,0
I2,0,0,0,0,0,0,0,0,0,0,0,0,0,0,0,0,2,0,0
I3,0,0,0,0,0,0,0,0,0,0,0,0,0,0,0,0,2,0,0
clade_22,0,0,0,0,2,0,0:0.01/3:0.99,0,0,0,0,0,0,0,0,0,2,0,0
M1.ACGAGGAGTGACGGTA-1,0,0,0,2,2,0,3,0,0,0,0,0,0,0,0,0,2,0,0
clade_25,0,0,0,0,2,0,3,0:0.01/2:0.99,0,0,0,0,0,0,0,0,2,0,0
clade_23,0,0,0,0,2,0,3,2,0,0,0,0,0,0,0,0,2,0,0
M2.TTGGCAAGTTATTCTC-1,4,0,0,0,2,0,3,2,0,0,0,0,0,0,0,0,2,0,0
M2.CGCTGGAGTCCAGTAT-1,0,0,0,0,2,0,3,2,0,0,0,0,0,0,0,0,2,0,0
clade_26,0,0,0,0:0.01/2:0.99,2,0,3,2,0,0,0,0,0:0.01/2:0.99,0,0,0,2,0,0
RW.TATCAGGAGATCTGAA-1,4,3,0,2,2,0,3,2,0,0,0,0,2,0,0,0,2,0,0
RW.TGCACCTAGTCCATAC-1,0,0,0,2,2,0,3,2,0,0,0,0,2,0,0,2,2,0,0
clade_18,0,0,0,0,0,0:0.09/3:0.91,0,0,0,0,0,0,0,0,0,0,2,0:0.08/3:0.92,0
RE.AAACCTGTCAGTCAGT-1,0,0,0,0,5,3,5,0,0,0,0,0,5,0,0,3,2,3,0
RW.CTCACACTCAACGAAA-1,4,0,0,0,0,3,4,3,0,0,0,0,0,2,0,0,2,3,4
clade_12,0,0,0,0,0,0,0,0,0,0,0,0,0:0.02/6:0.98,0,0,0,2,0,0
M1.CAACCAATCAGAGCTT-1,0,0,0,0,0,0,-1,-1,-1,0,7,0,6,0,0,0,2,0,0
clade_14,0,0,0,0,0,0,0,0,0,0:0.05/4:0.95,0,0,6,0,0,0,2,0,0
M1.TTGCCGTGTTCGCGAC-1,0,0,4,0,0,0,0,0,0,4,0,0,6,0,0,5,2,0,0
clade_16,0,0,0,-1,-1,-1,0,2,0,4,0,0,6,0,0,0,2,0,0
M1.GCACTCTTCAGCTTAG-1,0,0,0,-1,-1,-1,0,2,0,4,0,0,6,0,0,0,2,0,0
M1.CATCAAGAGATGCGAC-1,0,0,0,-1,-1,-1,0,2,0,4,0,0,6,0,0,0,2,0,0
clade_2,0,0,0,0,0,0,0,0,0,0,0,0,0,0,0,0,2,2,0
clade_5,0,0,0,0,0,0,0,0,0,0,0,0,0:0.14/3:0.86,0,0,0,2,2,0
M1.TTGGCAACACCAGTTA-1,-1,-1,-1,-1,-1,-1,3,0,0,0,0,0,3,6,4,0,2,2,0
RW.TGAGCCGAGTCCGTAT-1,0,0,0,0,0,0,0,0,0,0,0,0,3,0,0,0,2,2,3
I4,0,0,0,0,0,0,0,0,0,0,0,0,0,0,0,0,2,2,0
M2.CATTCGCCAGACGCCT-1,5,4,2,0,0,0,0,0,0,0,0,0,-1,-1,-1,0,2,2,0
I5,0,0,0,0,0,0,0,0,0,0,0,0,0,0,0,0,2,2,0
clade_9,2,0,0,0,0,0:0.01/2:0.99,0,0,0,0,0,0,0,0,0,0,2,2,0
RW.CACTCCACATGTAAGA-1,2,0,0,0,0,2,0,0,0,-1,-1,-1,0,0,0,0,2,2,0
I6,2,0,0,0,0,2,0,0,0,0,0,0,0,0,0,0,2,2,0
RW.TAGACCATCGTCGTTC-1,2,0,0,0,3,2,0,0,0,0,0,0,0,0,0,0,2,2,0
I7,2,0,0,0,0,2,0,0,0,0,0,0,0,0,0,0,2,2,0
RW.TTGCGTCTCCGATATG-1,2,0,0,0,0,2,0,0,0,0,0,0,0,0,0,0,2,2,0
I8,2,0,0,0,0,2,0,0,0,0,0,0,0,0,0,0,2,2,0
RW.ACTGAGTGTGCGATAG-1,2,0,0,0,0,2,0,0,0,0,0,0,0,0,0,0,2,2,0
RW.GTACTCCCACAAGACG-1,2,0,0,0,0,2,0,0,0,0,0,0,0,0,0,0,2,2,0
Liv.CTCGTACGTGGCAAAC-1,0,0,0,4,0,0,0,0,0,0,0,0,0,0,8,11,2,2,0
I9,0,0,0,0,0,0,0:0.16/2:0.84,0,0,0,0,0,0,0,0,0,0,0,0
I10,0,0,0,0,0,0,-1:0.98/2:0.02,0:0.02/-1:0.98,0:0.02/-1:0.98,0,0,0,0,0,0,0,0,0,0
I11,0,0,0,0,0,0,-1:0.99/2:0.01,0:0.01/-1:0.99,0:0.01/-1:0.99,0,0,0,0,0,0,0,0,0,0
clade_91,0,0,0,0:0.02/4:0.98,0,0,-1,-1,-1,0,0,0,0,0,0,0,0,0,0
M1.AGCAGCCCAATGGATA-1,8,0,0,4,0,0,-1,-1,-1,0,0,0,0,0,0,10,0,0,0
M1.AATCCAGGTGTGGTTT-1,0,0,0,4,0,0,-1,-1,-1,0,0,0,6,0,0,0,0,0,0
M2.GACTGCGCATCGATGT-1,0,0,0,0,0,0,-1,-1,-1,4,0,0,0,0,0,0,5,0,5
M1.CTACGTCTCGAGCCCA-1,0,0,0,-1,-1,-1,-1,-1,-1,7,0,0,-1,-1,-1,0,0,6,0
clade_38,0,0,0,0,0,0,0:0.01/2:0.99,0,0,0,0,0,0,0,0,0,0,0,0
M1.TTCGAAGTCTATCCCG-1,7,0,0,4,0,0,2,0,2,0,0,0,-1,-1,-1,0,6,4,8
clade_39,0,0,0,0,0,0,2,0,0,0,0,0,0,0,0,0,0,0,0
clade_42,3,2,0,0,0,0,2,0,0,0,0,0,0,0,0,0,0,0,2
I12,3,2,0,0,0,0,2,0,0,0,0,0,0,0,0,0,0,0,2
RE.GCGCCAATCCCTAACC-1,3,2,0,0,4,0,2,0,0,0,0,0,0,0,0,0,0,0,2
clade_49,3,2,0,0,0,0,2,0,0,0,0,2,0,0,0,0,0,0,2
M1.CTGAAACCATGGGAAC-1,3,2,0,4,7,0,2,5,5,0,0,2,-1,-1,-1,9,0,0,2
clade_52,3,2,0,0,0,0,2,0,0,0,0,2,0,0,0,0,0,0,2
I13,3,2,0,0,0,0,2,0,0,0,0,2,0,0,0,0,0,0,2
M1.TAGAGCTTCTTCAACT-1,3,2,0,0,0,0,2,0,3,6,5,2,6,0,0,0,0,0,2
clade_53,3,2,0,0,0,0,2,0,0,0,0,2,0,0,2,0,0,0,2
I14,3,2,0,0,0,0,2,0,0,0,0,2,0,0,2,0,0,0,2
RW.GGGCATCCATTATCTC-1,3,2,0,0,0,0,2,0,0,0,0,2,0,0,2,0,0,0,2
RW.ACACCCTTCAGTGTTG-1,3,2,0,0,0,0,2,0,0,0,0,2,3,0,2,0,0,0,2
clade_55,3,2,0,0,0,0,2,0,0,2,0,2,0,0,2,0,0,0,2
RW.GTAACTGGTGCGATAG-1,3,2,0,0,0,0,2,0,0,2,0,2,0,0,2,0,3,0,2
I15,3,2,0,0,0,0,2,0,0,2,0,2,0,0,2,0,0,0,2
RW.CTACATTCACCATGTA-1,3,2,0,0,0,0,2,0,0,2,0,2,0,0,2,0,0,0,2
RW.TGGTTCCAGGATTCGG-1,3,2,0,0,0,0,2,0,0,2,0,2,0,0,2,0,0,0,2
clade_50,3,2,0,0,0,0,2,0,0,0:0.01/4:0.99,0,2,0,0:0.01/9:0.99,0,0,0,0,2
Liv.AGTGGGATCACAGGCC-1,3,2,0,0,0,0,2,0,0,4,0,2,0,9,0,0,0,0,2
Liv.GTATTCTTCTGATTCT-1,3,2,0,0,0,5,-1,-1,-1,4,0,2,0,9,0,0,0,0,2
clade_44,3,2,0,0,0,0,2,0,0,0,0,0,7,0,0,0,0,0,2
M1.TACGGATGTCATCGGC-1,3,2,0,-1,-1,-1,2,0,0,0,0,0,7,7,0,0,0,0,2
I16,3,2,0,0,0,0,2,0,0,0,0,0,7,0,0,0,0,0,2
I17,3,2,0,0,0,0,2,0,0,0,0,0,7,0,0,0,0,0,2
M1.CATCAAGCAAAGGCGT-1,3,2,0,0,0,4,2,0,0,0,0,0,7,0,0,0,0,0,2
I18,3,2,0,0,0,0,2,0,0,0,0,0,7,0,0,0,0,0,2
M1.CGGTTAAGTGGTACAG-1,3,2,0,0,0,0,2,0,0,0,0,0,7,0,0,0,0,0,2
M1.GGAATAACAGATCTGT-1,3,2,0,0,0,0,2,0,0,0,0,0,7,0,0,0,0,0,2
I19,3,2,0,0,0,0,2,0,0,0,0,0,7,0,0,0:0.04/-1:0.96,0:0.04/-1:0.96,0:0.04/-1:0.96,2
M1.TTGACTTTCTGCCAGG-1,3,2,0,0,0,0,2,0,0,0,0,0,7,0,0,-1,-1,-1,2
M1.CTGTGCTTCTCCAGGG-1,3,2,0,-1,-1,-1,2,0,0,0,0,0,7,0,6,-1,-1,-1,2
I20,5,0,0,0,0,0,2,0,0,0,0,0,0,0,0,0,0,0,0
I21,5,0,0,0,0,0,2,0,0,0,0,0,0,0,0,0,0,0,0
M1.CATCGAACATTGCGGC-1,5,0,0,5,0,0,2,0,0,0,0,0,-1,-1,-1,0,0,0,0
clade_73,5,0,0,0,0,0,-1,-1,-1,0,0,0,0,0,0,0,0,0,0
RE.AGTGAGGCATCGACGC-1,-1,-1,-1,-1,-1,-1,-1,-1,-1,0,0,0,0,4,0,0,0,0,0
clade_64,5,0,0,0,0,0,-1,-1,-1,0,0,0,0,0,0,0,0,0,0
M2.GGAACTTCATTAGGCT-1,5,0,0,3,6,0,-1,-1,-1,0,0,0,0,0,0,4,4,0,0
I22,5,0,0,0,0,0,-1,-1,-1,0,0,0,0,0,0,0,0,0,0
M1.CATGCCTGTGTCTGAT-1,5,0,0,0,8,0,-1,-1,-1,8,0,0,0,0,0,0,0,0,0
clade_65,5,0,0,0,0,0,-1,-1,-1,0,0,0:0.63/3:0.37,0,0,0,0,0:0.03/3:0.97,0,0
Liv.CGGACTGCACCGCTAG-1,5,0,0,0,0,0,-1,-1,-1,-1,-1,-1,0,0,0,0,3,0,0
RW.GTCTTCGCACAGCCCA-1,5,0,0,0,0,0,-1,-1,-1,0,0,3,3,0,0,0,3,0,0
clade_58,5,0,0,0,0,0,2,0,0,0,0,0,0,0,0,0,0,0,0
M1.GATCTAGCAAGCCTAT-1,5,6,0,0,7,0,2,4,4,4,0,0,0,0,6,0,0,0,8
clade_59,5,0,0,0,0,0,2,0,0,0:0.01/3:0.99,0:0.01/2:0.99,0,0,0,0,0,0,0,0
clade_61,5,0,0,0,0,0,2,0,0,3,2,0,0:0.98/4:0.02,0:0.98/3:0.02,0,0,0,0,0
M1.AAGGTTCGTTCGGCAC-1,5,6,0,4,0,0,2,0,0,3,2,0,-1,-1,-1,10,0,0,0
RW.CCAGCGATCCCTCAGT-1,5,0,0,0,0,0,2,0,0,3,2,0,4,3,0,0,0,0,0
M1.TCAGCTCGTTGTGGAG-1,5,0,0,-1,-1,-1,-1,-1,-1,3,2,5,8,0,5,0,7,0,0
clade_77,0,0:0.05/5:0.95,0,-1,-1,-1,0,0,0,0,0,0,0,5,3,0,0,0,0
I23,0,0:0.01/5:0.99,0,-1,-1,-1,0,0,0,0,0,0,0,5,3,0,0,0,0
clade_88,0,5,0:0.04/3:0.96,-1,-1,-1,0,0,0:0.51/2:0.49,0:0.02/5:0.98,0:0.02/4:0.98,0,0:0.02/6:0.98,5,3,0,0,0,0
M1.TAAGAGAAGGAGTTGC-1,0,5,3,-1,-1,-1,-1,-1,-1,5,4,0,6,5,3,6,0,0,0
clade_89,6,5,3,-1,-1,-1,0,0,2,5,4,0,6,5,3,0,0,0,7
M1.ACAGCTACACTATCTT-1,6,5,3,-1,-1,-1,0,0,2,5,4,0,6,5,3,0,0,0,7
M1.TTGCGTCAGGATGGAA-1,6,5,3,-1,-1,-1,0,0,2,5,4,0,6,5,3,0,0,0,7
I24,0,5,0,-1,-1,-1,0,0,0,0,0,0,0,5,3,0,0,0,0
M1.GCTCCTAAGATATACG-1,0,5,0,-1,-1,-1,0,0,0,0,0,6,0,5,3,7,0,5,0
I25,0,5,0,-1,-1,-1,0,0,0,0,0,0,0,5,3,0,0,0,0
M1.TCGGGACTCCTTGACC-1,0,5,0,-1,-1,-1,0,0,0,6,0,0,0,5,3,0,0,0,0
I26,0,5,0,-1,-1,-1,0,0,0,0,0,0,0,5,3,0,0,0,0
M2.ACTGAACAGCTGCGAA-1,0,5,0,-1,-1,-1,0,0,0,0,3,4,0,5,3,0,0,0,6
M1.CCATGTCGTTAAAGAC-1,0,5,0,-1,-1,-1,0,0,0,0,0,0,0,5,3,0,6,4,0
clade_82,0:0.04/-1:0.95/2:0.001/3:0.001/0:0.001/4:0.001/5:0.001/6:0.001/7:0.001/8:0.001,-1:0.95/5:0.05,0:0.04/-1:0.95/0:0.003/2:0.003/3:0.003/4:0.003,-1,-1,-1,0,0,0,0:0.01/4:0.99,0,0,0,5,3,0:0.01/8:0.99,0,0,0
M1.GACCAATAGCTAACTC-1,-1,-1,-1,-1,-1,-1,0,0,0,4,6,0,9,5,3,8,0,0,0
clade_84,-1,-1,-1,-1,-1,-1,-1,-1,-1,4,0,0,0,5,3,8,0,0,0
LL.ACGAGCCAGGACATTA-1,-1,-1,-1,-1,-1,-1,-1,-1,-1,4,0,0,3,5,3,8,0,0,0
LL.GGGCACTCATCCTAGA-1,-1,-1,-1,-1,-1,-1,-1,-1,-1,4,0,0,0,5,3,8,0,0,0
