(((((M1.CCAATCCTCACAATGC-1:1.192,RE.AGATTGCAGTACCGGA-1:4.192)clade_97:2.047,M2.CGACCTTAGTCAATAG-1:3.237)clade_96:9.525,RW.TGGTTCCTCGTCGTTC-1:12.661)clade_95:0.415,((((((((M1.CTCGAAAGTCTTCAAG-1:0.104,M1.CGCTTCACACGCGAAA-1:3.102)I10:2.917,((M1.CTAATGGGTGGCAAAC-1:1,M1.AAGGAGCGTACATGTC-1:0)I9:0,M1.CTAGAGTCATGTCTCC-1:2)clade_43:0.015)clade_42:6.061,((RE.TACTCATCAATGGAGC-1:8.261,M1.GAACATCTCTCATTCA-1:6.276)clade_7:3.15,Liv.CCATGTCCATCTCGCT-1:2.373)clade_6:0.703)clade_41:0.866,((((LL.CTACGTCCAGATGGCA-1:2.132,M2.GGGCATCGTCATACTG-1:1.132)clade_17:2.899,(M1.CCGGGATTCCAGGGCT-1:3.077,RE.GCAGCCAGTAGATTAG-1:3.077)clade_20:0.871)clade_16:0.06,((((M2.AGTAGTCGTTTAAGCC-1:3.015,(M2.CTGCCTACATATGGTC-1:1,M2.ATTGGACGTGTGCCTG-1:0)I8:0.014)clade_28:0.985,(M2.GTCATTTTCTCTGTCG-1:0,M2.GACCAATAGGAACTGC-1:0)I7:0)I6:0,(((M2.GTCTCGTAGTGGGATC-1:0,M2.ATCTGCCAGCGTCTAT-1:0)clade_37:1,(M2.TCGGGACAGCCACCTG-1:0,M2.CTCTACGAGTCGTTTG-1:0)clade_32:0)I5:0.002,(M2.CATATTCTCAATCACG-1:2.034,M2.CGTTCTGTCATGCTCC-1:1.034)clade_33:0.968)clade_31:0.998)clade_25:0.001,M1.AGGCCGTCAGGGCATA-1:3.001)clade_36:1.006)clade_24:4.282,M2.GCCTCTACATCGGACC-1:8.288)I4:1.832)clade_5:0.061,(RE.ATTGGACCATCTACGA-1:2.121,RE.GATCAGTTCTACCAGA-1:4.121)clade_63:5.883)I3:0.012,((M1.AGACGTTCACAAGCCC-1:3.996,Liv.GGCGACTGTTAAAGAC-1:4.571)clade_54:4.076,(M1.CAGTCCTTCTTGTCAT-1:4.197,RW.ATAAGAGTCCACGTGG-1:1.249)clade_58:4.666)clade_52:2.338)I2:1.282,((Liv.CTACATTGTTAAAGAC-1:10.069,M2.GTGCTTCTCCTCCTAG-1:6.302)clade_2:3.496,M1.ACCAGTACAAAGGTGC-1:9.725)clade_4:1.646)clade_83:2.841,((((RE.CGTTAGATCCCATTTA-1:3.115,Liv.ACACCAACATAACCTG-1:2.122)clade_80:0.969,RE.GAAGCAGGTCTCTCGT-1:3.091)I1:3.125,(M2.TCGAGGCGTATCTGCA-1:2.676,Liv.TCTTCGGGTCGAATCT-1:6.676)clade_74:2.767)clade_73:1.287,M2.TGGACGCTCTGCAAGT-1:10.299)clade_68:3.537)clade_1:0.863)root:0)I0;
I0,0,0,0,0,0,0,0,0,0,0,0,0,0,0,0,0,0
root,0,0,0,0,0,0,0,0,0,0,0,0,0,0,0,0,0
clade_1,0,0,0,0,0,0,0,0,0,0,0,0,0:0.14/3:0.86,0,0,0,0
clade_68,0,0:0.18/2:0.82,0,0:0.3/4:0.7,0,0,0,0,0,0,0:0.09/4:0.91,0,0:0.01/3:0.99,0,0:0.03/4:0.97,0,0
M2.TGGACGCTCTGCAAGT-1,3,2,3,-1,-1,-1,6,6,6,0,4,3,3,0,4,4,0
clade_73,0,0:0.12/2:0.88,0,0:0.02/4:0.98,0,0,0,0,0,0:0.17/3:0.83,0:0.01/4:0.99,0,3,0,4,0,0
clade_74,0,0:0.02/2:0.98,0,4,0,0,0:0.17/-1:0.79/2:0.004/3:0.004/4:0.004/5:0.004/0:0.004/6:0.004/7:0.004/8:0.004/9:0.004/10:0.004,0:0.17/-1:0.79/2:0.003/3:0.003/0:0.003/4:0.003/5:0.003/6:0.003/7:0.003/8:0.003/9:0.003/10:0.003/11:0.003/12:0.003/13:0.003,0:0.17/-1:0.79/2:0.003/0:0.003/3:0.003/4:0.003/5:0.003/6:0.003/7:0.003/8:0.003/9:0.003/10:0.003/11:0.003/12:0.003,0:0.03/3:0.97,4,0,3,0,4,0,0
Liv.TCTTCGGGTCGAATCT-1,10,2,6,4,3,0,-1,-1,-1,3,4,0,3,6,4,7,5
M2.TCGAGGCGTATCTGCA-1,4,2,0,4,0,0,-1,-1,-1,3,4,0,3,4,4,0,0
I1,0:0.02/-1:0.97/2:0.001/0:0.001/3:0.001/4:0.001/5:0.001/6:0.001/7:0.001/8:0.001/9:0.001/10:0.001,-1:0.97/2:0.03,0:0.02/-1:0.97/0:0.001/2:0.001/3:0.001/4:0.001/5:0.001/6:0.001/7:0.001/8:0.001/9:0.001/10:0.001,4,0,0,0,0,0,0:0.01/3:0.99,4,0,3,0,4,0,0
RE.GAAGCAGGTCTCTCGT-1,-1,-1,-1,4,0,0,0,0,0,3,4,0,-1,-1,4,4,0
clade_80,-1,-1,-1,4,0,0,0,0,0,0:0.01/3:0.99,4,0,3,0,4,0,0:0.1/3:0.9
Liv.ACACCAACATAACCTG-1,-1,-1,-1,4,0,6,0,0,12,3,4,0,3,0,4,0,3
RE.CGTTAGATCCCATTTA-1,-1,-1,-1,4,0,0,0,0,0,-1,-1,-1,3,0,4,0,3
clade_83,0,0,0,0,0,0,0,0,0,0:0.13/2:0.87,0:0.13/3:0.87,0,3,0,0,0,0:0.03/2:0.97
clade_4,0,0,0,0:0.5/-1:0.47/2:0.003/0:0.003/3:0.003/4:0.003/5:0.003/6:0.003/7:0.003/8:0.003/9:0.003,0:0.5/-1:0.47/0:0.01/2:0.01/3:0.01,0:0.5/-1:0.47/2:0.005/3:0.005/4:0.005/0:0.005/5:0.005/6:0.005,0,0,0,0:0.12/2:0.88,0:0.12/3:0.88,0:0.9/2:0.1,3,0,0,0,0:0.03/2:0.97
M1.ACCAGTACAAAGGTGC-1,9,4,0,-1,-1,-1,4,0,9,2,3,2,3,0,-1,-1,-1
clade_2,0:0.74/5:0.26,0:0.74/3:0.26,0:0.74/4:0.26,0:0.19/-1:0.76/2:0.006/0:0.006/3:0.006/4:0.006/5:0.006/6:0.006/7:0.006/8:0.006/9:0.006,0:0.19/-1:0.76/0:0.017/2:0.017/3:0.017,0:0.19/-1:0.76/2:0.008/3:0.008/4:0.008/0:0.008/5:0.008/6:0.008,0,0,0,0:0.04/-1:0.55/2:0.41,0:0.04/-1:0.55/3:0.41,0:0.34/-1:0.55/2:0.11,3,0,0,0,0:0.01/2:0.99
M2.GTGCTTCTCCTCCTAG-1,5,3,4,-1,-1,-1,7,0,0,-1,-1,-1,3,0,3,0,2
Liv.CTACATTGTTAAAGAC-1,-1,-1,-1,-1,-1,-1,10,12,10,-1,-1,-1,3,2,8,0,2
I2,0,0:0.01/2:0.99,0,0,0,0,0,0,0,2,3,0,3,0,0,0,2
clade_52,0,0:0.01/2:0.99,0:0.79/10:0.21,0,0,0:0.72/3:0.28,0:0.09/3:0.91,0:0.07/3:0.93,0,2,3,0,3,0,0,0,2
clade_58,0:0.04/-1:0.94/2:0.002/0:0.002/3:0.002/4:0.002/5:0.002/6:0.002/7:0.002/8:0.002/9:0.002/10:0.002,-1:0.94/2:0.06,0:0.03/-1:0.94/10:0.03,0,0,0:0.02/3:0.98,0:0.03/3:0.97,0:0.02/3:0.98,0,2,3,0,3,0,0:0.01/2:0.99,0,2
RW.ATAAGAGTCCACGTGG-1,-1,-1,-1,0,0,3,3,3,0,2,3,0,3,2,2,0,2
M1.CAGTCCTTCTTGTCAT-1,-1,-1,-1,9,0,3,-1,-1,-1,2,3,0,3,0,2,0,2
clade_54,0,0:0.01/2:0.99,0:0.42/10:0.58,0:0.13/-1:0.83/2:0.004/0:0.004/3:0.004/4:0.004/5:0.004/6:0.004/7:0.004/8:0.004/9:0.004,0:0.13/-1:0.83/0:0.013/2:0.013/3:0.013,0:0.09/-1:0.83/3:0.08,3,3,0,2,3,0,3,0:0.06/5:0.94,0,0,2
Liv.GGCGACTGTTAAAGAC-1,-1,-1,-1,-1,-1,-1,3,3,0,2,3,0,3,5,3,0,2
M1.AGACGTTCACAAGCCC-1,0,2,10,-1,-1,-1,3,3,0,-1,-1,-1,3,5,0,0,2
I3,0,2,0,0,0,0,0,0,0,2,3,0,3,0,0,0,2
clade_63,0:0.01/2:0.99,2,0:0.01/3:0.99,0,0,0,0,0:0.01/4:0.99,0,2,3,0:0.05/2:0.95,3,0,0:0.02/3:0.98,0:0.02/3:0.98,2
RE.GATCAGTTCTACCAGA-1,2,2,3,3,0,4,0,4,4,2,3,2,3,3,3,3,2
RE.ATTGGACCATCTACGA-1,2,2,3,4,0,5,0,4,0,2,3,2,3,0,3,3,2
clade_5,0,2,0,0,0,0:0.94/2:0.06,0,0,0,2,3,0,3,0,0,0,2
I4,0,2,0,0:0.39/-1:0.57/2:0.004/0:0.004/3:0.004/4:0.004/5:0.004/6:0.004/7:0.004/8:0.004/9:0.004,0:0.39/-1:0.57/0:0.013/2:0.013/3:0.013,0:0.37/-1:0.57/2:0.06,0,0,0,2,3,0,3,0,0,0,2
M2.GCCTCTACATCGGACC-1,6,2,0,-1,-1,-1,-1,-1,-1,2,3,0,3,0,-1,-1,-1
clade_24,0,2,0,-1,-1,-1,0,0,0,-1,-1,-1,3,0,0,0,2
clade_36,0,2,0,-1,-1,-1,7,0,0,-1,-1,-1,3,0,0,0,2
M1.AGGCCGTCAGGGCATA-1,0,2,9,-1,-1,-1,7,11,0,-1,-1,-1,3,0,3,0,2
clade_25,0,2,0,-1,-1,-1,7,0,0,-1,-1,-1,3,0,0,0,2
clade_31,0,2,0,-1,-1,-1,7,0,7,-1,-1,-1,3,0,0,0,2
clade_33,0,2,0,-1,-1,-1,7,0,7,-1,-1,-1,3,0:0.03/2:0.97,0,0,2
M2.CGTTCTGTCATGCTCC-1,7,2,0,-1,-1,-1,7,0,7,-1,-1,-1,3,2,0,0,2
M2.CATATTCTCAATCACG-1,0,2,7,-1,-1,-1,7,8,7,-1,-1,-1,3,2,0,0,2
I5,0,2,0,-1,-1,-1,7,0,7,-1,-1,-1,3,0,0,0,2
clade_32,0,2,0,-1,-1,-1,7,0,7,-1,-1,-1,3,0,0,0,2
M2.CTCTACGAGTCGTTTG-1,0,2,0,-1,-1,-1,7,0,7,-1,-1,-1,3,0,0,0,2
M2.TCGGGACAGCCACCTG-1,0,2,0,-1,-1,-1,7,0,7,-1,-1,-1,3,0,0,0,2
clade_37,6,2,0,-1,-1,-1,7,0,7,-1,-1,-1,3,0,0,0,2
M2.ATCTGCCAGCGTCTAT-1,6,2,0,-1,-1,-1,7,0,7,-1,-1,-1,3,0,0,0,2
M2.GTCTCGTAGTGGGATC-1,6,2,0,-1,-1,-1,7,0,7,-1,-1,-1,3,0,0,0,2
I6,0,2,0,-1,-1,-1,7,0,0,-1,-1,-1,3,0,0,0,2
I7,0,2,0,-1,-1,-1,7,0,0,-1,-1,-1,3,0,0,0,2
M2.GACCAATAGGAACTGC-1,0,2,0,-1,-1,-1,7,0,0,-1,-1,-1,3,0,0,0,2
M2.GTCATTTTCTCTGTCG-1,0,2,0,-1,-1,-1,7,0,0,-1,-1,-1,3,0,0,0,2
clade_28,0,2,0,-1,-1,-1,7,0,0,-1,-1,-1,3,0:0.01/2:0.99,0,0,2
I8,0,2,0,-1,-1,-1,7,0,0,-1,-1,-1,3,2,0,0,2
M2.ATTGGACGTGTGCCTG-1,0,2,0,-1,-1,-1,7,0,0,-1,-1,-1,3,2,0,0,2
M2.CTGCCTACATATGGTC-1,0,2,6,-1,-1,-1,7,0,0,-1,-1,-1,3,2,0,0,2
M2.AGTAGTCGTTTAAGCC-1,0,2,0,-1,-1,-1,7,0,0,-1,-1,-1,3,2,-1,-1,-1
clade_16,0,2,0,-1,-1,-1,0,0,0:0.94/3:0.06,-1,-1,-1,3,0,0,0,2
clade_20,0,2,0,-1,-1,-1,0,0,0:0.08/3:0.92,-1,-1,-1,3,0,0,0,2
RE.GCAGCCAGTAGATTAG-1,0,2,0,-1,-1,-1,5,0,3,-1,-1,-1,3,3,0,2,2
M1.CCGGGATTCCAGGGCT-1,0,2,0,-1,-1,-1,9,10,3,-1,-1,-1,3,0,7,0,2
clade_17,0,2,0,-1,-1,-1,0:0.03/-1:0.96/2:0.001/3:0.001/4:0.001/5:0.001/0:0.001/6:0.001/7:0.001/8:0.001/9:0.001/10:0.001,0:0.03/-1:0.96/2:0.001/3:0.001/0:0.001/4:0.001/5:0.001/6:0.001/7:0.001/8:0.001/9:0.001/10:0.001/11:0.001/12:0.001/13:0.001,0:0.03/-1:0.96/3:0.01,-1,-1,-1,3,0,0,0,2
M2.GGGCATCGTCATACTG-1,0,2,5,-1,-1,-1,-1,-1,-1,-1,-1,-1,3,0,0,0,2
LL.CTACGTCCAGATGGCA-1,0,2,0,-1,-1,-1,-1,-1,-1,-1,-1,-1,3,7,9,0,2
clade_41,0,2,0,0,0,0:0.08/2:0.92,0,0,0,2,3,0,3,0,0,0,2
clade_6,0,2,0,0,0,0:0.03/2:0.97,0,0,0,2,3,0,3,0,0:0.34/3:0.66,0,2
Liv.CCATGTCCATCTCGCT-1,0,2,0,0,0,2,0,13,11,2,3,0,3,0,3,0,2
clade_7,0,2,0,0:0.74/7:0.26,0,0:0.02/2:0.98,0:0.11/4:0.89,0,0,-1:0.62/2:0.38,-1:0.62/3:0.38,0:0.33/-1:0.62/0:0.017/2:0.017/3:0.017,3,0,0:0.25/3:0.75,0,2
M1.GAACATCTCTCATTCA-1,0,2,0,7,0,2,4,9,7,-1,-1,-1,-1,-1,3,0,2
RE.TACTCATCAATGGAGC-1,0,2,2,-1,-1,-1,4,0,0,-1,-1,-1,3,0,-1,-1,-1
clade_42,0,2,8,8,0,2,8,0,8,2,3,0,3,2,6,0,2
clade_43,0,2,8,8,0,2,8,0,8,2,3,0,3,2,6,0,2
M1.CTAGAGTCATGTCTCC-1,0,2,8,8,0,2,8,0,8,2,3,2,3,2,6,6,2
I9,0,2,8,8,0,2,8,0,8,2,3,0,3,2,6,0,2
M1.AAGGAGCGTACATGTC-1,0,2,8,8,0,2,8,0,8,2,3,0,3,2,6,0,2
M1.CTAATGGGTGGCAAAC-1,8,2,8,8,0,2,8,0,8,2,3,0,3,2,6,0,2
I10,0,2,8,8,0,2,8,0,8,-1:0.97/2:0.03,-1:0.97/3:0.03,0:0.03/-1:0.97,3,2,6,0,2
M1.CGCTTCACACGCGAAA-1,0,2,8,-1,-1,-1,8,0,8,-1,-1,-1,3,2,6,0,2
M1.CTCGAAAGTCTTCAAG-1,0,2,8,8,0,2,8,0,8,-1,-1,-1,3,2,6,0,2
clade_95,0:0.97/2:0.03,0:0.97/2:0.03,0,0,0,0:0.74/2:0.26,0,0,0,0,0:0.97/2:0.03,0,0,0,0:0.96/5:0.04,0,0:0.96/4:0.04
RW.TGGTTCCTCGTCGTTC-1,2,2,0,2,0,2,2,2,2,0,2,0,2,2,-1,-1,-1
clade_96,0:0.02/-1:0.97/2:0.01,0:0.02/-1:0.97/2:0.01,0:0.02/-1:0.97/0:0.001/2:0.001/3:0.001/4:0.001/5:0.001/6:0.001/7:0.001/8:0.001/9:0.001/10:0.001,0,0,0:0.01/2:0.99,0:0.01/5:0.99,0,0,0:0.02/-1:0.97/0:0.003/2:0.003/3:0.003,0:0.02/-1:0.97/2:0.01,0:0.02/-1:0.97/0:0.003/2:0.003/3:0.003,0,0,0:0.01/5:0.99,0,0:0.01/4:0.99
M2.CGACCTTAGTCAATAG-1,-1,-1,-1,6,0,2,5,7,0,-1,-1,-1,0,5,5,0,4
clade_97,-1,-1,-1,0:0.04/5:0.96,0:0.12/2:0.88,2,5,0,0,-1,-1,-1,0,0,5,0,4
RE.AGATTGCAGTACCGGA-1,-1,-1,-1,5,2,2,5,5,5,-1,-1,-1,4,0,5,5,4
M1.CCAATCCTCACAATGC-1,-1,-1,-1,5,2,2,5,0,0,-1,-1,-1,0,2,5,0,4
