((((M2.AACTCCCAGATTACCC-1:10.275,((((M2.GCTGGGTAGACTACAA-1:0.019,M2.CAGCATACAAGTAATG-1:3.019)I1:0.032,M2.CTGAAACCACGGCGTT-1:3.002)clade_46:6.963,((RW.GCAAACTGTTTGGGCC-1:3.093,RE.GTGTGCGCACAGAGGT-1:5.093)clade_40:0.923,M1.ATCTGCCAGAATTGTG-1:3.016)clade_39:0.998)clade_45:0.007,(M1.CCTTCCCAGGGCACTA-1:5.946,M1.GCGCGATGTTTGTGTG-1:8.941)clade_49:4.119)clade_38:1.628)clade_34:8.778,RW.TCGGTAAGTTACGCGC-1:13.134)clade_31:10.021,(((((M2.CCCAGTTAGACTAGGC-1:19.589,((((LL.GAAGCAGGTTCGTGAT-1:2.027,LL.GATGCTATCCTATTCA-1:2.027)clade_13:5.844,LL.CGAGCACAGAAGCCCA-1:6.007)clade_6:0.141,((LL.CAGTAACCAAAGGAAG-1:5.003,((LL.TCCCGATTCCGTAGTA-1:0.018,LL.CATCCACGTTGATTGC-1:2.018)clade_68:3.074,LL.TGAGCCGTCGTCTGCT-1:3.091)clade_65:1.835)clade_64:0.081,(LL.AGCTCCTTCGCGTTTC-1:2.053,LL.ATCATGGGTAGGAGTC-1:3.053)clade_73:1.955)clade_63:6.996)clade_12:0.005,(LL.CTCTGGTAGATGTTAG-1:13.41,LL.TTTCCTCTCCGCTGTT-1:3.045)clade_18:4.972)clade_60:2.253)clade_4:4.395,M2.AGGCCACAGGTGATAT-1:17.581)clade_56:0.609,M2.CTCGGAGAGGTCATCT-1:14.137)clade_55:0.047,M1.CTTAACTTCATCTGTT-1:25.135)clade_3:0.979,(M2.ACTGTCCTCTCTTATG-1:12.713,M2.GCTTGAACAATACGCT-1:13.43)clade_24:8.887)clade_29:2.838)root:0)I0;
I0,0,0,0,0,0,0,0,0,0,0,0,0,0,0,0,0,0,0,0,0,0,0,0,0,0,0,0,0,0,0,0,0,0,0
root,0,0,0,0,0,0,0,0,0,0,0,0,0,0,0,0,0,0,0,0,0,0,0,0,0,0,0,0,0,0,0,0,0,0
clade_29,0,0,0,0:0.03/4:0.97,0,0,0,0,0:0.07/5:0.93,0,0,0,0,0,0,0:0.06/3:0.94,0,0,0,0,0,0,0,0,0,0,0,0,0,0,0,0,0,0
clade_24,0,0:0.13/3:0.87,0,0:0.01/4:0.99,0:0.15/2:0.85,0,0,0,0:0.05/5:0.95,0,0,0,0,0:0.64/4:0.36,0:0.64/3:0.36,0:0.04/3:0.96,0,0,0:0.09/4:0.91,0:0.11/4:0.89,0:0.27/3:0.73,0:0.64/3:0.36,0,0,0:0.24/-1:0.7/2:0.02/0:0.02/3:0.02,0:0.24/-1:0.7/0:0.015/2:0.015/3:0.015/4:0.015,0,0,0:0.64/2:0.36,0:0.13/2:0.87,0,0:0.27/2:0.73,0,0
M2.GCTTGAACAATACGCT-1,0,3,0,4,2,0,-1,-1,-1,0,0,0,-1,-1,-1,3,0,0,4,4,3,-1,-1,-1,-1,-1,0,0,2,2,0,2,-1,-1
M2.ACTGTCCTCTCTTATG-1,0,3,0,4,2,0,0,0,5,-1,-1,-1,0,4,3,-1,-1,-1,4,4,3,3,0,0,-1,-1,-1,-1,-1,2,0,2,0,0
clade_3,0,0,0,4,0,0,0,0,0:0.03/5:0.97,0,0,0,0,0,0,0:0.01/3:0.99,0,0,0,0,0:0.13/2:0.87,0,0,0,0,0,0,0,0,0,0,0,0,0
M1.CTTAACTTCATCTGTT-1,-1,-1,-1,4,4,4,-1,-1,-1,-1,-1,-1,0,0,5,-1,-1,-1,6,0,2,0,4,5,-1,-1,-1,-1,-1,0,0,0,4,2
clade_55,0,0,0,4,0,0,0,0,0:0.03/5:0.97,0,0,0,0,0,0,0:0.01/3:0.99,0,0,0,0,0:0.1/2:0.9,0,0,0,0,0,0,0,0,0,0,0,0,0
M2.CTCGGAGAGGTCATCT-1,3,0,3,4,3,3,3,0,5,0,0,0,0,3,0,3,0,0,0,6,2,2,0,3,-1,-1,3,0,0,0,0,2,2,0
clade_56,0,0,0,4,0,0,0,0:0.92/3:0.08,0:0.03/5:0.97,0,0:0.96/3:0.04,0:0.96/3:0.04,0,0,0,3,0,0,0,0,0:0.07/2:0.93,0,0,0,0,0,0,0,0,0,0,0,0:0.59/3:0.41,0
M2.AGGCCACAGGTGATAT-1,-1,-1,-1,4,0,0,-1,-1,-1,0,3,3,3,5,0,3,0,4,7,0,2,2,0,4,0,2,5,0,0,3,0,0,3,0
clade_4,0,0,0,4,0,0,0,0:0.41/3:0.59,0:0.01/5:0.99,0:0.13/-1:0.85/2:0.005/3:0.005/4:0.005/0:0.005,0:0.12/-1:0.85/3:0.03,0:0.12/-1:0.85/3:0.03,0,0,0,3,0,0,0,0,0:0.01/2:0.99,0,0,0,0,0,0,0,0,0,0,0:0.14/2:0.86,0:0.26/3:0.74,0
clade_60,0,0,0,4,0,0,0,3,5,-1,-1,-1,0:0.01/4:0.99,0,0,3,0,0,0,0,2,0,0,0,0,0,0,0,0,0,0,2,3,0
clade_18,0:0.09/4:0.91,0:0.09/4:0.91,0,4,0,0:0.66/5:0.34,0:0.66/4:0.34,3,5,-1,-1,-1,4,0,0,3,0,0,0,0,2,0,0,0:0.66/6:0.34,0,0,0,0,0,0:0.09/4:0.91,0:0.14/2:0.86,2,3,0:0.66/3:0.34
LL.TTTCCTCTCCGCTGTT-1,4,4,0,4,0,5,4,3,5,-1,-1,-1,4,0,0,3,0,0,0,0,2,0,0,6,0,0,0,0,0,4,2,2,3,3
LL.CTCTGGTAGATGTTAG-1,4,4,0,-1,-1,-1,-1,-1,-1,-1,-1,-1,4,0,0,3,0,0,0,0,2,-1,-1,-1,-1,-1,0,0,0,4,2,2,-1,-1
clade_12,0,0,0,4,0,0,0,3,5,-1,-1,-1,0:0.01/4:0.99,0,0,3,0,0,0,0,2,0,0,0,0,0,0,0,0,0,0,2,3,0
clade_63,2,2,2,4,0,0,0,3,5,-1,-1,-1,-1,-1,-1,3,0,0,0,0,2,0,0,0,0,0,0,0,0,2,0,2,3,0
clade_73,2,2,2,4,0,0,0:0.03/4:0.97,3,5,-1,-1,-1,-1,-1,-1,3,0,0,0,0,2,0,0:0.02/7:0.98,0,0,0,0,0,0,2,0,2,3,0
LL.ATCATGGGTAGGAGTC-1,2,2,2,4,0,0,4,3,5,-1,-1,-1,-1,-1,-1,3,0,0,0,0,2,0,7,0,0,0,-1,-1,-1,2,0,2,3,0
LL.AGCTCCTTCGCGTTTC-1,2,2,2,4,4,4,4,3,5,-1,-1,-1,-1,-1,-1,3,0,0,0,0,2,0,7,0,0,0,0,0,0,2,0,2,3,0
clade_64,2,2,2,4,0,0,0,3,5,-1,-1,-1,-1,-1,-1,3,0,0,0,0,2,0,0,0,0:0.92/3:0.08,0,0,0,0,2,0,2,3,0
clade_65,2,2,2,4,0,0,0,3,5,-1,-1,-1,-1,-1,-1,3,0,0,0,0,2,0,0,0,0:0.06/3:0.94,0,0:0.03/6:0.97,0,0,2,0,2,3,0
LL.TGAGCCGTCGTCTGCT-1,2,2,2,4,0,0,0,3,5,-1,-1,-1,-1,-1,-1,3,7,0,0,0,2,0,0,7,3,0,6,0,3,2,0,2,3,0
clade_68,2,2,2,4,0,0,0,3,5,-1,-1,-1,-1,-1,-1,3,0,0,0,0,2,0,0,0,3,0,6,0,0,-1:0.99/2:0.01,0:0.01/-1:0.99,-1:0.99/2:0.01,3,0
LL.CATCCACGTTGATTGC-1,2,2,2,4,0,0,0,3,5,-1,-1,-1,-1,-1,-1,3,0,0,0,0,2,0,0,0,3,0,6,4,5,-1,-1,-1,3,0
LL.TCCCGATTCCGTAGTA-1,2,2,2,4,0,0,0,3,5,-1,-1,-1,-1,-1,-1,3,0,0,0,0,2,0,0,0,3,0,6,0,0,-1,-1,-1,3,0
LL.CAGTAACCAAAGGAAG-1,2,2,2,4,0,7,0,3,5,-1,-1,-1,-1,-1,-1,3,0,0,0,0,2,0,6,7,-1,-1,0,0,0,2,0,2,3,0
clade_6,0:0.93/5:0.07,0:0.93/5:0.07,0,4,0,0,0,3,5,-1,-1,-1,4,0,0,3,0,0,0,0,2,0,0,0,0,0,0,0,0,0,0,2,3,0
LL.CGAGCACAGAAGCCCA-1,-1,-1,-1,4,0,0,0,3,5,-1,-1,-1,4,0,8,3,0,0,0,0,2,0,5,0,0,4,0,0,0,0,0,2,3,0
clade_13,5,5,0,4,0,0,0,3,5,-1,-1,-1,4,0,0,3,0,0,2,0,2,0,0,0,0,0,0,0,4,5,0:0.01/3:0.99,2,3,0
LL.GATGCTATCCTATTCA-1,5,5,0,4,0,6,0,3,5,-1,-1,-1,4,0,0,3,0,0,2,0,2,5,0,0,0,0,0,0,4,5,3,2,3,0
LL.GAAGCAGGTTCGTGAT-1,5,5,3,4,0,0,0,3,5,-1,-1,-1,4,0,0,3,0,0,2,0,2,0,0,0,0,0,0,3,4,5,3,2,3,0
M2.CCCAGTTAGACTAGGC-1,0,3,0,4,2,0,-1,-1,-1,-1,-1,-1,0,4,0,3,5,3,6,0,2,2,2,0,-1,-1,4,2,2,2,0,2,-1,-1
clade_31,0:0.69/2:0.31,0:0.69/2:0.31,0:0.69/2:0.31,0,0,0:0.06/2:0.94,0:0.09/2:0.91,0,0,0,0,0,0:0.09/2:0.91,0,0,0,0,0,0,0,0:0.17/2:0.83,0,0,0,0:0.11/2:0.89,0,0:0.69/2:0.31,0,0,0:0.14/-1:0.83/2:0.006/0:0.006/3:0.006/4:0.006/5:0.006,0:0.14/-1:0.83/0:0.01/2:0.01/3:0.01,0:0.14/-1:0.83/2:0.015/0:0.015,0:0.14/-1:0.83/2:0.007/3:0.007/0:0.007/4:0.007,0:0.14/-1:0.83/0:0.01/2:0.01/3:0.01
RW.TCGGTAAGTTACGCGC-1,2,2,2,2,0,2,2,0,2,2,0,2,2,2,2,0,2,0,2,2,2,0,0,0,2,0,2,0,0,-1,-1,-1,-1,-1
clade_34,0:0.02/-1:0.96/2:0.02,0:0.02/-1:0.96/2:0.02,0:0.02/-1:0.96/2:0.02,0:0.18/3:0.82,0,0:0.01/2:0.99,2,0,0,0,0,0,2,0,0,0,0,0,0,0,0:0.01/2:0.99,0,0,0:0.18/2:0.82,2,0,0:0.02/-1:0.96/2:0.02,0:0.03/-1:0.96/0:0.003/2:0.003/3:0.003/4:0.003,0:0.03/-1:0.96/0:0.002/2:0.002/3:0.002/4:0.002/5:0.002,-1:0.99/2:0.002/0:0.002/3:0.002/4:0.002/5:0.002,-1:0.99/0:0.003/2:0.003/3:0.003,-1:0.99/2:0.005/0:0.005,-1:0.99/2:0.003/3:0.003/0:0.003/4:0.003,-1:0.99/0:0.003/2:0.003/3:0.003
clade_38,-1,-1,-1,0:0.01/3:0.99,0,2,2,0,0,0,0,0:0.01/2:0.99,2,0,0,0,0,0,0,0,2,0,0,2,2,0,-1,-1,-1,-1,-1,-1,-1,-1
clade_49,-1,-1,-1,3,0,2,2,0,0,0,0,2,2,0,0,0,0,0,0:0.22/-1:0.75/2:0.004/3:0.004/4:0.004/5:0.004/0:0.004/6:0.004/7:0.004,0:0.22/-1:0.75/2:0.005/0:0.005/3:0.005/4:0.005/5:0.005/6:0.005,-1:0.75/2:0.25,0:0.12/4:0.88,0:0.09/3:0.91,2,2,0,-1,-1,-1,-1,-1,-1,-1,-1
M1.GCGCGATGTTTGTGTG-1,-1,-1,-1,-1,-1,-1,-1,-1,-1,0,0,2,2,0,4,0,3,0,-1,-1,-1,4,3,2,2,0,-1,-1,-1,-1,-1,-1,-1,-1
M1.CCTTCCCAGGGCACTA-1,-1,-1,-1,3,0,2,2,0,0,3,0,2,2,0,6,3,6,5,-1,-1,-1,4,3,2,2,0,-1,-1,-1,-1,-1,-1,-1,-1
clade_45,-1,-1,-1,3,0,2,2,0,0,0,0,2,2,0,0,0,0,0,0,0,2,0,0,2,2,0,-1,-1,-1,-1,-1,-1,-1,-1
clade_39,-1,-1,-1,3,0,2,2,0,0,0,0,2,2,0,0,0,0:0.01/3:0.99,0,0,0,2,0,0,2,2,0,-1,-1,-1,-1,-1,-1,-1,-1
M1.ATCTGCCAGAATTGTG-1,-1,-1,-1,3,0,2,2,0,0,0,0,2,2,6,7,0,3,6,0,0,2,0,0,2,2,0,-1,-1,-1,-1,-1,-1,-1,-1
clade_40,-1,-1,-1,3,0,2,2,0,0,0,0,2,2,0,0:0.09/2:0.91,0,3,0,0,0,2,0,0,2,2,0,-1,-1,-1,-1,-1,-1,-1,-1
RE.GTGTGCGCACAGAGGT-1,-1,-1,-1,3,0,2,2,0,3,4,2,2,2,0,2,0,3,0,3,3,2,0,0,2,2,0,-1,-1,-1,-1,-1,-1,-1,-1
RW.GCAAACTGTTTGGGCC-1,-1,-1,-1,3,0,2,2,0,0,3,0,2,2,0,2,2,3,0,2,0,2,0,0,2,2,0,-1,-1,-1,-1,-1,-1,-1,-1
clade_46,-1,-1,-1,3,0,2,2,0:0.03/2:0.97,0:0.02/4:0.98,0,0,2,2,0,0,4,4,2,5,5,2,0,0,2,2,0,-1,-1,-1,-1,-1,-1,-1,-1
M2.CTGAAACCACGGCGTT-1,-1,-1,-1,3,0,2,-1,-1,-1,0,0,2,2,0,0,4,4,2,5,5,2,0,0,2,2,0,-1,-1,-1,-1,-1,-1,-1,-1
I1,-1,-1,-1,3,0,2,2,0:0.01/2:0.99,0:0.01/4:0.99,0,0,2,2,0,0,4,4,2,5,5,2,0,0,2,2,0,-1,-1,-1,-1,-1,-1,-1,-1
M2.CAGCATACAAGTAATG-1,-1,-1,-1,3,0,2,2,2,4,-1,-1,-1,2,0,0,4,4,2,5,5,2,0,0,2,2,0,-1,-1,-1,-1,-1,-1,-1,-1
M2.GCTGGGTAGACTACAA-1,-1,-1,-1,3,0,2,2,2,4,0,0,2,2,0,0,4,4,2,5,5,2,0,0,2,2,0,-1,-1,-1,-1,-1,-1,-1,-1
M2.AACTCCCAGATTACCC-1,-1,-1,-1,-1,-1,-1,2,0,0,0,4,4,2,0,0,0,3,0,0,0,2,-1,-1,-1,2,3,-1,-1,-1,-1,-1,-1,-1,-1
