(((((((((LL.ACGCAGCAGCCATCGC-1:4.03,(LL.CACAGGCGTGGTGTAG-1:0.001,LL.AGTGGGAGTAATCACC-1:1.001)I4:0.03)clade_55:8.98,LL.CATCGGGCATTGCGGC-1:8.577)clade_54:0.038,LL.ACAGCCGTCTGTCCGT-1:10.609)clade_53:0.397,(((LL.GAGTCCGGTGCCTTGG-1:3.118,LL.GTGTGCGTCTTTACAC-1:6.118)clade_50:1.917,LL.ATCTACTAGTACCGGA-1:2.035)clade_48:0.054,LL.ATGGGAGGTACAGTGG-1:6)clade_47:1.921)clade_46:1.991,((LL.AGGGATGTCGATCCCT-1:8.335,LL.CAGGTGCCACATGACT-1:8.498)clade_38:0.692,LL.GCGACCAAGATCCTGT-1:3.189)clade_37:2.812)I3:0.003,(((LL.AGGGATGGTTACCGAT-1:0,LL.CAACTAGAGTGGTCCC-1:0)clade_35:3.115,LL.GGCTGGTGTACCATCA-1:6.115)clade_34:3.911,LL.GAATGAAAGACTAGAT-1:11.192)clade_30:0.979)clade_29:0.995,((((((LL.ATTATCCTCAACGGGA-1:3.102,LL.GTGAAGGCAGTAGAGC-1:4.102)clade_66:3.291,LL.AGCGTCGCAACTGCGC-1:9.309)clade_64:3.611,LL.GCATGATTCCTGCCAT-1:8.989)clade_71:0.046,LL.CAGCAGCTCCATGAAC-1:11.001)clade_75:0.008,LL.CTAGCCTGTACCGAGA-1:12.01)clade_62:0.99,(((LL.GTACTCCCACTGAAGG-1:0.028,(LL.GTCACGGGTGCACCAC-1:0,LL.TAGAGCTAGATGTCGG-1:0)clade_23:2.028)clade_22:3.107,LL.TGGCTGGAGCGAGAAA-1:1.383)clade_18:11.658,((LL.TAAGAGATCCGTTGCT-1:4.086,LL.CATTCGCGTAGCGCAA-1:3.086)clade_20:1.985,LL.TCGCGTTAGTTCGATC-1:6.07)clade_17:4.848)clade_16:0.081)I2:0)I1:0,(((LL.GCACATATCTTTACAC-1:6.842,LL.CTCGAAACATAACCTG-1:13.702)clade_12:1.652,LL.TGCGCAGCAAACCTAC-1:7.489)clade_3:2.008,(LL.AGCATACCACAGAGGT-1:6.34,LL.GTGGGTCCAGACGCTC-1:5.42)clade_6:4.363)clade_2:3.903)root:0)I0;
I0,0,0,0,0,0,0,0,0,0,0,0,0,0,0,0,0,0,0,0,0,0,0,0
root,0,0,0,0,0,0,0,0,0,0,0,0,0,0,0,0,0,0,0,0,0,0,0
clade_2,0,0,0,0,0,0,0,0,0,0,0,0,0:0.81/3:0.19,0:0.81/2:0.19,0,0,0,0,0,0:0.45/2:0.55,0:0.01/2:0.99,0:0.01/2:0.99,0:0.02/2:0.98
clade_6,0,0,0,0,0,0,0,0,0,0,0,0,0:0.46/3:0.54,0:0.46/2:0.54,0,0:0.05/2:0.95,0,0:0.1/-1:0.88/2:0.003/0:0.003/3:0.003/4:0.003/5:0.003/6:0.003/7:0.003,0:0.1/-1:0.88/2:0.004/0:0.004/3:0.004/4:0.004/5:0.004,0:0.05/-1:0.88/2:0.07,2,2,2
LL.GTGGGTCCAGACGCTC-1,0,3,0,0,0,0,0,4,0,0,0,0,-1,-1,0,2,4,-1,-1,-1,2,2,2
LL.AGCATACCACAGAGGT-1,7,7,0,0,8,5,0,0,0,0,0,0,3,2,8,2,0,-1,-1,-1,2,2,2
clade_3,0,0,0,0,0,0,0,0,0,0,0,0,0:0.13/-1:0.83/3:0.04,0:0.13/-1:0.83/2:0.04,0,0,0,0,0,0:0.15/2:0.85,2,2,2
LL.TGCGCAGCAAACCTAC-1,0,0,0,3,0,0,3,0,2,0,0,0,-1,-1,2,2,0,2,2,2,2,2,2
clade_12,0,0,0,0:0.28/7:0.72,0:0.25/5:0.75,0,0,0,0,0,0,0,0:0.06/-1:0.92/3:0.02,0:0.06/-1:0.92/2:0.02,0,0,0,0,0,0:0.13/2:0.87,2,2,2
LL.CTCGAAACATAACCTG-1,0,4,0,7,5,2,6,7,0,0,6,2,-1,-1,2,0,0,-1,-1,-1,-1,-1,-1
LL.GCACATATCTTTACAC-1,0,0,4,7,5,0,0,6,0,4,0,0,-1,-1,3,3,2,0,0,2,2,2,2
I1,0,0,0,0,0,0,0,0,0,0,0,0,0,0,0,0,0,0,0,0,0,0,0
I2,0,0,0,0,0,0,0,0,0,0,0,0,0,0,0,0,0,0,0,0,0,0,0
clade_16,0,0,0,0,0,0,0,0,0,0,0,0,0,0,0:0.98/3:0.02,0:0.98/3:0.02,0:0.98/2:0.02,0,0,0,0,0,0:0.98/3:0.02
clade_17,0,0,0,0,0,0:0.02/2:0.98,0,0,0,0,0,0,0,0,0:0.01/3:0.99,0:0.01/3:0.99,0:0.01/2:0.99,0,0,0,0,0,0:0.01/3:0.99
LL.TCGCGTTAGTTCGATC-1,2,2,0,4,0,2,4,3,0,0,0,0,0,0,3,3,2,0,0,0,3,0,3
clade_20,0,0,0,0,0,2,0:0.04/2:0.96,0:0.04/2:0.96,0,0,0,0,0,0,3,3,2,0,0,0,0,0,3
LL.CATTCGCGTAGCGCAA-1,0,3,5,0,0,2,2,2,5,0,0,0,0,0,3,3,2,0,0,0,0,0,3
LL.TAAGAGATCCGTTGCT-1,3,0,0,0,0,2,2,2,0,0,0,0,3,2,3,3,2,0,0,0,4,0,3
clade_18,0,0,0,0:0.25/2:0.75,0,0,0:0.01/2:0.99,0:0.01/2:0.99,0,0,0,0,0,0,0:0.01/-1:0.99,0:0.01/-1:0.99,0:0.01/-1:0.99,0:0.01/-1:0.99,0:0.01/-1:0.99,0:0.01/-1:0.99,0:0.01/-1:0.99,0:0.01/-1:0.99,0:0.01/-1:0.99
LL.TGGCTGGAGCGAGAAA-1,0,0,0,2,0,0,2,2,0,0,2,0,0,0,-1,-1,-1,-1,-1,-1,-1,-1,-1
clade_22,0,0,0,-1:0.99/2:0.01,0:0.01/-1:0.99,0:0.01/-1:0.99,2,2,0,0,0,0,0,0,-1,-1,-1,-1,-1,-1,-1,-1,-1
clade_23,0,0,0,-1,-1,-1,2,2,0,0,3,0,2,0,-1,-1,-1,-1,-1,-1,-1,-1,-1
LL.TAGAGCTAGATGTCGG-1,0,0,0,-1,-1,-1,2,2,0,0,3,0,2,0,-1,-1,-1,-1,-1,-1,-1,-1,-1
LL.GTCACGGGTGCACCAC-1,0,0,0,-1,-1,-1,2,2,0,0,3,0,2,0,-1,-1,-1,-1,-1,-1,-1,-1,-1
LL.GTACTCCCACTGAAGG-1,0,0,0,-1,-1,-1,2,2,0,0,0,0,0,0,-1,-1,-1,-1,-1,-1,-1,-1,-1
clade_62,0,0,0,0,0,0,0,0,0,0,0,0,0,0,0,0:0.01/2:0.99,0,0,0,0,0,0,0
LL.CTAGCCTGTACCGAGA-1,-1,-1,0,0,6,2,0,0,4,0,0,3,-1,-1,0,2,0,-1,-1,-1,6,0,0
clade_75,0,0,0,0,0,0,0,0,0,0,0,0,0,0,0,2,0,0,0,0,0,0,0
LL.CAGCAGCTCCATGAAC-1,0,0,0,-1,-1,-1,-1,-1,2,0,0,0,4,0,7,2,0,7,5,0,9,0,0
clade_71,0,0,0,0,0,0,0,0,0,0,0,0,0,0:0.99/4:0.01,0,2,0,0,0:0.98/4:0.02,0:0.98/4:0.02,0,0,0
LL.GCATGATTCCTGCCAT-1,0,0,3,4,4,0,0,0,0,0,0,0,0,4,0,2,0,-1,-1,-1,0,5,4
clade_64,0,0,0,0,0,0,0,0,0,0,0,0,0:0.12/-1:0.87/0:0.003/2:0.003/3:0.003/4:0.003,0:0.12/-1:0.87/4:0.01,0,2,0,0,0:0.54/4:0.46,0:0.54/4:0.46,0,0:0.04/3:0.96,0
LL.AGCGTCGCAACTGCGC-1,0,0,0,-1,-1,-1,0,0,8,0,0,0,-1,-1,0,2,8,-1,-1,-1,3,3,0
clade_66,0,0,0,0,0,0,0,0,0,0,0:0.03/4:0.97,0,0:0.01/-1:0.99,0:0.01/-1:0.99,0:0.02/2:0.98,2,0,0,0:0.02/4:0.98,0:0.02/4:0.98,0,3,0
LL.GTGAAGGCAGTAGAGC-1,0,0,0,4,0,3,0,0,2,0,4,0,-1,-1,2,2,4,0,4,4,0,3,0
LL.ATTATCCTCAACGGGA-1,0,0,7,0,0,0,0,0,7,0,4,0,-1,-1,2,2,7,0,4,4,0,3,0
clade_29,0,0,0,0,0,0,0,0,0,0,0,0,0,0,0,0,0,0,3,0,0,0,0
clade_30,0,0,0,0,0,0,0,0,0:0.83/3:0.17,0,0,0,0,0,0:0.19/2:0.81,0,0,0,3,0,0,0,0
LL.GAATGAAAGACTAGAT-1,0,0,0,0,0,0,0,0,-1,-1,-1,0,3,2,2,0,0,-1,-1,-1,7,6,5
clade_34,0,0,0,0:0.03/6:0.97,0:0.03/3:0.97,0,0,0:0.03/5:0.97,0:0.02/3:0.98,0,0,0,0,0,0:0.01/2:0.99,0,0,0,3,0,0,0,0
LL.GGCTGGTGTACCATCA-1,0,0,0,6,3,0,0,5,3,2,0,0,0,0,2,5,5,4,3,0,5,4,0
clade_35,6,6,0,6,3,0,0,5,3,0,0,0,0,0,2,0,0,5,3,0,0,0,0
LL.CAACTAGAGTGGTCCC-1,6,6,0,6,3,0,0,5,3,0,0,0,0,0,2,0,0,5,3,0,0,0,0
LL.AGGGATGGTTACCGAT-1,6,6,0,6,3,0,0,5,3,0,0,0,0,0,2,0,0,5,3,0,0,0,0
I3,0,0,0,0,0,0,0,0,0,0,0,0,0,0,0,0,0,0,3,0,0,0,0
clade_37,0,0,0,0,0,0:0.01/2:0.99,0,0,0,0,0,0,0,0,0,0,0,0:0.07/5:0.93,3,0:0.1/3:0.9,0,0,0
LL.GCGACCAAGATCCTGT-1,0,0,0,0,0,2,0,0,0,3,5,0,0,0,0,0,0,5,3,3,6,0,0
clade_38,0,0,0,0,0,0:0.01/2:0.99,0,0,0,0,0,0,0,0,0:0.33/2:0.67,0,0,0:0.07/5:0.93,3,0:0.09/3:0.91,0,0,0
LL.CAGGTGCCACATGACT-1,5,5,0,0,7,2,0,4,2,0,0,0,2,0,2,7,0,5,3,3,3,0,0
LL.AGGGATGTCGATCCCT-1,6,0,0,0,0,2,0,0,0,5,0,4,0,0,2,0,0,-1,-1,-1,11,9,0
clade_46,0,0,0,0:0.01/5:0.99,0,0,0,4,0,0,0,0,0,0,0,0,0,0,3,0,0,0,0
clade_47,0,0,0,5,0,0,0,4,0,0,0,0,0,0,0,0,0,0:0.04/3:0.96,3,0:0.05/3:0.95,0,0,0
LL.ATGGGAGGTACAGTGG-1,0,0,0,5,0,0,0,4,0,0,0,0,0,0,0,0,0,-1,-1,-1,-1,-1,-1
clade_48,0,0,0,5,0,0,0,4,0,0,0,0,0,0,0,0,0,0:0.01/3:0.99,3,0:0.02/3:0.98,0,0,0
LL.ATCTACTAGTACCGGA-1,0,0,0,5,0,0,0,4,0,0,0,0,0,0,0,0,0,3,3,3,0,8,7
clade_50,0,0,0,5,0,0,0,4,0:0.06/2:0.94,0,0,0,0,0,0,0,0:0.06/3:0.94,3,3,3,0,0,0
LL.GTGTGCGTCTTTACAC-1,4,0,2,5,2,0,0,4,2,0,0,0,0,3,4,4,3,3,3,3,0,0,0
LL.GAGTCCGGTGCCTTGG-1,0,0,0,5,0,3,5,4,2,0,0,0,0,0,5,0,3,3,3,3,0,0,0
clade_53,0,0,0,0:0.01/5:0.99,0,0,0,4,0,0,0,0,0,0,0,0,0:0.61/6:0.39,0,3,0,0,0,0
LL.ACAGCCGTCTGTCCGT-1,-1,-1,0,-1,-1,-1,0,4,2,0,7,0,0,0,7,0,6,0,3,0,12,0,3
clade_54,0,0,0,5,0,0,0,4,0,0,0,0,0,0,0:0.99/6:0.01,0:0.99/6:0.01,0:0.6/6:0.4,0,3,0,0,0,0
LL.CATCGGGCATTGCGGC-1,0,0,6,5,0,4,0,4,0,0,0,0,0,0,6,6,6,6,3,0,8,7,6
clade_55,-1,-1,0,5,0,0,0,4,6,0,0,0,0,5,-1,-1,-1,0,3,5,10,0,0
I4,-1,-1,0,5,0,0,0,4,6,0,0,0,0,5,-1,-1,-1,0,3,5,10,0,0
LL.AGTGGGAGTAATCACC-1,-1,-1,0,5,0,0,0,4,6,0,0,0,0,5,-1,-1,-1,6,3,5,10,0,0
LL.CACAGGCGTGGTGTAG-1,-1,-1,0,5,0,0,0,4,6,0,0,0,0,5,-1,-1,-1,0,3,5,10,0,0
LL.ACGCAGCAGCCATCGC-1,-1,-1,0,5,8,5,0,4,6,0,0,0,0,5,-1,-1,-1,0,3,5,10,10,8
