(((((((((M1.TGAAAGAGTAACGCGA-1:5.137,RE.TGCCCATGTAGAAGGA-1:2.137)clade_35:11.001,M1.AAACCTGAGCGTAATA-1:10.433)clade_41:2.039,M1.ATTATCCGTGCCTGGT-1:13.081)clade_32:1.919,(((M2.TGGTTCCGTGTAATGA-1:10.281,Liv.CAGCTGGCAAGCGAGT-1:10.783)clade_126:2.303,(((RE.TCTGAGATCCCATTAT-1:5.185,RE.CGATTGATCGGTTCGG-1:9.185)clade_132:0.837,RW.CACATAGAGCGTCTAT-1:6.022)clade_127:2.982,(M1.CGACCTTAGATAGCAT-1:14.313,M1.AGAGCTTCACCATGTA-1:9.133)clade_121:0.871)I12:0.005)I11:2.992,((RE.CGGCTAGCACAAGACG-1:8.867,RW.GTATTCTAGCACAGGT-1:8.867)clade_147:9.892,(RW.TTGCGTCCAATCAGAA-1:11.092,M2.ACTTGTTTCAGCTCGG-1:16.083)clade_141:7.278)clade_139:1.843)I10:0)I9:0,((M1.TAAGCGTCACCAGTTA-1:11.784,RW.GGGCATCCACAGCCCA-1:8.187)clade_27:4.992,(Liv.ATCCACCGTATTAGCC-1:13.008,(RW.GCTTGAAGTTCAGTAC-1:12.165,LL.TACTCATGTCTTCAAG-1:9.137)I8:0.088)clade_18:1.865)clade_16:1.909)I7:0.001,(((M1.TGATTTCAGCGTGAAC-1:16.689,M1.CAGCTGGTCTGTACGA-1:10.459)clade_61:3.644,((M1.ACGGGTCGTATAGTAG-1:15.003,M2.GATTCAGCACTACAGT-1:6.01)I6:0.002,Liv.CACTCCAAGTCAAGGC-1:9.012)clade_52:1.058)clade_51:1.93,((((RE.GCGAGAATCGCATGAT-1:5.263,RE.AGGGTGAAGCGATGAC-1:9.15)clade_116:9.053,LL.TCTATTGAGGCTAGCA-1:7.316)clade_113:1.688,(RE.TTATGCTAGCTCCTCT-1:14,((LL.CAAGTTGAGCTCTCGG-1:14,(M1.TACTCATTCATGCAAC-1:6.205,RW.GTCACAAGTTAAGACA-1:11.205)clade_106:1.725)clade_91:0.07,(LL.ATCATGGAGACTTTCG-1:9,Liv.ACGCCGAAGCCCGAAA-1:5.985)clade_96:0.016)I5:0.926)clade_90:0.078)clade_89:1.547,((((RW.AGCTCTCGTACCGAGA-1:6.63,M1.TTGCCGTAGATGTGTA-1:7.18)clade_84:1.715,Liv.AGTAGTCAGGAGTAGA-1:10.34)clade_80:2.786,RE.GTGAAGGCAAGTCATC-1:11.105)I4:2.903,(((M2.ACTGAGTGTTCCAACA-1:5.014,RE.TAGTGGTTCCTTGCCA-1:3.014)clade_67:0.989,M1.TACGGGCAGCGTGAGT-1:13.004)clade_101:0.001,RW.CGCGTTTGTGATAAGT-1:14.004)clade_73:0.004)I3:3.003)clade_66:1.449)I2:0.001)clade_15:0.999,((M1.TACTCGCTCCTTTCTC-1:14.046,(M1.TGAGCATCATCTACGA-1:14.108,((RE.TTTCCTCCAGCATACT-1:10.916,RE.CCTAAAGTCGAATCCA-1:9.915)clade_160:0.119,LL.CCACCTAAGGACTGGT-1:13.02)clade_156:3.088)clade_155:0.938)clade_168:1.375,M1.TACCTATAGCGAGAAA-1:11.022)clade_153:1.579)I1:0,((M1.AGAGCGAGTTCTGTTT-1:16.094,M1.CAGCTAAGTCAGGACA-1:5.505)clade_5:5.86,(M1.ACACCCTAGTCAATAG-1:15.332,M1.AGGTCATCAGTCAGAG-1:13.724)clade_10:2.31)clade_1:2.738)root:0)I0;
I0,0,0,0,0,0,0,0,0,0,0,0,0,0,0,0,0,0,0,0,0,0,0,0,0,0,0,0,0,0,0,0
root,0,0,0,0,0,0,0,0,0,0,0,0,0,0,0,0,0,0,0,0,0,0,0,0,0,0,0,0,0,0,0
clade_1,0,0,0,0,0,0,0,0,0,0,0,0,0,0,0,0,0,0,0,0,0,0,0,0,0,0:0.07/12:0.93,0:0.08/9:0.92,0:0.11/6:0.89,0,0,0
clade_10,0:0.25/8:0.75,0:0.57/3:0.43,0:0.28/7:0.72,0,0:0.87/3:0.13,0,0,0,0,0,0,0,0,0,0,0,0,0:0.87/3:0.13,0:0.87/3:0.13,0,0,0,0,0,0,0:0.06/12:0.94,0:0.07/9:0.93,0:0.1/6:0.9,0,0,0
M1.AGGTCATCAGTCAGAG-1,8,3,7,0,3,0,-1,0,3,0,10,11,6,0,0,0,0,3,3,0,0,7,2,0,0,-1,-1,-1,0,0,0
M1.ACACCCTAGTCAATAG-1,8,3,7,-1,-1,-1,0,8,0,0,0,13,0,7,6,0,-1,-1,-1,11,6,0,10,9,0,12,9,6,0,0,0
clade_5,0,0:0.26/2:0.74,0,0:0.68/5:0.32,0:0.68/5:0.32,0:0.68/6:0.32,0,0,0,0,0,0,0,0:0.06/4:0.94,0,0,0:0.68/7:0.32,0,0:0.68/8:0.32,0:0.22/-1:0.75/2:0.002/0:0.002/3:0.002/4:0.002/5:0.002/6:0.002/7:0.002/8:0.002/9:0.002/10:0.002/11:0.002/12:0.002,0:0.22/-1:0.75/2:0.004/0:0.004/3:0.004/4:0.004/5:0.004/6:0.004/7:0.004/8:0.004,0:0.22/-1:0.75/2:0.003/3:0.003/4:0.003/0:0.003/5:0.003/6:0.003/7:0.003/8:0.003/9:0.003,0,0,0,12,9,0:0.01/6:0.99,0,0,0
M1.CAGCTAAGTCAGGACA-1,0,2,0,5,5,6,0,0,0,0,2,0,0,4,0,0,7,0,8,-1,-1,-1,0,0,0,12,9,6,0,0,0
M1.AGAGCGAGTTCTGTTT-1,6,2,0,-1,-1,-1,-1,-1,-1,-1,0,0,0,4,0,6,-1,-1,-1,-1,-1,-1,3,2,2,12,9,6,0,0,0
I1,0,0,0,0,0,0,0,0,0,0,0,0,0,0,0,0,0,0,0,0,0,0,0,0,0,0,0,0,0,0,0
clade_153,0,0,0,0:0.4/4:0.6,0,0,0,0,0,0,0,0,0,0,0,0,0,0,0,0,0,0,0,0,0,0,0:0.02/6:0.98,0,0,0,0
M1.TACCTATAGCGAGAAA-1,6,2,0,-1,-1,-1,0,-1,-1,-1,0,0,0,0,0,0,0,9,0,3,0,0,0,0,0,0,6,0,13,0,0
clade_168,0,0,0,0:0.01/4:0.99,0,0,0,0,0,0,0,0,0,0,0,0,0:0.03/2:0.97,0,0,0,0,0,0,0,0,0,6,0,0,0,0
clade_155,0,0,0,4,0,0,0,0,0,0,0,0,0,0,0,0,2,0,0,0:0.1/4:0.9,0,0,0,0,0,0,6,0,0,0,0
clade_156,0,0,0,4,0,0,0,0,0,0,0,5,0:0.01/3:0.99,0,4,0,2,0,0,4,0,0,0,0,0,0,6,0,0,0,0
LL.CCACCTAAGGACTGGT-1,8,3,7,4,0,6,2,0,0,3,0,5,3,0,4,0,2,0,0,4,8,0,2,0,0,-1,-1,-1,4,0,6
clade_160,0,0:0.92/2:0.08,0,4,0,0,0,0:0.99/4:0.01,0,0,0,5,0:0.01/3:0.99,0,4,0,2,0:0.99/6:0.01,0,4,0,0,0,0,0,0,6,0,0,0,0
RE.CCTAAAGTCGAATCCA-1,5,2,0,4,0,0,0,4,0,0,0,5,3,0,4,0,-1,-1,-1,4,0,0,0,6,6,0,6,0,9,7,0
RE.TTTCCTCCAGCATACT-1,0,2,0,4,0,3,0,-1,-1,-1,0,5,3,0,4,0,2,6,0,4,0,0,0,3,3,0,6,0,5,5,3
M1.TGAGCATCATCTACGA-1,0,2,0,4,0,5,0,-1,-1,-1,2,0,4,8,0,0,2,0,0,4,3,4,0,0,0,11,6,0,-1,-1,-1
M1.TACTCGCTCCTTTCTC-1,5,2,0,4,0,0,0,4,0,3,0,10,0,4,0,7,2,8,9,0,0,0,2,0,0,0,6,4,-1,-1,-1
clade_15,0,2,0,0,0,0,0,0,0,0,0,0,0,0,0,0,0,0,0,0,0,0,0,0,0,0,0,0,0,0,0
I2,0,2,0,0,0,0,0,0,0,0,0,0,0,0,0,0,0,0,0,0,0,0,0,0,0,0,0,0,0,0,0
clade_66,0:0.01/3:0.99,2,0,0,0:0.54/2:0.46,0,0,0,0,0,0,0,0,0,0,0,0,0,0,0,0,0,0,0,0,0,0,0,0,0,0
I3,3,2,0,-1,-1,-1,0,0,0,0,0,0,0,0,0,0,0,0,0,0,0,0,0,0,0,0,0,0,0,0,0
clade_73,3,2,0,-1,-1,-1,0,0,0,0,0,0,0,0,0,0,0,0,0,0,0,0,0,0,0,0,0,0,0,0,0
RW.CGCGTTTGTGATAAGT-1,3,2,0,-1,-1,-1,0,-1,-1,-1,0,2,2,0,3,2,0,0,0,-1,-1,-1,0,0,0,-1,-1,-1,3,0,0
clade_101,3,2,0,-1,-1,-1,0,0,0,0,0,0,0,0,0,0,0,0,0,0,0,0,0,0,0,0,0,0,0,0,0
M1.TACGGGCAGCGTGAGT-1,3,2,0,-1,-1,-1,5,7,0,6,3,3,5,0,0,0,-1,-1,-1,9,0,0,2,6,6,0,0,0,0,0,0
clade_67,3,2,0,-1,-1,-1,0,0,0,0,0:0.01/2:0.99,0,0,0,0,0,0,0,0,0,0,0,0,0,0,0,0,0,0,0,0
RE.TAGTGGTTCCTTGCCA-1,3,2,0,-1,-1,-1,0,0,0,0,2,7,0,0,0,0,5,0,0,0,0,0,2,0,0,0,0,0,0,0,0
M2.ACTGAGTGTTCCAACA-1,3,2,5,-1,-1,-1,0,0,0,0,2,0,0,0,7,0,6,0,8,0,0,0,0,0,0,0,0,0,0,0,7
I4,3,2,0,-1,-1,-1,0,0,0,0,0,0,0,0,0,0,0:0.04/4:0.96,0:0.03/5:0.97,0:0.04/6:0.96,0,0,0,0,0,0,0,0,0,0,0,0
RE.GTGAAGGCAAGTCATC-1,3,2,0,-1,-1,-1,0,0,0,0,-1,-1,-1,6,0,0,4,5,6,0,0,0,4,4,0,8,8,0,-1,-1,-1
clade_80,3,2,0,-1,-1,-1,0,0,0,0,0,0,0,0,0,0,4,5,6,0:0.11/-1:0.89,0:0.11/-1:0.89,0:0.11/-1:0.89,0,0,0,0,0,0,0,0,0
Liv.AGTAGTCAGGAGTAGA-1,-1,-1,-1,-1,-1,-1,0,0,6,0,0,0,0,2,8,8,4,5,6,-1,-1,-1,11,0,0,0,0,0,4,12,0
clade_84,3,2,0,-1,-1,-1,0,0:0.82/2:0.18,0:0.82/2:0.18,0:0.82/4:0.18,0:0.08/2:0.92,0,0,0,0,0,4,5,6,0:0.03/-1:0.97,0:0.03/-1:0.97,0:0.03/-1:0.97,0,0,0,0,0,0,0,0,0
M1.TTGCCGTAGATGTGTA-1,3,2,0,-1,-1,-1,0,-1,-1,-1,2,9,0,0,0,0,4,5,6,-1,-1,-1,7,0,0,0,0,0,7,8,0
RW.AGCTCTCGTACCGAGA-1,3,2,0,-1,-1,-1,0,2,2,4,2,0,0,0,0,0,4,5,6,-1,-1,-1,0,0,0,6,5,3,4,0,0
clade_89,3,2,0,0,2,0,0,0,0,0,0,0,0,0,0,0,0,0,0,0,0,0,2,0,0,0,0,0,0,0,0
clade_90,3,2,0,0,2,0,0,0,0,0,0,0,0,0,0,0,0,0,0,0,0,0:0.92/3:0.08,2,0,0,0,0,0,0,0,0
I5,3,2,0,0,2,0,0,0,0,0,0,0,0,0,0,0,0,0,0,0,0,3,2,0,0,0,0,0,0,0,0
clade_96,3,2,0,0,2,0,0,0,0,0,0,0,0,0,0,0,0,0,0,0,0,3,2,0,0,0,0,0,0:0.98/17:0.02,0,0
Liv.ACGCCGAAGCCCGAAA-1,3,2,0,0,2,0,0,0,0,0,0,0,0,11,0,0,0,3,3,0,0,3,2,11,0,3,0,0,17,0,0
LL.ATCATGGAGACTTTCG-1,3,2,3,0,2,0,0,0,0,0,13,15,0,0,0,0,0,0,4,3,0,3,2,12,0,0,0,0,-1,-1,-1
clade_91,3,2,0,0:0.93/3:0.07,2,0,0,0,0,0,0,0,0,0,0,0,0,0,0,0,0,3,2,0,0,0,0,0,0,0,0
clade_106,3,2,0,0:0.11/3:0.89,2,0,0,0,0,0,0,0,0,0:0.09/2:0.91,0,0,0,0,0,0,0,3,2,0,0,0,0,0,0,0,0
RW.GTCACAAGTTAAGACA-1,3,2,2,3,2,0,2,3,0,0,0,2,2,2,0,0,3,2,2,0,0,3,2,0,0,2,0,0,2,2,0
M1.TACTCATTCATGCAAC-1,3,2,0,3,2,0,0,0,0,0,0,0,0,2,0,0,2,0,0,0,0,3,2,0,8,8,8,5,7,0,0
LL.CAAGTTGAGCTCTCGG-1,3,2,0,-1,-1,-1,0,-1,-1,-1,2,0,0,12,0,0,0,12,10,0,0,3,2,0,0,14,0,9,19,0,6
RE.TTATGCTAGCTCCTCT-1,3,2,0,-1,-1,-1,0,0,0,5,0,0,0,5,0,3,0,0,7,-1,-1,-1,2,0,0,-1,-1,-1,0,0,4
clade_113,3,2,0,0,2,0,0,0:0.13/4:0.87,0,0,0,0,0,0,0,0,0,0,0,0:0.18/7:0.82,0,0,2,0,0,0,0,0,0,0,0
LL.TCTATTGAGGCTAGCA-1,3,2,0,0,2,0,2,4,0,0,0,0,0,2,11,6,2,0,0,7,0,0,2,0,0,0,11,8,0,0,0
clade_116,3,2,0,0,2,0,0,4,0,0,0:0.51/6:0.49,0,0,0:0.02/7:0.98,0:0.02/6:0.98,0:0.02/5:0.98,0:0.02/3:0.98,0:0.02/2:0.98,0:0.02/2:0.98,0:0.09/7:0.91,0,0:0.51/6:0.49,2,0,0,0:0.02/9:0.98,0,0,0:0.01/7:0.99,0,0
RE.AGGGTGAAGCGATGAC-1,3,2,0,0,2,0,0,4,0,0,-1,-1,-1,7,6,5,3,2,2,-1,-1,-1,-1,-1,-1,9,0,0,7,0,0
RE.GCGAGAATCGCATGAT-1,-1,-1,-1,0,2,0,0,4,0,0,6,0,0,7,6,5,3,2,2,7,0,6,2,0,0,9,0,0,7,0,5
clade_51,0,2,0,0,0,0,0,0,0,0,0:0.04/8:0.96,0:0.03/8:0.97,0,0,0,0,0,0,0,0,0,0,0,0,0,0,0,0,0,0,0
clade_52,0,2,0,0,0,0,0,0,0,0,8,8,0,0:0.01/4:0.99,0,0,0,0,0,0,0,0,0,0,0,0,0,0,0,0,0
Liv.CACTCCAAGTCAAGGC-1,5,2,0,8,0,0,0,0,0,0,8,8,7,4,0,0,2,0,0,-1,-1,-1,0,0,11,0,10,0,0,0,0
I6,0,2,0,0,0,0,0,0,0,0,8,8,0,4,0,0,0,0,0,0,0,0,0,0,0,0,0,0,0,0,0
M2.GATTCAGCACTACAGT-1,0,2,0,5,0,4,0,0,0,4,8,8,0,4,0,0,0,7,0,0,0,0,6,0,0,0,0,0,0,0,7
M1.ACGGGTCGTATAGTAG-1,0,2,0,7,0,8,6,0,0,2,-1,-1,-1,4,0,0,8,11,0,0,5,0,8,8,10,0,0,0,16,10,0
clade_61,0:0.17/3:0.83,2,0,0:0.41/-1:0.56/2:0.003/3:0.003/0:0.003/4:0.003/5:0.003/6:0.003/7:0.003/8:0.003/9:0.003,0:0.41/-1:0.56/0:0.004/2:0.004/3:0.004/4:0.004/5:0.004/6:0.004/7:0.004,0:0.41/-1:0.56/0:0.003/2:0.003/3:0.003/4:0.003/5:0.003/6:0.003/7:0.003/8:0.003/9:0.003,0,0,0,0,0:0.03/8:0.97,0:0.03/8:0.97,0,0,0,0,0,0,0,0,0,0,0:0.83/2:0.17,0,0,0,0,0,0,0:0.12/9:0.88,0
M1.CAGCTGGTCTGTACGA-1,3,2,0,-1,-1,-1,3,0,0,0,-1,-1,-1,9,9,9,0,0,0,0,0,0,2,0,0,0,0,4,0,9,0
M1.TGATTTCAGCGTGAAC-1,3,2,0,-1,-1,-1,4,0,5,0,8,8,0,2,0,0,-1,-1,-1,-1,-1,-1,-1,-1,-1,8,8,0,12,9,0
I7,0,2,0,0,0,0,0,0,0,0,0,0,0,0,0,0,0,0,0,0,0,0,0,0,0,0,0,0,0,0,0
clade_16,0,2,0,0,0,0,0,0,0,0,0,0,0,0,0,0,0,0,0,0,0:0.05/3:0.95,0:0.04/4:0.96,0,0,0,0,0,0,0,0,0
clade_18,0,2,0,0,0,0,0,0,0,0,0,0,0,0:0.01/2:0.99,0,0,0:0.22/2:0.78,0,0,0,3,4,0,0,0,0,0,0,0,0,0
I8,0,2,0,0,0:0.99/7:0.01,0:0.99/9:0.01,0,0,0,0,0,0,0,2,0,0,0:0.16/2:0.84,0,0,0,3,4,0,0,0,0,0,0,0,0,0
LL.TACTCATGTCTTCAAG-1,6,2,0,0,7,9,0,0,7,0,0,0,0,2,12,0,2,0,0,0,3,4,2,0,0,13,12,0,18,0,0
RW.GCTTGAAGTTCAGTAC-1,2,2,0,-1,-1,-1,0,5,3,3,3,3,0,2,0,0,2,0,0,0,3,4,0,0,0,5,4,0,0,4,0
Liv.ATCCACCGTATTAGCC-1,0,2,0,9,3,0,0,9,0,0,12,14,0,2,0,0,-1,-1,-1,12,3,4,0,10,0,-1,-1,-1,0,0,0
clade_27,0,2,0,0,0,0,0,0,0,0,0:0.2/-1:0.77/2:0.002/0:0.002/3:0.002/4:0.002/5:0.002/6:0.002/7:0.002/8:0.002/9:0.002/10:0.002/11:0.002/12:0.002/13:0.002,0:0.2/-1:0.77/0:0.002/2:0.002/3:0.002/4:0.002/5:0.002/6:0.002/7:0.002/8:0.002/9:0.002/10:0.002/11:0.002/12:0.002/13:0.002/14:0.002/15:0.002,0:0.2/-1:0.77/0:0.004/2:0.004/3:0.004/4:0.004/5:0.004/6:0.004/7:0.004,0:0.05/4:0.95,0,0,0,0,0:0.06/4:0.94,0,0:0.03/3:0.97,0:0.03/4:0.97,0,0,0,0:0.67/4:0.33,0:0.67/3:0.33,0,0,0,0
RW.GGGCATCCACAGCCCA-1,3,2,0,0,0,0,0,4,0,0,-1,-1,-1,4,0,0,0,4,4,0,3,4,2,0,0,4,3,0,0,3,2
M1.TAAGCGTCACCAGTTA-1,0,2,3,6,4,0,0,0,0,0,-1,-1,-1,4,8,8,0,0,4,-1,-1,-1,0,0,0,-1,-1,-1,0,0,0
I9,0,2,0,0,0,0,0,0,0,0,0,0,0,0,0,0,0,0,0,0,0,0,0,0,0,0,0,0,0,0,0
I10,0,2,0,0,0,0,0,0,0,0,0,0,0,0,0,0,0,0,0,0,0,0,0,0,0,0,0,0,0,0,0
clade_139,0,2,0,0,0,0,0,0:0.29/2:0.71,0:0.34/2:0.66,0,0,0,0,0,0,0,0,0,0,0:0.84/2:0.16,0:0.84/2:0.16,0:0.84/2:0.16,0,0,0,0,0,0,0,0,0
clade_141,0:0.1/2:0.9,2,0,0:0.72/2:0.28,0,0,0,0:0.21/2:0.79,0:0.25/2:0.75,0:0.72/2:0.28,0,0,0,0,0,0,0,0,0,0:0.06/2:0.94,0:0.08/2:0.92,0:0.07/2:0.93,0:0.26/-1:0.71/2:0.003/3:0.003/0:0.003/4:0.003/5:0.003/6:0.003/7:0.003/8:0.003/9:0.003/10:0.003/11:0.003,0:0.26/-1:0.71/0:0.002/2:0.002/3:0.002/4:0.002/5:0.002/6:0.002/7:0.002/8:0.002/9:0.002/10:0.002/11:0.002/12:0.002,0:0.26/-1:0.71/0:0.003/2:0.003/3:0.003/4:0.003/5:0.003/6:0.003/7:0.003/8:0.003/9:0.003/10:0.003/11:0.003,0:0.72/10:0.28,0,0,0:0.72/11:0.28,0:0.72/3:0.28,0:0.72/2:0.28
M2.ACTTGTTTCAGCTCGG-1,2,2,0,-1,-1,-1,4,-1,-1,-1,8,8,0,7,6,0,0,0,8,2,2,2,-1,-1,-1,10,0,0,11,3,2
RW.TTGCGTCCAATCAGAA-1,2,2,0,2,0,0,0,2,2,2,2,0,0,0,0,0,2,0,0,2,2,2,-1,-1,-1,-1,-1,-1,-1,-1,-1
clade_147,0,2,0:0.04/3:0.96,0,0,0:0.03/2:0.97,0,0:0.01/2:0.99,0:0.01/2:0.99,0,0:0.1/-1:0.88/2:0.002/0:0.002/3:0.002/4:0.002/5:0.002/6:0.002/7:0.002/8:0.002/9:0.002/10:0.002/11:0.002/12:0.002/13:0.002,0:0.1/-1:0.88/0:0.001/2:0.001/3:0.001/4:0.001/5:0.001/6:0.001/7:0.001/8:0.001/9:0.001/10:0.001/11:0.001/12:0.001/13:0.001/14:0.001/15:0.001,0:0.1/-1:0.88/0:0.003/2:0.003/3:0.003/4:0.003/5:0.003/6:0.003/7:0.003,0:0.02/3:0.98,0,0,0:0.03/2:0.97,0,0,0:0.08/-1:0.88/2:0.04,0:0.08/-1:0.88/2:0.04,0:0.08/-1:0.88/2:0.04,0,0,0,0,0,0,0,0,0
RW.GTATTCTAGCACAGGT-1,0,2,3,0,3,2,0,2,2,0,-1,-1,-1,3,2,0,2,3,3,-1,-1,-1,3,2,0,3,2,0,0,0,0
RE.CGGCTAGCACAAGACG-1,4,2,3,5,0,2,-1,2,2,0,-1,-1,-1,3,0,2,2,0,0,-1,-1,-1,5,5,5,0,0,0,0,6,0
I11,0,2,0,-1,-1,-1,0,0,0,0,0,0,0,0,0,0,0,0,0,0,0,0,0,0,0,0,0,0,0,0,0
I12,0,2,0,-1,-1,-1,0,0,0,0,0,0,0,0,0,0,0,0,0,0,0,0,0,0,0,0,0,0,0,0,0
clade_121,0,2,0,-1,-1,-1,0,0,0,0,0:0.94/11:0.06,0:0.94/12:0.06,0,0,0:0.31/5:0.69,0,0,0,0,0,0,0,0,0,0,0,0,0:0.94/7:0.06,0,0,0
M1.AGAGCTTCACCATGTA-1,0,2,0,-1,-1,-1,0,0,0,0,11,12,0,10,5,0,0,0,0,-1,-1,-1,9,0,0,0,0,7,15,0,0
M1.CGACCTTAGATAGCAT-1,7,2,3,-1,-1,-1,0,-1,-1,-1,-1,-1,-1,0,5,0,0,10,0,0,0,0,0,0,9,-1,-1,-1,0,0,8
clade_127,0:0.01/3:0.99,2,0,-1,-1,-1,0,0:0.01/6:0.99,0:0.01/4:0.99,0,0,0,0,0,0,0,0,0,0,0,0,0,0,0,0,0,0,0,0,0,0
RW.CACATAGAGCGTCTAT-1,3,2,0,-1,-1,-1,0,6,4,0,4,4,0,0,0,0,0,0,5,3,0,0,0,0,2,0,0,2,0,0,0
clade_132,3,2,0,-1,-1,-1,0,6,4,0,0,0,0,0,0,0:0.18/2:0.82,0,0,0,0,0,0,0,0,0,0,0,0,0,0,0
RE.CGATTGATCGGTTCGG-1,3,2,4,-1,-1,-1,0,6,4,0,7,0,0,2,0,2,-1,-1,-1,8,0,0,0,0,0,0,0,0,8,0,6
RE.TCTGAGATCCCATTAT-1,3,2,0,-1,-1,-1,0,6,4,0,0,0,0,0,0,2,0,0,0,6,0,0,0,0,4,7,7,0,6,0,0
clade_126,0,2,0,-1,-1,-1,0,0:0.4/-1:0.57/2:0.003/3:0.003/4:0.003/5:0.003/6:0.003/0:0.003/7:0.003/8:0.003/9:0.003,0:0.4/-1:0.57/2:0.004/0:0.004/3:0.004/4:0.004/5:0.004/6:0.004/7:0.004,0:0.4/-1:0.57/2:0.005/0:0.005/3:0.005/4:0.005/5:0.005/6:0.005,0,0,0,0,0,0,0,0,0,0:0.83/3:0.17,0:0.83/7:0.17,0:0.83/9:0.17,0,0,0,0,0,0,0,0,0
Liv.CAGCTGGCAAGCGAGT-1,0,2,0,-1,-1,-1,0,-1,-1,-1,0,0,0,0,0,0,0,0,0,3,7,9,10,9,0,-1,-1,-1,6,11,0
M2.TGGTTCCGTGTAATGA-1,0,2,5,-1,-1,-1,0,-1,-1,-1,6,2,2,0,0,6,0,0,0,-1,-1,-1,0,0,0,0,0,0,10,0,0
clade_32,0,2,0,0,0,0,0,0,0,0,0,0,0,0,0,0,0,0:0.04/3:0.96,0:0.04/3:0.96,0,0,0,0,0,0,0,0,0,0,0,0
M1.ATTATCCGTGCCTGGT-1,0,2,6,0,6,7,0,0,0,0,9,0,0,0,10,0,6,3,3,10,0,0,8,7,0,-1,-1,-1,14,0,0
clade_41,0,2,0,0,0,0,0,0:0.45/-1:0.53/2:0.002/3:0.002/4:0.002/5:0.002/6:0.002/0:0.002/7:0.002/8:0.002/9:0.002,0:0.45/-1:0.53/2:0.003/0:0.003/3:0.003/4:0.003/5:0.003/6:0.003/7:0.003,0:0.45/-1:0.53/2:0.003/0:0.003/3:0.003/4:0.003/5:0.003/6:0.003,0,0,0,0,0:0.84/5:0.16,0:0.84/4:0.16,0,0:0.01/3:0.99,0:0.01/3:0.99,0,0,0,0,0,0,0,0,0,0,0,0
M1.AAACCTGAGCGTAATA-1,0,2,0,0,0,0,0,-1,-1,-1,0,0,0,-1,-1,-1,9,3,3,0,0,8,-1,-1,-1,0,6,0,0,0,0
clade_35,0,2,0,0:0.02/-1:0.98,0:0.02/-1:0.98,0:0.02/-1:0.98,0:0.01/3:0.99,0:0.01/-1:0.99,0:0.01/-1:0.99,0:0.01/-1:0.99,0,6,0,0,5,4,0,3,3,5,0:0.01/4:0.99,0:0.01/5:0.99,0,0,0,0,0,0,0,0,0
RE.TGCCCATGTAGAAGGA-1,4,2,0,-1,-1,-1,3,-1,-1,-1,5,6,0,0,5,4,0,3,3,5,4,5,0,0,0,0,0,0,0,0,0
M1.TGAAAGAGTAACGCGA-1,0,2,0,-1,-1,-1,3,-1,-1,-1,0,6,0,0,5,4,0,3,3,5,4,5,2,0,7,-1,-1,-1,0,0,0
