((((M2.GAACATCAGGCCGAAT-1:4.273,M1.GACCTGGTCCTAAGTG-1:2.273)clade_46:5.851,(((Liv.ACGGGTCCAGTTCCCT-1:1.004,(Liv.CAAGTTGGTCGGCTCA-1:0,Liv.TCTTCGGAGCGCCTTG-1:0)I23:0.004)clade_54:4.254,RW.GGGCATCAGTCCATAC-1:5.499)clade_51:2.561,(((((M2.TCGGGACCAAATTGCC-1:2.011,M2.CTCGGAGCACCGTTGG-1:0.011)clade_39:0.989,(M2.GTGTGCGAGTTACGGG-1:0.026,M2.GTCCTCACAGTTCATG-1:2.026)clade_19:0.976)clade_18:0,(((((((M2.CGTAGCGCAGACTCGC-1:0,M2.ACTGAGTGTCGAGTTT-1:0)I22:0,(M2.CTTAACTTCAGCACAT-1:0,M2.ACCGTAATCCTCAACC-1:0)I21:0)I20:0,(M2.TGTCCCAGTTATCACG-1:1,M2.GTCTCGTGTACACCGC-1:1)I19:0)I18:0,((((M2.CGTCAGGGTACAAGTA-1:2.01,M2.CATCGAACAGTCACTA-1:0.01)I17:0.99,((((M2.GCATGTATCGCAAACT-1:0,M2.TGTCCCACAGGTCGTC-1:0)I16:0,(M2.GACTGCGGTACCGGCT-1:0,M2.TTGCGTCGTACAGTTC-1:0)clade_36:1)I15:0,M2.ACGCCGAAGGGAGTAA-1:2)I14:0,((M2.TCAGCTCGTCTGGTCG-1:0.062,M2.ACTTACTTCATTTGGG-1:3.062)I13:1.962,M2.AGTGTCATCCCTGACT-1:0.021)clade_31:0.979)I12:0)I11:0,(M2.TCGGTAACACTTACGA-1:1.003,M2.GAACGGATCTACGAGT-1:0.003)clade_29:0.997)clade_26:0,M2.GGGCATCCAGTCCTTC-1:3)I10:0)I9:0,M2.CGGACGTTCTCAAGTG-1:4)I8:0,(M2.CGGGTCAAGCCGCCTA-1:2.031,M2.CTTCTCTAGCTGGAAC-1:0.51)I7:1.493)I6:0,M2.TAGTTGGAGACAGAGA-1:6)I5:0)I4:1.089,M2.GCATACAGTCTCTCGT-1:3.089)clade_7:3.029,(((M2.AGAGCTTGTGACTACT-1:0.725,(M2.ACGGGTCCATCTCCCA-1:0,M2.GAACGGATCTTGCCGT-1:0)clade_15:4.035)clade_14:1.275,M2.CTGATAGCAACCGCCA-1:3)I3:0,((M2.CATGGCGCAGGTCTCG-1:0.021,M2.CGAGCCAAGATGAGAG-1:3.021)I2:0.924,M2.GTCGGGTTCTACTCAT-1:4)clade_9:0.056)clade_8:2.14)clade_6:3.92)I1:0.014)clade_4:1.926,RE.TCACAAGCATTATCTC-1:12)root:0)I0;
I0,0,0,0,0,0,0,0,0,0,0,0,0,0,0,0,0,0,0,0
root,0,0,0,0,0,0,0,0,0,0,0,0,0,0,0,0,0,0,0
RE.TCACAAGCATTATCTC-1,0,0,3,0,0,-1,-1,-1,-1,-1,-1,3,2,2,3,0,0,0,3
clade_4,0,0,0,0,0,0,0,0,0,0,0,0,0,0,0:0.04/2:0.96,0:0.04/2:0.96,0,0,0
I1,0,0,0,0,0,0,0,0,0,0,0,0,0,0,0:0.03/2:0.97,0:0.03/2:0.97,0,0,0
clade_6,0:0.04/2:0.96,0:0.03/3:0.97,0:0.02/4:0.98,0:0.03/2:0.97,0,0,0,0,0,0,0,0,0,0,0:0.01/2:0.99,0:0.01/2:0.99,0,0,0
clade_8,2,3,4,2,2,0,0,3,0,0,0,0,0,0,2,2,0,0,0
clade_9,2,3,4,2,2,0,0,3,0,0,0,0:0.94/5:0.06,0,0,2,2,0,0,0
M2.GTCGGGTTCTACTCAT-1,2,3,4,2,2,0,5,3,0,0,0,-1,-1,0,2,2,0,3,0
I2,2,3,4,2,2,0,0,3,0,0,0,0:0.02/5:0.98,0,0,2,2,0,0,0
M2.CGAGCCAAGATGAGAG-1,2,3,4,2,2,0,0,3,3,0,-1,5,0,0,2,2,0,6,0
M2.CATGGCGCAGGTCTCG-1,2,3,4,2,2,0,0,3,0,0,0,5,0,0,2,2,0,0,0
I3,2,3,4,2,2,0,0,3,0,0,0,0,0,0,2,2,0,0,0
M2.CTGATAGCAACCGCCA-1,2,3,4,2,2,6,6,3,0,0,0,0,0,3,2,2,0,0,0
clade_14,2,3,4,2,2,0:0.04/5:0.96,0,3,0,0,0,0,0,0,2,2,0:0.69/6:0.31,0,0
clade_15,2,3,4,2,2,5,0,3,0,0,-1,0,0,0,2,2,-1,-1,-1
M2.GAACGGATCTTGCCGT-1,2,3,4,2,2,5,0,3,0,0,-1,0,0,0,2,2,-1,-1,-1
M2.ACGGGTCCATCTCCCA-1,2,3,4,2,2,5,0,3,0,0,-1,0,0,0,2,2,-1,-1,-1
M2.AGAGCTTGTGACTACT-1,2,3,4,2,2,5,0,3,0,0,0,0,0,0,2,2,6,0,0
clade_7,2,3,4,2,0,0,0,0,0,0,0,0,0,0:0.03/-1:0.97,-1:0.97/2:0.03,-1:0.97/2:0.03,0,0,0
M2.GCATACAGTCTCTCGT-1,2,3,4,2,0,0,0,4,0,0,-1,0,0,-1,-1,-1,0,0,4
I4,2,3,4,2,0,0,0,3,0,0,0,0,0,-1,-1,-1,0,0,0
I5,2,3,4,2,0,0,0,3,0,0,0,0,0,-1,-1,-1,0,0,0
M2.TAGTTGGAGACAGAGA-1,2,3,4,2,0,2,4,3,0,0,-1,0,0,-1,-1,-1,-1,-1,-1
I6,2,3,4,2,0,0,0,3,0,0,0,0,0,-1,-1,-1,0,0,0
I7,2,3,4,2,0,0,0,3,0,0,0:0.03/-1:0.97,0:0.48/4:0.52,0,-1,-1,-1,0,0,0
M2.CTTCTCTAGCTGGAAC-1,2,3,4,2,0,0,0,3,0,0,-1,4,0,-1,-1,-1,0,0,0
M2.CGGGTCAAGCCGCCTA-1,2,3,4,2,0,0,0,3,0,0,-1,-1,-1,-1,-1,-1,0,0,0
I8,2,3,4,2,0,0,0,3,0,0,0,0,0,-1,-1,-1,0,0,0
M2.CGGACGTTCTCAAGTG-1,2,3,4,2,0,7,0,3,0,0,3,0,0,-1,-1,-1,5,5,0
I9,2,3,4,2,0,0,0,3,0,0,0,0,0,-1,-1,-1,0,0,0
I10,2,3,4,2,0,0,0,3,0,0,0,0,0,-1,-1,-1,0,0,0
M2.GGGCATCCAGTCCTTC-1,2,3,4,2,0,4,0,3,0,0,0,-1,-1,-1,-1,-1,0,0,0
clade_26,2,3,4,2,0,0,0,3,0,0,0,0,0,-1,-1,-1,0,0,0
clade_29,2,3,4,2,0,0,2,3,0,0,0,0,0,-1,-1,-1,0,0,0
M2.GAACGGATCTACGAGT-1,2,3,4,2,0,0,2,3,0,0,0,0,0,-1,-1,-1,0,0,0
M2.TCGGTAACACTTACGA-1,2,3,4,2,0,0,2,3,0,0,-1,0,0,-1,-1,-1,0,0,0
I11,2,3,4,2,0,0,0,3,0,0,0,0,0,-1,-1,-1,0,0,0
I12,2,3,4,2,0,0,0,3,0,0,0,0,0,-1,-1,-1,0,0,0
clade_31,2,3,4,2,0,0,0:0.02/3:0.98,3,0,0,0,0,0,-1,-1,-1,0,0,0
M2.AGTGTCATCCCTGACT-1,2,3,4,2,0,0,3,3,0,0,0,0,0,-1,-1,-1,0,0,0
I13,2,3,4,2,0,0,3,3,0,0,0,0:0.03/-1:0.97,0:0.03/-1:0.97,-1,-1,-1,0,0,0
M2.ACTTACTTCATTTGGG-1,2,3,4,2,0,0,3,-1,-1,-1,0,-1,-1,-1,-1,-1,0,0,0
M2.TCAGCTCGTCTGGTCG-1,2,3,4,2,0,0,3,3,0,0,0,-1,-1,-1,-1,-1,0,0,0
I14,2,3,4,2,0,0,0,3,0,0,0,0,0,-1,-1,-1,0,0,0
M2.ACGCCGAAGGGAGTAA-1,2,3,4,2,0,0,0,3,0,0,0,6,5,-1,-1,-1,0,0,0
I15,2,3,4,2,0,0,0,3,0,0,0,0,0,-1,-1,-1,0,0,0
clade_36,2,3,4,2,0,0,0,3,0,0,0,0,0,-1,-1,-1,0,2,0
M2.TTGCGTCGTACAGTTC-1,2,3,4,2,0,0,0,3,0,0,0,0,0,-1,-1,-1,0,2,0
M2.GACTGCGGTACCGGCT-1,2,3,4,2,0,0,0,3,0,0,0,0,0,-1,-1,-1,0,2,0
I16,2,3,4,2,0,0,0,3,0,0,0,0,0,-1,-1,-1,0,0,0
M2.TGTCCCACAGGTCGTC-1,2,3,4,2,0,0,0,3,0,0,0,0,0,-1,-1,-1,0,0,0
M2.GCATGTATCGCAAACT-1,2,3,4,2,0,0,0,3,0,0,0,0,0,-1,-1,-1,0,0,0
I17,2,3,4,2,0,0,0,3,0,0,0,0,0,-1,-1,-1,0:0.01/4:0.99,0,0
M2.CATCGAACAGTCACTA-1,2,3,4,2,0,0,0,3,0,0,0,0,0,-1,-1,-1,4,0,0
M2.CGTCAGGGTACAAGTA-1,2,3,4,2,0,0,0,3,0,0,2,0,0,-1,-1,-1,4,4,0
I18,2,3,4,2,0,0,0,3,0,0,0,0,0,-1,-1,-1,0,0,0
I19,2,3,4,2,0,0,0,3,0,0,0,0,0,-1,-1,-1,0,0,0
M2.GTCTCGTGTACACCGC-1,2,3,4,2,0,3,0,3,0,0,0,0,0,-1,-1,-1,0,0,0
M2.TGTCCCAGTTATCACG-1,2,3,4,2,0,0,0,3,0,0,0,0,3,-1,-1,-1,0,0,0
I20,2,3,4,2,0,0,0,3,0,0,0,0,0,-1,-1,-1,0,0,0
I21,2,3,4,2,0,0,0,3,0,0,0,0,0,-1,-1,-1,0,0,0
M2.ACCGTAATCCTCAACC-1,2,3,4,2,0,0,0,3,0,0,0,0,0,-1,-1,-1,0,0,0
M2.CTTAACTTCAGCACAT-1,2,3,4,2,0,0,0,3,0,0,0,0,0,-1,-1,-1,0,0,0
I22,2,3,4,2,0,0,0,3,0,0,0,0,0,-1,-1,-1,0,0,0
M2.ACTGAGTGTCGAGTTT-1,2,3,4,2,0,0,0,3,0,0,0,0,0,-1,-1,-1,0,0,0
M2.CGTAGCGCAGACTCGC-1,2,3,4,2,0,0,0,3,0,0,0,0,0,-1,-1,-1,0,0,0
clade_18,2,3,4,2,0,0,0,3,0,0,0,0,0,-1,-1,-1,0,0,0
clade_19,2,3,4,2,0:0.02/-1:0.97/0:0.005/2:0.005,0,0,3,0,0,0,0,0,-1,-1,-1,0,0,0
M2.GTCCTCACAGTTCATG-1,2,3,4,2,-1,0,0,3,0,3,0,0,4,-1,-1,-1,0,0,0
M2.GTGTGCGAGTTACGGG-1,2,3,4,2,-1,0,0,3,0,0,0,0,0,-1,-1,-1,0,0,0
clade_39,2,3,4,2,0,0,0,3,0,0,0,0,0,-1,-1,-1,0:0.01/3:0.99,0,0
M2.CTCGGAGCACCGTTGG-1,2,3,4,2,0,0,0,3,0,0,0,0,0,-1,-1,-1,3,0,0
M2.TCGGGACCAAATTGCC-1,2,3,4,2,0,-1,-1,3,0,0,0,0,0,-1,-1,-1,3,0,0
clade_51,0,0:0.12/2:0.88,0,0,0,0,0,0:0.12/2:0.88,0,0,0,0,0,0,0:0.01/2:0.99,0:0.01/2:0.99,0:0.62/2:0.38,0,0:0.62/2:0.38
RW.GGGCATCAGTCCATAC-1,0,2,2,2,0,0,0,2,0,2,0,2,0,0,2,2,2,0,2
clade_54,0,2,0,0,0,0,3,2,0,0,0,0,0,0,2,2,-1,-1,-1
I23,0,2,0,0,0,0,3,2,0,0,0,0,0,0,2,2,-1,-1,-1
Liv.TCTTCGGAGCGCCTTG-1,0,2,0,0,0,0,3,2,0,0,0,0,0,0,2,2,-1,-1,-1
Liv.CAAGTTGGTCGGCTCA-1,0,2,0,0,0,0,3,2,0,0,0,0,0,0,2,2,-1,-1,-1
Liv.ACGGGTCCAGTTCCCT-1,0,2,0,0,0,0,3,2,0,0,-1,0,0,0,2,2,-1,-1,-1
clade_46,0,0,0,0:0.03/3:0.97,0,0,0,0:0.03/3:0.97,0,0,0:0.04/-1:0.95/0:0.003/2:0.003/3:0.003,0,0,0,2,2,0:0.04/-1:0.95/2:0.002/0:0.002/3:0.002/4:0.002/5:0.002/6:0.002,0:0.04/-1:0.95/0:0.002/2:0.002/3:0.002/4:0.002/5:0.002/6:0.002,0:0.04/-1:0.95/2:0.003/3:0.003/0:0.003/4:0.003
M1.GACCTGGTCCTAAGTG-1,0,0,0,3,0,8,0,3,0,4,-1,0,0,0,2,2,-1,-1,-1
M2.GAACATCAGGCCGAAT-1,0,0,0,3,-1,2,4,3,2,0,-1,0,0,0,2,2,-1,-1,-1
