((((M1.TGACGGCAGAAGGGTA-1:23.589,((((M2.CATCCACTCATGCAAC-1:4.158,M2.TCAATCTGTAGGGACT-1:13.801)clade_151:1.222,M2.CACAGTATCACTTATC-1:4.023)clade_156:0.039,M2.TACGGTATCTTGCAAG-1:15.029)clade_150:11.955,M1.CCCAGTTTCAACGAAA-1:29.049)clade_143:1.093)clade_111:0.043,((((M2.TCCCGATAGAAGGCCT-1:11.013,M2.TACTCATGTCTGATCA-1:16.967)clade_118:0.898,M2.CGACCTTTCATGTGGT-1:7.219)I12:6.359,((M2.GTTCGGGTCACCATAG-1:8.555,M2.TTGAACGGTCAAAGCG-1:3.555)clade_124:3.709,M2.GCACATATCCCTGACT-1:1.824)clade_119:7.091)I11:4.763,M2.CGACTTCCATACCATG-1:21.263)clade_112:10.51)clade_1:0.404,((M2.ACGAGCCGTCTCATCC-1:13.611,M1.CTAAGACCACTTCGAA-1:11.611)clade_105:9.596,(((((M1.AACTCAGCATTGTGCA-1:7.787,M1.GGATTACGTTCTGTTT-1:7.621)clade_96:1.677,M1.GCAAACTAGGGCACTA-1:8.125)clade_93:9.745,(RE.TTCGGTCAGGGTGTTG-1:10.339,M1.AGGCCACTCACTGGGC-1:11.339)clade_47:3.621)I10:0.045,(((((((RE.CGTAGCGGTAAGTGTA-1:9.189,(RE.GTCAAGTAGTACGCCC-1:10.15,RE.TCATTACAGCACCGTC-1:3.15)clade_10:0.04)I9:2.819,RE.TGAGGGAGTACTCAAC-1:5.928)clade_15:0.075,((RE.TGGACGCGTATAATGG-1:8.173,RE.GCTCTGTCAGGTCTCG-1:5.173)clade_21:2.57,RE.CAAGGCCAGCTATGCT-1:7.062)I8:1.26)I7:2.279,M2.TCTTTCCGTTACTGAC-1:6.282)clade_5:3.314,(LL.TTCTCCTTCAGCAACT-1:2.17,M1.GCGACCACAATGTTGC-1:10.323)clade_37:10.878)I6:3.331,RW.GTCACAAGTGCTGTAT-1:12.788)clade_26:2.307,(LL.AAGGAGCGTCGGCACT-1:8.753,M1.AAGCCGCTCATTTGGG-1:17.36)clade_41:0.853)I5:0.398)I4:3.026,((((M2.CGATGTAAGCAGCGTA-1:9.759,M2.GTAGGCCTCCATGAGT-1:15.778)I3:0.271,((((M2.TACGGATCAAAGCAAT-1:7.382,M2.CCGGGATGTTGGAGGT-1:3.988)clade_77:3.102,M2.ACTGAACAGTATGACA-1:7.884)clade_81:1.169,M2.CCATGTCCAATAGAGT-1:19.053)clade_75:0.947,M2.CCTTTCTCAAAGCAAT-1:9)I2:0.001)clade_66:2.103,M1.GATGCTAAGATCTGCT-1:13.045)clade_65:1.043,M2.GCAGTTAAGACCACGA-1:23.146)clade_55:4.884)clade_2:0.065)I1:3.908)root:0)I0;
I0,0,0,0,0,0,0,0,0,0,0,0,0,0,0,0,0,0,0,0,0,0,0,0,0,0,0,0,0,0,0,0,0,0,0,0,0,0,0,0,0,0,0,0
root,0,0,0,0,0,0,0,0,0,0,0,0,0,0,0,0,0,0,0,0,0,0,0,0,0,0,0,0,0,0,0,0,0,0,0,0,0,0,0,0,0,0,0
I1,0,0,0,0:0.06/2:0.94,0,0,0,0,0,0,0,0,0,0,0,0,0,0,0,0,0,0,0,0,0,0,0,0,0,0,0,0,0,0,0,0,0,0,0,0,0:0.01/-1:0.99,0:0.01/-1:0.99,0:0.01/-1:0.99
clade_2,0,0,0,0:0.01/2:0.99,0,0,0,0,0,0,0,0,0,0,0,0,0,0,0,0,0,0,0,0,0,0,0,0,0,0,0,0,0,0,0,0,0,0,0,0,0:0.01/-1:0.99,0:0.01/-1:0.99,0:0.01/-1:0.99
clade_55,0,0,0,2,0:0.03/3:0.97,0:0.02/4:0.98,0,0,0,0,0,0,0,0,0,0,0,0,0,0,0:0.03/6:0.97,0,0:0.03/5:0.97,0:0.04/3:0.96,0,0,0,0,0,0,0,0,0,0,0,0,0,0,0,0,-1,-1,-1
M2.GCAGTTAAGACCACGA-1,6,0,0,2,3,4,-1,-1,-1,-1,3,0,0,-1,-1,-1,4,0,0,0,6,0,5,3,0,7,0,5,3,5,2,-1,-1,-1,3,0,5,-1,-1,-1,-1,-1,-1
clade_65,0,0,0,2,3,4,0,0,0,0,0,0,0:0.04/5:0.96,0,0,0,0,0,0,0,0:0.02/6:0.98,0,0:0.02/5:0.98,0:0.02/3:0.98,0,0,0,0,0,0,0,0,0,0,0,0,0,0,0,0,-1,-1,-1
M1.GATGCTAAGATCTGCT-1,2,7,2,2,3,4,-1,-1,0,6,0,0,5,0,0,0,0,0,0,-1,-1,-1,-1,-1,-1,0,6,0,0,0,0,0,0,0,0,0,0,0,0,0,-1,-1,-1
clade_66,0,0,0,2,3,4,0,0,0,3,0,0,5,0,0,0,0,0,0,0,6,0,5,3,0,0,0,0,0,0,0,0,0,0,3,0,0,0,0,0,-1,-1,-1
I2,0,0,0,2,3,4,0,0,0,3,0,0,5,0,0,0,0,0,0,0,6,0,5,3,0,0,0,0,0,0,0,0,0,0,3,0,0,0,0,0,-1,-1,-1
M2.CCTTTCTCAAAGCAAT-1,0,0,4,2,3,4,0,0,0,3,0,0,5,0,0,0,0,0,0,7,6,0,5,3,0,8,5,6,0,0,0,7,3,6,3,0,7,0,0,0,-1,-1,-1
clade_75,0,0,0,2,3,4,0,0,0,3,0,0:0.05/6:0.95,5,0,0,0,0,0,0,0,6,0,5,3,0,0,0,0,0,0,0,0,0,0,3,0,0,0,0,0,-1,-1,-1
M2.CCATGTCCAATAGAGT-1,-1,-1,-1,2,3,4,-1,-1,6,3,0,6,5,-1,-1,-1,5,7,4,-1,-1,-1,5,3,0,-1,-1,-1,0,0,0,0,0,0,3,0,7,0,0,0,-1,-1,-1
clade_81,0,0,0,2,3,4,0,0,0,3,0,6,5,0,0,0,0:0.06/4:0.94,0,0,0,6,0,5,3,0,0,0,0,0,0,0,0,0,0,3,0,0,0,0:0.82/4:0.18,0,-1,-1,-1
M2.ACTGAACAGTATGACA-1,0,0,0,2,3,4,0,0,6,3,2,6,5,0,0,0,4,0,0,7,6,0,5,3,0,-1,-1,-1,0,0,3,0,0,0,3,0,0,0,4,0,-1,-1,-1
clade_77,0,0,0,2,3,4,0,0,0,3,0,6,5,0,0,0:0.61/4:0.39,4,0,0,0,6,0,5,3,0,0,0,0,0,0,0,0,0,0,3,0,0,0:0.12/-1:0.87/0:0.003/2:0.003/3:0.003/4:0.003,0:0.1/-1:0.87/4:0.03,0:0.12/-1:0.87/0:0.003/2:0.003/3:0.003,-1,-1,-1
M2.CCGGGATGTTGGAGGT-1,7,5,0,2,3,4,0,0,0,3,0,6,5,0,0,4,4,0,0,0,6,0,5,3,0,0,0,0,0,0,0,0,0,7,3,0,0,-1,-1,-1,-1,-1,-1
M2.TACGGATCAAAGCAAT-1,0,0,0,2,3,4,2,0,0,3,0,6,5,-1,-1,-1,4,0,0,5,6,0,5,3,0,5,0,0,0,3,0,0,0,0,3,0,0,-1,-1,-1,-1,-1,-1
I3,0,0,0:0.98/2:0.02,2,3,4,0:0.89/-1:0.1/0:0.002/2:0.002/3:0.002/4:0.002/5:0.002/6:0.002,0:0.89/-1:0.1/0:0.003/2:0.003/3:0.003,0,3,0,0,5,0,0,0,0,0,0,0,6,0,5,3,0,0,0,0,0,0,0,0:0.98/6:0.02,0,0:0.98/5:0.02,3,0,0,0,0,0,-1,-1,-1
M2.GTAGGCCTCCATGAGT-1,0,0,2,2,3,4,-1,-1,0,3,0,0,5,4,2,3,0,0,0,0,6,2,-1,-1,-1,6,0,5,0,4,0,-1,-1,-1,3,0,0,0,0,0,-1,-1,-1
M2.CGATGTAAGCAGCGTA-1,-1,-1,-1,2,3,4,-1,-1,0,3,5,7,5,0,0,0,0,6,0,0,6,0,5,3,0,0,0,0,0,0,0,6,0,5,3,0,0,0,0,0,-1,-1,-1
I4,0,0,0,2,0,0,0,0,0,0,0,0,0,0,0,0,0,0,0,0,0,0,0,0,0,0,0,0,0,0,0,0,0,0,0,0,0,-1,-1,-1,-1,-1,-1
I5,0,0,0,2,0,0,0,0,0,0,0,0,0,0,0,0,0,0,0,0,0,0,0,0,0,0,0,0,0,0,0,0,0,0,0,0,0:0.61/7:0.39,-1,-1,-1,-1,-1,-1
clade_41,0,0,0,2,0,0,0,0,0:0.36/2:0.64,0,0,0,0,0,0:0.92/3:0.08,0,0,0,0,0,0,0,0,0,0,0,0,0,0,0,0,0,0,0,0,0:0.92/9:0.08,0:0.56/7:0.44,-1,-1,-1,-1,-1,-1
M1.AAGCCGCTCATTTGGG-1,0,0,0,2,0,0,0,0,2,0,6,11,9,-1,-1,-1,4,0,0,0,0,0,9,8,0,4,4,0,0,0,0,8,4,8,-1,-1,-1,-1,-1,-1,-1,-1,-1
LL.AAGGAGCGTCGGCACT-1,0,10,0,2,0,0,0,3,2,0,0,12,10,0,3,0,0,0,0,0,0,0,0,0,0,9,0,0,0,6,0,0,0,0,0,9,7,-1,-1,-1,-1,-1,-1
clade_26,0,0,0,2,0,0,0,0,0,0,0,0,0,0,0,0,0,0,0,0,0,0,0,0,0,0,0,0,0:0.26/-1:0.74,0:0.26/-1:0.74,0:0.26/-1:0.74,0,0,0,0,0,0:0.53/7:0.47,-1,-1,-1,-1,-1,-1
RW.GTCACAAGTGCTGTAT-1,0,0,0,2,0,0,0,0,0,0,0,0,2,0,0,0,0,0,0,2,2,0,0,0,0,-1,-1,-1,-1,-1,-1,-1,-1,-1,-1,-1,-1,-1,-1,-1,-1,-1,-1
I6,0,0,0,2,0,0,0,0,0,0,0,0,0,0:0.15/-1:0.85,0:0.15/-1:0.85,0:0.15/-1:0.85,0,0,0,0,0,0,0,0,0,0,0,0,0:0.04/-1:0.96,0:0.04/-1:0.96,0:0.04/-1:0.96,0,0,0,0,0,0:0.43/7:0.57,-1,-1,-1,-1,-1,-1
clade_37,0,0,0,2,0,0:0.01/6:0.99,0,0,0,0:0.01/5:0.99,0,0,0,0:0.01/-1:0.99,0:0.01/-1:0.99,0:0.01/-1:0.99,0,0,0,0,0:0.01/9:0.99,0,0:0.01/6:0.99,0:0.01/4:0.99,0:0.01/6:0.99,0:0.06/-1:0.93/0:0.001/2:0.001/3:0.001/4:0.001/5:0.001/6:0.001/7:0.001/8:0.001/9:0.001,0:0.06/-1:0.93/2:0.002/0:0.002/3:0.002/4:0.002/5:0.002/6:0.002,0:0.06/-1:0.93/2:0.001/0:0.001/3:0.001/4:0.001/5:0.001/6:0.001/7:0.001,-1,-1,-1,0:0.42/2:0.58,0,0:0.42/4:0.58,0,0,0:0.01/7:0.99,-1,-1,-1,-1,-1,-1
M1.GCGACCACAATGTTGC-1,3,2,5,2,0,6,-1,-1,0,5,0,0,0,-1,-1,-1,6,8,0,0,9,0,6,4,6,-1,-1,-1,-1,-1,-1,-1,-1,-1,0,0,7,-1,-1,-1,-1,-1,-1
LL.TTCTCCTTCAGCAACT-1,2,0,0,2,0,6,0,0,0,5,0,0,0,-1,-1,-1,0,0,0,0,9,0,6,4,6,-1,-1,-1,-1,-1,-1,2,0,4,0,0,7,-1,-1,-1,-1,-1,-1
clade_5,0,0,0,2,0,0,0,0,0,0,0,0,0,0:0.01/-1:0.99,0:0.01/-1:0.99,0:0.01/-1:0.99,0,0,0,0,0,0,0,0,0,0,0,0,-1,-1,-1,0,0,0,0:0.07/-1:0.92/2:0.002/0:0.002/3:0.002/4:0.002/5:0.002/6:0.002,0:0.07/-1:0.92/2:0.001/0:0.001/3:0.001/4:0.001/5:0.001/6:0.001/7:0.001/8:0.001/9:0.001,0:0.03/-1:0.92/7:0.05,-1,-1,-1,-1,-1,-1
M2.TCTTTCCGTTACTGAC-1,0,0,0,2,0,0,3,0,0,0,0,4,0,-1,-1,-1,0,0,0,0,0,0,2,0,0,2,0,3,-1,-1,-1,5,0,0,-1,-1,-1,-1,-1,-1,-1,-1,-1
I7,0,0,0,2,0,0,0,0,0,0,0,0,3,-1,-1,-1,0,0,0,0,0,0,0,0,0,0,0,0,-1,-1,-1,0,0,3,-1,-1,-1,-1,-1,-1,-1,-1,-1
I8,0,0,0:0.68/2:0.32,2,0,0,0,0,0,0,0:0.06/2:0.94,0,3,-1,-1,-1,0,0,0,0,0,0,0,0,0,0,0,0,-1,-1,-1,0,0,3,-1,-1,-1,-1,-1,-1,-1,-1,-1
RE.CAAGGCCAGCTATGCT-1,-1,-1,-1,2,0,0,0,2,2,0,2,0,3,-1,-1,-1,0,0,0,0,5,0,0,0,0,0,0,0,-1,-1,-1,3,0,3,-1,-1,-1,-1,-1,-1,-1,-1,-1
clade_21,0,0,0:0.06/2:0.94,2,0,0,0,0,0,0,2,0,3,-1,-1,-1,0,0,0,0:0.06/4:0.94,0:0.05/3:0.95,0,0,0,0,0,0,0,-1,-1,-1,0,0,3,-1,-1,-1,-1,-1,-1,-1,-1,-1
RE.GCTCTGTCAGGTCTCG-1,0,0,2,2,0,0,0,0,0,0,2,0,3,-1,-1,-1,0,4,0,4,3,0,0,0,3,-1,-1,-1,-1,-1,-1,0,0,3,-1,-1,-1,-1,-1,-1,-1,-1,-1
RE.TGGACGCGTATAATGG-1,3,2,2,2,2,3,-1,-1,2,0,2,0,3,-1,-1,-1,0,0,0,4,3,0,3,0,0,0,0,0,-1,-1,-1,0,0,3,-1,-1,-1,-1,-1,-1,-1,-1,-1
clade_15,0,0,0,2,0,0,0,0,0,0,0,0,3,-1,-1,-1,0,0,0,0,0,0,0:0.98/4:0.02,0:0.98/2:0.02,0:0.98/2:0.02,0,0,0,-1,-1,-1,0,0,3,-1,-1,-1,-1,-1,-1,-1,-1,-1
RE.TGAGGGAGTACTCAAC-1,0,0,0,2,0,0,0,0,3,0,0,0,3,-1,-1,-1,2,2,0,0,0,0,4,2,2,0,0,0,-1,-1,-1,0,0,3,-1,-1,-1,-1,-1,-1,-1,-1,-1
I9,0,0,0,2,0,0,0,0,0,0,0,0,3,-1,-1,-1,0,0,0,0,0,0,0:0.06/-1:0.94,0:0.06/-1:0.94,0:0.06/-1:0.94,0,0,0,-1,-1,-1,0,0,3,-1,-1,-1,-1,-1,-1,-1,-1,-1
clade_10,0,0,0,2,0,0,0,0,0,0,0,0,3,-1,-1,-1,0,0,0,0,0,0,0:0.05/-1:0.95,0:0.05/-1:0.95,0:0.05/-1:0.95,0,0,0,-1,-1,-1,0,0,3,-1,-1,-1,-1,-1,-1,-1,-1,-1
RE.TCATTACAGCACCGTC-1,0,0,0,2,0,0,0,0,0,0,0,0,3,-1,-1,-1,0,0,0,0,4,0,-1,-1,-1,0,3,0,-1,-1,-1,2,0,3,-1,-1,-1,-1,-1,-1,-1,-1,-1
RE.GTCAAGTAGTACGCCC-1,4,3,3,-1,-1,-1,2,0,4,0,0,0,3,-1,-1,-1,0,3,0,0,0,0,-1,-1,-1,2,0,0,-1,-1,-1,0,0,3,-1,-1,-1,-1,-1,-1,-1,-1,-1
RE.CGTAGCGGTAAGTGTA-1,-1,-1,-1,2,0,0,-1,-1,0,0,-1,-1,-1,-1,-1,-1,0,5,0,0,0,0,-1,-1,-1,0,0,0,-1,-1,-1,0,0,3,-1,-1,-1,-1,-1,-1,-1,-1,-1
I10,0,0,0,2,0,0,0,0,0,0,0,0,0,0:0.96/2:0.04,0,0,0,0,0,0,0,0,0,0,0,0,0,0,0,0,0,0,0,0,0,0,0,-1,-1,-1,-1,-1,-1
clade_47,0,0,0,2,0,0:0.06/2:0.94,0,0,0,0,0,0,0,0:0.09/2:0.91,0,0,0,0,0,0,0,0,0,0,0,0,0,0:0.07/2:0.93,0:0.12/2:0.88,0,0,0,0,0,0,0,0,-1,-1,-1,-1,-1,-1
M1.AGGCCACTCACTGGGC-1,9,9,0,2,0,2,0,0,4,7,6,11,9,2,0,0,0,0,0,0,0,3,8,7,0,7,0,2,2,0,0,0,0,0,0,0,0,-1,-1,-1,-1,-1,-1
RE.TTCGGTCAGGGTGTTG-1,2,0,0,2,0,2,0,0,0,2,0,2,0,2,0,0,0,0,0,3,0,0,2,0,0,0,2,2,2,0,0,0,0,2,2,2,2,-1,-1,-1,-1,-1,-1
clade_93,8,6,0,2,0,0,0,0,0,0,0,0,0,0:0.03/-1:0.97,0:0.03/-1:0.97,0:0.03/-1:0.97,0,0,0,0,8,0,0,0,0,8,0:0.01/5:0.99,6,0,0,0,0,0,0,0,0:0.15/7:0.85,0,-1,-1,-1,-1,-1,-1
M1.GCAAACTAGGGCACTA-1,8,6,0,2,0,7,0,0,0,0,0,9,7,-1,-1,-1,6,8,0,0,8,0,0,0,0,8,5,6,0,0,0,0,0,0,-1,-1,-1,-1,-1,-1,-1,-1,-1
clade_96,8,6,0,2,0,0,0:0.36/-1:0.63/0:0.002/2:0.002/3:0.002/4:0.002/5:0.002/6:0.002,0:0.36/-1:0.63/0:0.003/2:0.003/3:0.003,0,0,0,0,0,0:0.01/-1:0.99,0:0.01/-1:0.99,0:0.01/-1:0.99,0,0,0,0,8,0,0,0,0,8,5,6,0:0.83/4:0.17,0,0,0,0,0,0,0:0.01/7:0.99,0,-1,-1,-1,-1,-1,-1
M1.GGATTACGTTCTGTTT-1,8,6,0,2,2,3,-1,-1,0,0,3,8,0,-1,-1,-1,0,0,0,0,8,0,0,0,0,8,5,6,4,0,0,2,0,0,5,7,0,-1,-1,-1,-1,-1,-1
M1.AACTCAGCATTGTGCA-1,8,6,0,2,0,0,-1,-1,2,0,2,0,0,-1,-1,-1,0,0,6,0,8,0,2,0,0,8,5,6,-1,-1,-1,0,0,0,0,7,0,-1,-1,-1,-1,-1,-1
clade_105,0,0,0,0:0.01/-1:0.78/2:0.21,0:0.19/-1:0.78/0:0.007/2:0.007/3:0.007/4:0.007,0:0.19/-1:0.78/0:0.004/2:0.004/3:0.004/4:0.004/5:0.004/6:0.004/7:0.004/8:0.004,0,0,0,0,0,0,0,0,0,0,0,0,0:0.06/5:0.94,0,0,0,0:0.04/2:0.96,0,0:0.05/4:0.95,0,0,0:0.05/7:0.95,0:0.19/-1:0.78/2:0.007/0:0.007/3:0.007/4:0.007,0:0.19/-1:0.78/0:0.005/2:0.005/3:0.005/4:0.005/5:0.005/6:0.005,0:0.19/-1:0.78/0:0.01/2:0.01/3:0.01,0,0,0,0,0,0,0:0.09/3:0.91,0,0,-1,-1,-1
M1.CTAAGACCACTTCGAA-1,0,8,0,-1,-1,-1,6,0,0,0,0,0,8,0,0,0,0,0,5,0,0,0,2,5,4,0,0,7,-1,-1,-1,-1,-1,-1,6,8,0,3,0,2,-1,-1,-1
M2.ACGAGCCGTCTCATCC-1,0,0,0,-1,-1,-1,5,0,-1,-1,0,0,6,-1,-1,-1,0,0,5,-1,-1,-1,2,0,4,0,0,7,-1,-1,-1,0,0,0,0,6,5,3,0,0,-1,-1,-1
clade_1,0,0,0,0,0,0,0,0,0:0.6/5:0.4,0,0,0,0,0,0,0,0,0,0,0,0,0,0,0,0,0,0,0,0,0,0,0,0,0,0,0,0,0,0,0,0,0,0
clade_112,0:0.57/5:0.43,0,0,0,0:0.76/4:0.24,0:0.76/5:0.24,0,0,0:0.02/5:0.98,0,0,0,0,0:0.76/5:0.24,0,0,0,0,0,0:0.76/6:0.24,0:0.76/7:0.24,0,0:0.13/-1:0.86/0:0.001/2:0.001/3:0.001/4:0.001/5:0.001/6:0.001/7:0.001/8:0.001/9:0.001,0:0.13/-1:0.86/0:0.001/2:0.001/3:0.001/4:0.001/5:0.001/6:0.001/7:0.001/8:0.001,0:0.13/-1:0.86/0:0.001/2:0.001/3:0.001/4:0.001/5:0.001/6:0.001/7:0.001,0:0.02/3:0.98,0,0,0,0,0,0:0.02/4:0.98,0:0.05/2:0.95,0:0.02/4:0.98,0,0,0,0,0,0,0,0:0.06/2:0.94,0:0.1/2:0.9
M2.CGACTTCCATACCATG-1,-1,-1,-1,-1,-1,-1,-1,-1,5,0,-1,-1,-1,-1,-1,-1,0,0,0,6,7,0,-1,-1,-1,3,0,0,0,0,0,4,2,4,4,5,6,2,3,0,0,2,2
I11,0:0.35/5:0.65,0,0,0,0:0.64/4:0.36,0:0.64/5:0.36,0,0,5,0,0,0,0,0:0.64/5:0.36,0,0,0,0,0,0:0.11/-1:0.84/6:0.05,0:0.11/-1:0.84/7:0.05,0:0.15/-1:0.84/0:0.003/2:0.003/3:0.003,0:0.02/-1:0.98,0:0.02/-1:0.98,0:0.02/-1:0.98,3,0,0,0,0,0,4,2,4,0,0,0:0.03/3:0.97,0,0,0,0,2,0:0.01/2:0.99
clade_119,0:0.01/-1:0.96/5:0.03,0:0.03/-1:0.96/0:0.001/2:0.001/3:0.001/4:0.001/5:0.001/6:0.001/7:0.001/8:0.001/9:0.001/10:0.001,0:0.03/-1:0.96/0:0.002/2:0.002/3:0.002/4:0.002/5:0.002,0,0:0.29/4:0.71,0:0.29/5:0.71,0,0,5,0,0,0,0,0:0.02/-1:0.96/5:0.02,0:0.03/-1:0.96/0:0.003/2:0.003/3:0.003,0:0.03/-1:0.96/0:0.003/2:0.003/3:0.003/4:0.003,0,0,0,-1:0.99/6:0.01,-1:0.99/7:0.01,-1:0.99/0:0.003/2:0.003/3:0.003,-1,-1,-1,3,0,0,0,0,0,4,2,4,0,0,3,0,0,0,0,2,2
M2.GCACATATCCCTGACT-1,-1,-1,-1,0,4,5,0,0,5,0,2,0,0,-1,-1,-1,0,0,0,-1,-1,-1,-1,-1,-1,3,0,0,0,0,0,4,2,4,0,0,3,0,0,0,0,2,2
clade_124,-1:0.99/5:0.01,-1:0.99/0:0.001/2:0.001/3:0.001/4:0.001/5:0.001/6:0.001/7:0.001/8:0.001/9:0.001/10:0.001,-1:0.99/0:0.002/2:0.002/3:0.002/4:0.002/5:0.002,0:0.15/-1:0.84/2:0.003/3:0.003/0:0.003/4:0.003,0:0.04/-1:0.84/4:0.12,0:0.04/-1:0.84/5:0.12,0,0,5,0,0,0:0.02/3:0.98,0,-1:0.99/5:0.01,-1:0.99/0:0.003/2:0.003/3:0.003,-1:0.99/0:0.003/2:0.003/3:0.003/4:0.003,0,0,0,-1,-1,-1,-1,-1,-1,3,0,0,0,0,0,4,2,4,0,0,3,0,0,0,0,2,2
M2.TTGAACGGTCAAAGCG-1,-1,-1,-1,-1,-1,-1,0,0,5,0,0,3,0,-1,-1,-1,0,0,0,-1,-1,-1,-1,-1,-1,3,0,0,0,0,0,4,2,4,0,0,3,0,0,0,-1,-1,-1
M2.GTTCGGGTCACCATAG-1,-1,-1,-1,-1,-1,-1,0,0,5,0,0,3,0,-1,-1,-1,0,0,3,-1,-1,-1,-1,-1,-1,-1,-1,-1,0,0,0,4,2,4,0,4,3,-1,-1,-1,0,2,2
I12,0:0.06/5:0.94,0,0,0:0.1/-1:0.89/2:0.003/3:0.003/0:0.003/4:0.003,0:0.07/-1:0.89/4:0.04,0:0.07/-1:0.89/5:0.04,0,0,5,0,0,0,0,0:0.48/5:0.52,0,0,0,0,0,0:0.01/-1:0.98/6:0.01,0:0.01/-1:0.98/7:0.01,0:0.02/-1:0.98,-1,-1,-1,3,0,0,0,0,0,4,2,4,0,0,3,0:0.1/-1:0.89/0:0.003/2:0.003/3:0.003/4:0.003,0:0.1/-1:0.89/0:0.002/2:0.002/3:0.002/4:0.002/5:0.002,0:0.1/-1:0.89/0:0.003/2:0.003/3:0.003,0,2,2
M2.CGACCTTTCATGTGGT-1,-1,-1,-1,-1,-1,-1,-1,-1,5,4,0,0,0,5,0,0,0,0,0,-1,-1,-1,-1,-1,-1,3,0,0,0,0,0,4,2,4,0,0,3,-1,-1,-1,0,2,2
clade_118,0:0.02/5:0.98,0,0,0:0.08/-1:0.91/2:0.003/3:0.003/0:0.003/4:0.003,0:0.05/-1:0.91/4:0.04,0:0.05/-1:0.91/5:0.04,0,0,5,0,0:0.96/3:0.04,0:0.96/5:0.04,0,0:0.38/-1:0.19/5:0.43,0:0.8/-1:0.19/0:0.003/2:0.003/3:0.003,0:0.8/-1:0.19/0:0.003/2:0.003/3:0.003/4:0.003,0,0,0,0:0.01/-1:0.99,0:0.01/-1:0.99,0:0.01/-1:0.99,-1,-1,-1,3,0,0,0,0,0,4,2,4,0:0.96/3:0.04,0,3,0:0.08/-1:0.91/0:0.003/2:0.003/3:0.003/4:0.003,0:0.08/-1:0.91/0:0.002/2:0.002/3:0.002/4:0.002/5:0.002,0:0.08/-1:0.91/0:0.003/2:0.003/3:0.003,0,2,2
M2.TACTCATGTCTGATCA-1,5,4,0,-1,-1,-1,-1,-1,-1,-1,3,5,0,-1,-1,-1,4,0,0,-1,-1,-1,-1,-1,-1,3,0,0,0,0,0,-1,-1,-1,-1,-1,-1,-1,-1,-1,0,2,2
M2.TCCCGATAGAAGGCCT-1,5,0,0,-1,-1,-1,0,0,5,0,-1,-1,-1,-1,-1,-1,3,0,0,-1,-1,-1,-1,-1,-1,3,0,0,-1,-1,-1,4,2,4,3,0,3,-1,-1,-1,0,2,2
clade_111,0,0,0,0,0,0,0:0.98/4:0.02,0,0:0.59/5:0.41,0,0,0,0,0,0,0:0.98/2:0.02,0,0,0,0,0,0,0,0,0,0,0,0,0,0,0,0,0,0,0,0,0,0,0,0,0,0,0
clade_143,0,0,0,0,0,0,0:0.92/4:0.08,0,0:0.48/-1:0.17/5:0.35,0:0.81/-1:0.17/0:0.003/2:0.003/3:0.003/4:0.003/5:0.003/6:0.003/7:0.003,0,0,0,0,0,0:0.92/2:0.08,0:0.51/4:0.49,0,0,0,0,0,0:0.96/7:0.04,0:0.96/6:0.04,0:0.96/7:0.04,0,0,0,0,0,0,0,0,0,0,0,0,0,0,0,0,0,0
M1.CCCAGTTTCAACGAAA-1,-1,-1,-1,4,0,8,-1,-1,-1,-1,0,10,0,-1,-1,-1,4,0,0,-1,-1,-1,7,6,7,0,0,0,-1,-1,-1,-1,-1,-1,3,0,0,0,5,3,2,0,0
clade_150,0,0,0,3,0,0,0:0.02/4:0.98,0,-1,-1,0,0,4,0,0,0:0.02/2:0.98,4,3,0,0,0,0,-1:0.99/7:0.01,-1:0.99/6:0.01,-1:0.99/7:0.01,0,0,0,0,0,0,0,0,0,0,3,4,0,0,0,0,0,0
M2.TACGGTATCTTGCAAG-1,0,0,0,3,0,0,-1,-1,-1,-1,4,0,4,-1,-1,-1,4,3,0,0,0,0,-1,-1,-1,0,0,2,-1,-1,-1,-1,-1,-1,0,3,4,0,2,0,2,0,0
clade_156,0,0,0,3,0,0,4,0,-1,-1,0,0,4,0,0,2,4,3,0,0,0,0,-1,-1,-1,0,0,0,0,0,0,0,0,0,0,3,4,0,0,0,0,0,0
M2.CACAGTATCACTTATC-1,0,0,0,3,0,0,4,0,-1,-1,2,0,4,0,0,2,4,3,0,0,0,0,-1,-1,-1,0,0,0,0,0,0,0,0,0,0,3,4,0,0,0,-1,-1,-1
clade_151,0,0,0,3,0,0,4,0,-1,-1,0,0,4,0,0,2,4,3,0,0,0,0,-1,-1,-1,0:0.88/4:0.12,0:0.88/4:0.12,0:0.88/4:0.12,0,0,0,0:0.15/2:0.85,0,0,0,3,4,0,0,0,0,0,0
M2.TCAATCTGTAGGGACT-1,3,2,0,3,0,0,4,0,-1,-1,0,0,4,3,0,2,4,3,2,-1,-1,-1,-1,-1,-1,4,4,4,0,2,0,2,0,0,0,3,4,-1,-1,-1,0,0,0
M2.CATCCACTCATGCAAC-1,0,0,0,3,0,0,4,0,-1,-1,0,0,4,0,0,2,4,3,0,0,0,0,-1,-1,-1,-1,-1,-1,0,0,0,2,0,0,0,3,4,0,0,0,0,3,0
M1.TGACGGCAGAAGGGTA-1,-1,-1,-1,-1,-1,-1,-1,-1,5,0,2,0,2,-1,-1,-1,0,0,0,-1,-1,-1,0,0,5,0,0,0,0,0,0,0,0,0,-1,-1,-1,4,0,0,0,2,2
