(((((((M2.TCTATTGGTCGGATCC-1:7.796,M1.GATGAAAGTAGCCTAT-1:9.662)clade_3:9.469,M1.AGAGCTTCACATCCGG-1:9.634)clade_2:0.463,(M1.CTCCTAGGTGACAAAT-1:6.233,M1.GCAGCCACAAACCTAC-1:8.233)clade_10:5.864)clade_1:6.142,(M1.ATTGGTGCACGACTCG-1:14.555,LL.CTCTGGTAGCGATATA-1:8.665)clade_124:5.574)clade_119:0.776,(((LL.ACGGGCTCAAGCGAGT-1:10.439,M2.TCAACGAAGTGAACGC-1:10.439)clade_130:2.591,(RW.CGTAGCGAGTATCTCG-1:14.448,M2.TGTATTCGTTGTGGAG-1:11.05)clade_134:1.979)clade_128:0.035,M1.GGGCATCTCCTTGGTC-1:16.032)clade_121:3.957)I14:0.985,(((M1.GATCGCGGTCATATCG-1:3.025,M1.GCATGTAGTTGACGTT-1:0.192)clade_113:15.925,(((((Liv.AAGGCAGTCAGTACGT-1:10.315,Liv.ATCGAGTTCTAGAGTC-1:9.223)clade_16:0.936,(Liv.GCTGCTTTCTGCCAGG-1:3.045,Liv.ACGCCAGAGAGGGATA-1:1.054)clade_19:8.124)clade_15:5.865,(((((((Liv.CCGTGGAGTTACGCGC-1:7.069,(M2.CGCGTTTAGTTCGATC-1:0.026,M2.AACCGCGCATTCGACA-1:4.026)clade_59:1.042)clade_57:0.932,M1.CGTGTAAGTCCAAGTT-1:3)I13:0,(RW.GGGTCTGTCTAACTCT-1:5.001,(((M1.AGGCCGTCATTGGTAC-1:1,M1.GTACTTTGTTCACGGC-1:0)I12:0,M1.ATCTGCCTCGGTTCGG-1:1)I11:0.004,M1.TACGGTAAGAGACTAT-1:3.004)clade_62:3.996)I10:0)clade_55:9.28,(RE.CTGAAGTAGGCGTACA-1:5.126,LL.CGGACTGCACCGAATT-1:6.126)clade_48:1.164)clade_54:2.757,(((M2.CGATGGCGTTGAACTC-1:4.03,(((M2.GTCTTCGCATTCTTAC-1:1,(M2.CAGCTGGCATGCTAGT-1:1,M1.ACGTCAATCTTCATGT-1:0)I9:0)clade_43:1,M2.TTTATGCCAGGTCCAC-1:0)I8:0.001,M2.GATCAGTCACATCCGG-1:3.001)clade_42:1.25)clade_40:5.919,M2.TGGGCGTCAGTGGGAT-1:6.17)clade_37:5.027,RW.GCTGCTTGTTCAGTAC-1:9.196)clade_34:0.804)I7:0,((((M2.CAGATCATCTCCCTGA-1:2,M2.CGTTCTGCACGAAACG-1:1)clade_31:0.001,M2.CCTACCAAGATGTGTA-1:6)I6:0.001,((M2.TGAGCCGAGCCCAACC-1:0,M2.AATCCAGAGTACACCT-1:0)clade_30:7.113,M2.GCACTCTCAGCCAGAA-1:0.113)clade_29:0.889)clade_28:9.333,(M1.GAGGTGACACCAACCG-1:10.018,M1.GTGCGGTAGAGCTATA-1:8.428)clade_68:4.211)clade_25:2.714)I5:0.012,M1.CGGAGTCGTACCGTTA-1:17.012)clade_22:1.018)clade_13:0.973,(Liv.ACCAGTAGTGTGGCTC-1:14.199,((((((M2.TGAGCCGGTTTAGCTG-1:2.014,M2.GGCGACTTCGTGGACC-1:3.014)clade_81:1.043,M2.CGAACATGTGTGAATA-1:9.058)clade_84:0.04,M2.GGTGTTAAGAAGGTGA-1:6)clade_80:0.902,(((M2.GATGAGGCAAGGACAC-1:3.078,M2.TCATTACTCTGTCCGT-1:4.078)clade_91:2.927,(M2.CAAGGCCTCCGAGCCA-1:3.009,M2.TTGAACGGTCTAGTGT-1:1.009)clade_94:0.995)I4:0.043,M2.AAACCTGCAGCCTGTG-1:16.047)clade_89:0.953)I3:0.001,((M2.TTCCCAGTCGGCCGAT-1:10.086,M2.CATCGGGGTGTTTGTG-1:1.957)clade_99:1.067,((M2.CTTCTCTAGTAACCCT-1:3.155,M2.CGATCGGGTCATATGC-1:3.155)clade_104:2.884,M2.TACGGATCATCGGGTC-1:1.762)clade_102:1.262)clade_98:1.977)clade_79:1.067,M2.CCTCTGAAGAAGAAGC-1:12.068)clade_78:3.131)clade_74:2.804)clade_111:0.013,LL.TACCTTAAGGACAGCT-1:15.015)clade_115:1.094)I2:1.012,M1.TAGGCATAGCCAGTTT-1:22.121)I1:1.879)root:0)I0;
I0,0,0,0,0,0,0,0,0,0,0,0,0,0,0,0,0,0,0,0,0,0,0,0,0,0,0
root,0,0,0,0,0,0,0,0,0,0,0,0,0,0,0,0,0,0,0,0,0,0,0,0,0,0
I1,0,0:0.05/2:0.95,0:0.07/2:0.93,0,0,0,0,0,0,0,0,0,0,0,0,0,0,0,0,0,0,0,0,0,0,0
M1.TAGGCATAGCCAGTTT-1,7,2,2,-1,-1,-1,-1,-1,-1,-1,-1,-1,9,8,4,7,7,0,0,8,-1,-1,-1,9,10,8
I2,0,2,0:0.01/2:0.99,0,0,0,0,0,0,0,0,0,0,0,0:0.1/2:0.9,0,0,0,0,0,0,0,0,0,0,0
clade_115,0,2,2,0,0,0,0,0,0,0:0.01/2:0.99,0,0,0,0,2,0,0,0,0,0,0,0,0,0,0,0
LL.TACCTTAAGGACAGCT-1,0,2,2,13,8,12,0,0,6,2,14,11,7,4,2,4,0,11,2,0,0,0,2,-1,-1,-1
clade_111,0,2,2,0,0,0,0,0,0,2,0,0,0,0,2,0,0,0,0,0,0,0,0,0,0,0
clade_74,0,2,2,0:0.05/4:0.95,0:0.08/3:0.92,0,0,0,0,2,0,0,0,0,2,0,0,0,0,0:0.07/3:0.93,0,0,0,0,0,0
clade_78,0,2,2,4,3,0,0,0,0,2,0,0,0:0.02/5:0.98,0,2,0,0:0.02/5:0.98,0:0.02/3:0.98,0,3,0,0,0,0,0,0
M2.CCTCTGAAGAAGAAGC-1,8,2,2,4,3,0,-1,-1,-1,2,6,7,5,0,2,0,5,3,0,3,3,5,4,8,8,11
clade_79,0,2,2,4,3,0,0,0,0,2,0,0,5,0,2,0,5,3,0,3,0,0,2,0,0,0
clade_98,0:0.02/7:0.98,2,2,4,3,0,5,0,0,2,0,0,5,0,2,0,5,3,0,3,0,0,2,0,0,0
clade_102,7,2,2,4,3,0,5,0,0:0.02/6:0.98,2,0,0,5,0,2,0,5,3,0,3,0,0,2,0,0,0:0.74/4:0.26
M2.TACGGATCATCGGGTC-1,7,2,2,4,3,8,5,0,6,2,0,0,5,0,2,0,5,3,0,3,0,0,2,0,0,4
clade_104,7,2,2,4,3,0,5,0,6,2,0,0,5,0,2,0,5,3,0,3,0,0,2,0:0.04/-1:0.95/0:0.001/2:0.001/3:0.001/4:0.001/5:0.001/6:0.001/7:0.001/8:0.001/9:0.001/10:0.001/11:0.001,0:0.04/-1:0.95/0:0.001/2:0.001/3:0.001/4:0.001/5:0.001/6:0.001/7:0.001/8:0.001/9:0.001/10:0.001/11:0.001/12:0.001,0:0.03/-1:0.95/4:0.02
M2.CGATCGGGTCATATGC-1,7,2,2,4,3,0,5,0,6,2,0,5,5,0,2,0,5,3,0,3,5,3,2,-1,-1,-1
M2.CTTCTCTAGTAACCCT-1,7,2,2,4,3,0,5,0,6,2,0,2,5,3,2,6,5,3,0,3,0,0,2,-1,-1,-1
clade_99,0:0.02/7:0.98,2,2,4,3,0,5,0,0:0.09/2:0.91,2,0:0.85/7:0.15,0,5,0,2,0,5,3,0,3,0,0,2,0,0,0
M2.CATCGGGGTGTTTGTG-1,7,2,2,4,3,0,5,0,2,2,7,0,5,0,2,0,5,3,0,3,0,0,2,0,9,0
M2.TTCCCAGTCGGCCGAT-1,-1,-1,-1,4,3,4,5,0,2,-1,-1,-1,5,0,2,0,5,3,0,3,0,0,2,4,4,5
I3,0,2,2,4,3,0,0,0,0,2,0,0,5,0,2,0,5,3,0,3,0,0,2,0,0,0
clade_89,0,2,2,4,3,0,0,0,0,2,0,0,5,0,2,0:0.05/4:0.95,5,3,0,3,0,0,2,0,0,0
M2.AAACCTGCAGCCTGTG-1,-1,-1,-1,4,3,9,10,6,11,-1,-1,-1,-1,-1,-1,4,5,3,0,3,0,0,2,-1,-1,-1
I4,0,2,2,4,3,0,0,0,0,2,0,0,5,0,2,4,5,3,0,3,0,0,2,0,0,0
clade_94,0,2,2,4,3,0:0.01/4:0.99,0,0,0,2,0,0,5,0,2,4,5,3,0,3,0,0,2,0,0,0
M2.TTGAACGGTCTAGTGT-1,0,2,2,4,3,4,0,0,0,2,0,0,5,0,2,4,5,3,0,3,0,0,2,0,0,4
M2.CAAGGCCTCCGAGCCA-1,0,2,2,4,3,4,0,5,10,2,0,0,5,0,2,4,5,3,7,3,0,0,2,0,0,0
clade_91,0,2,2,4,3,0,0,0,0,2,0,0,5,0,2,4,5,3,0,3,0:0.03/5:0.97,0:0.02/3:0.98,2,0:0.02/6:0.98,0,0
M2.TCATTACTCTGTCCGT-1,0,2,2,4,3,0,0,0,0,2,4,0,5,3,2,4,5,3,0,3,5,3,2,6,6,7
M2.GATGAGGCAAGGACAC-1,0,2,2,4,3,0,3,4,8,2,0,0,5,0,2,4,5,3,0,3,5,3,2,6,0,0
clade_80,0,2,2,4,3,0,0,0,0,2,0,0,5,0,2,0,5,3,0,3,0,0,2,0:0.1/6:0.9,0,0
M2.GGTGTTAAGAAGGTGA-1,0,2,2,4,3,0,9,0,0,2,5,0,5,0,2,0,5,3,0,3,3,0,2,-1,-1,-1
clade_84,0,2,2,4,3,0,0,0,0,2,0,0,5,0,2,0,5,3,0,3,0,0,2,0:0.06/6:0.94,0,0
M2.CGAACATGTGTGAATA-1,-1,-1,-1,4,3,0,0,0,0,2,0,5,5,6,2,0,5,3,0,3,-1,-1,-1,6,0,10
clade_81,0,2,2,4,3,0,0:0.01/7:0.99,0,0,2,0,0,5,0,2,0,5,3,0,3,0,0,2,6,0,0
M2.GGCGACTTCGTGGACC-1,0,2,2,4,3,0,7,0,7,2,0,0,5,0,2,5,5,3,0,3,3,0,2,6,0,0
M2.TGAGCCGGTTTAGCTG-1,0,2,2,4,3,0,7,0,5,2,0,6,5,0,2,0,5,3,0,3,0,0,2,6,0,0
Liv.ACCAGTAGTGTGGCTC-1,13,2,2,4,3,4,4,2,19,2,6,7,3,0,2,0,4,0,0,3,9,10,2,7,5,0
clade_13,0,2,2,0,0:0.03/2:0.97,0,0,0,0,2,0,0,0,0,2,0,0,0,0,0,0,0,0,0,0,0
clade_22,0,2,2,0,2,0,0,0,0,2,0,0,0,0,2,0,0,0,0,0,0,0,0:0.01/2:0.99,0,0,0
M1.CGGAGTCGTACCGTTA-1,-1,-1,-1,2,2,0,14,10,0,-1,-1,-1,11,11,2,0,0,9,0,3,7,0,2,-1,-1,-1
I5,0,2,2,0,2,0,0,0,0,2,0,0,0,0,2,0,0,0,0,0,0,0,2,0,0,0
clade_25,0,2,2,0,2,0:0.8/5:0.2,0:0.16/-1:0.82/2:0.001/3:0.001/0:0.001/4:0.001/5:0.001/6:0.001/7:0.001/8:0.001/9:0.001/10:0.001/11:0.001/12:0.001/13:0.001/14:0.001/15:0.001/16:0.001,0:0.16/-1:0.82/0:0.001/2:0.001/3:0.001/4:0.001/5:0.001/6:0.001/7:0.001/8:0.001/9:0.001/10:0.001/11:0.001/12:0.001/13:0.001/14:0.001/15:0.001/16:0.001,0:0.16/-1:0.82/0:0.001/2:0.001/3:0.001/4:0.001/5:0.001/6:0.001/7:0.001/8:0.001/9:0.001/10:0.001/11:0.001/12:0.001/13:0.001/14:0.001/15:0.001/16:0.001/17:0.001/18:0.001/19:0.001/20:0.001/21:0.001,2,0,0,0,0,2,0,0,0,0,0,0,0,2,0,0,0
clade_68,0,2,2,0:0.22/-1:0.73/2:0.004/3:0.004/0:0.004/4:0.004/5:0.004/6:0.004/7:0.004/8:0.004/9:0.004/10:0.004/11:0.004/12:0.004/13:0.004/14:0.004,-1:0.73/2:0.27,0:0.18/-1:0.73/5:0.09,0:0.04/-1:0.95/2:0.001/3:0.001/0:0.001/4:0.001/5:0.001/6:0.001/7:0.001/8:0.001/9:0.001/10:0.001/11:0.001/12:0.001/13:0.001/14:0.001/15:0.001/16:0.001,0:0.04/-1:0.95/0:0.001/2:0.001/3:0.001/4:0.001/5:0.001/6:0.001/7:0.001/8:0.001/9:0.001/10:0.001/11:0.001/12:0.001/13:0.001/14:0.001/15:0.001/16:0.001,0:0.04/-1:0.95/,2,0,0,0:0.07/3:0.93,0,2,0,0,0,0,0,0,0,2,0:0.7/9:0.3,0:0.7/11:0.3,0
M1.GTGCGGTAGAGCTATA-1,0,2,2,-1,-1,-1,-1,-1,-1,2,9,0,3,0,2,2,8,6,0,0,2,6,2,9,11,0
M1.GAGGTGACACCAACCG-1,0,2,2,-1,-1,-1,-1,-1,-1,2,11,9,3,9,2,8,0,8,0,0,3,0,2,-1,-1,-1
clade_28,0,2,2,0,2,5,-1,-1,-1,2,3,0,0,0,2,4,0,5,0,3,5,3,2,7,5,0
clade_29,0,2,2,0,2,5,-1,-1,-1,2,3,0,0,0,2,4,0:0.11/4:0.89,5,0,3,5,3,2,7,5,0
M2.GCACTCTCAGCCAGAA-1,0,2,2,0,2,5,-1,-1,-1,2,3,0,0,0,2,4,4,5,0,3,5,3,2,7,5,0
clade_30,0,2,2,5,2,5,-1,-1,-1,2,3,6,7,4,2,4,4,-1,-1,-1,5,3,2,7,5,0
M2.AATCCAGAGTACACCT-1,0,2,2,5,2,5,-1,-1,-1,2,3,6,7,4,2,4,4,-1,-1,-1,5,3,2,7,5,0
M2.TGAGCCGAGCCCAACC-1,0,2,2,5,2,5,-1,-1,-1,2,3,6,7,4,2,4,4,-1,-1,-1,5,3,2,7,5,0
I6,0,2,2,0,2,5,-1,-1,-1,2,3,0,0,0,2,4,0,5,0,3,5,3,2,7,5,0
M2.CCTACCAAGATGTGTA-1,0,2,2,0,2,5,-1,-1,-1,2,3,0,-1,-1,-1,4,0,5,0,3,5,3,2,-1,-1,-1
clade_31,0,2,2,0,2,5,-1,-1,-1,2,3,0,0,0,2,4,0,5,0,3,5,3,2,7,5,0
M2.CGTTCTGCACGAAACG-1,0,2,2,0,2,5,-1,-1,-1,2,3,0,0,0,2,4,0,5,0,3,5,3,2,7,5,9
M2.CAGATCATCTCCCTGA-1,0,2,2,0,2,5,-1,-1,-1,2,3,0,8,7,2,4,0,5,0,3,5,3,2,7,5,0
I7,0,2,2,0,2,0,0,0,0,2,0,0,0,0,2,0,0,0,0,0,0,0,2,0,0,0
clade_34,0,2,2,0,2,0,0,0,0,2,0,0,0,0,2,0:0.2/2:0.8,0,0,0,0,0,0,2,0,0,0
RW.GCTGCTTGTTCAGTAC-1,0,2,2,-1,-1,-1,3,0,0,2,0,0,3,0,2,2,2,0,0,2,2,0,2,0,0,2
clade_37,0,2,2,0,2,0,0:0.02/4:0.98,0:0.02/2:0.98,0,2,0,0,0,0,2,0:0.01/2:0.99,0,0,0,0,0:0.04/3:0.96,0:0.03/2:0.97,2,0:0.04/3:0.96,0,0
M2.TGGGCGTCAGTGGGAT-1,6,2,2,0,2,0,4,2,4,2,0,5,6,0,2,2,2,0,0,0,3,2,2,3,0,6
clade_40,0:0.01/4:0.99,2,2,0,2,0,4,2,0,2,2,0,0,0:0.22/3:0.78,2,2,0:0.01/4:0.99,0:0.01/2:0.99,0,0,3,2,2,3,0:0.01/3:0.99,0
clade_42,4,2,2,0,2,0,4,2,0,2,2,4,0,3,2,2,4,2,0,0,3,2,2,3,3,0
M2.GATCAGTCACATCCGG-1,4,2,2,0,2,0,4,2,9,2,2,4,0,3,2,2,4,2,5,7,3,2,2,3,3,0
I8,4,2,2,0,2,0,4,2,0,2,2,4,0,3,2,2,4,2,0,0,3,2,2,3,3,0
M2.TTTATGCCAGGTCCAC-1,4,2,2,0,2,0,4,2,0,2,2,4,0,3,2,2,4,2,0,0,3,2,2,3,3,0
clade_43,4,2,2,0,2,0,4,2,0,2,2,4,0,3,2,2,4,2,0,6,3,2,2,3,3,0
I9,4,2,2,0,2,0,4,2,0,2,2,4,0,3,2,2,4,2,0,6,3,2,2,3,3,0
M1.ACGTCAATCTTCATGT-1,4,2,2,0,2,0,4,2,0,2,2,4,0,3,2,2,4,2,0,6,3,2,2,3,3,0
M2.CAGCTGGCATGCTAGT-1,4,2,2,0,2,0,4,2,0,2,2,4,0,3,2,2,4,2,6,6,3,2,2,3,3,0
M2.GTCTTCGCATTCTTAC-1,4,2,2,0,2,0,4,2,0,2,2,4,2,3,2,2,4,2,0,6,3,2,2,3,3,0
M2.CGATGGCGTTGAACTC-1,4,2,2,7,2,0,4,2,0,2,2,0,-1,-1,-1,2,4,2,0,0,3,2,2,3,3,0
clade_54,0,2,2,0,2,0,0,0,0,2,0,0,0,0,2,0,0,0,0,0,0,0,2,0:0.08/-1:0.91/0:0.001/2:0.001/3:0.001/4:0.001/5:0.001/6:0.001/7:0.001/8:0.001/9:0.001/10:0.001/11:0.001,0:0.08/-1:0.91/0:0.001/2:0.001/3:0.001/4:0.001/5:0.001/6:0.001/7:0.001/8:0.001/9:0.001/10:0.001/11:0.001/12:0.001,0:0.08/-1:0.91/2:0.001/3:0.001/0:0.001/4:0.001/5:0.001/6:0.001/7:0.001/8:0.001/9:0.001/10:0.001/11:0.001/12:0.001
clade_48,0,2,2,0,2,0,0,0,0,2,0,0:0.07/3:0.93,0,0,2,0,0,0,0,0,0,0,2,0:0.01/-1:0.98/0:0.001/2:0.001/3:0.001/4:0.001/5:0.001/6:0.001/7:0.001/8:0.001/9:0.001/10:0.001/11:0.001,0:0.01/-1:0.98/0:0.001/2:0.001/3:0.001/4:0.001/5:0.001/6:0.001/7:0.001/8:0.001/9:0.001/10:0.001/11:0.001/12:0.001,0:0.01/-1:0.98/2:0.001/3:0.001/0:0.001/4:0.001/5:0.001/6:0.001/7:0.001/8:0.001/9:0.001/10:0.001/11:0.001/12:0.001
LL.CGGACTGCACCGAATT-1,0,2,2,14,2,0,0,15,0,2,0,3,14,0,2,10,4,0,0,0,0,12,2,-1,-1,-1
RE.CTGAAGTAGGCGTACA-1,0,2,2,2,2,3,0,0,0,2,0,3,4,0,2,0,3,0,2,0,0,0,2,-1,-1,-1
clade_55,2,2,2,2,2,0,2,0,0,2,0,0,0,0,2,0,0,-1,-1,-1,-1,-1,-1,-1,-1,-1
I10,2,2,2,2,2,0,2,0,0,2,0,0,0,0,2,0,0,-1,-1,-1,-1,-1,-1,-1,-1,-1
clade_62,2,2,2,2,2,3,2,0,0,2,8,0,7,4,2,0,0,-1,-1,-1,-1,-1,-1,-1,-1,-1
M1.TACGGTAAGAGACTAT-1,2,2,2,2,2,3,2,7,12,2,8,0,7,4,2,0,4,-1,-1,-1,-1,-1,-1,-1,-1,-1
I11,2,2,2,2,2,3,2,0,0,2,8,0,7,4,2,0,0,-1,-1,-1,-1,-1,-1,-1,-1,-1
M1.ATCTGCCTCGGTTCGG-1,2,2,2,2,2,3,2,0,0,2,8,0,7,4,2,0,9,-1,-1,-1,-1,-1,-1,-1,-1,-1
I12,2,2,2,2,2,3,2,0,0,2,8,0,7,4,2,0,0,-1,-1,-1,-1,-1,-1,-1,-1,-1
M1.GTACTTTGTTCACGGC-1,2,2,2,2,2,3,2,0,0,2,8,0,7,4,2,0,0,-1,-1,-1,-1,-1,-1,-1,-1,-1
M1.AGGCCGTCATTGGTAC-1,2,2,2,2,2,3,2,0,0,2,8,0,7,4,2,2,0,-1,-1,-1,-1,-1,-1,-1,-1,-1
RW.GGGTCTGTCTAACTCT-1,2,2,2,2,2,0,2,0,0,2,0,2,2,2,2,-1,-1,-1,-1,-1,-1,-1,-1,-1,-1,-1
I13,2,2,2,2,2,0,2,0,0,2,0,0,0,0,2,0,0,-1,-1,-1,-1,-1,-1,-1,-1,-1
M1.CGTGTAAGTCCAAGTT-1,2,2,2,2,2,4,2,0,15,2,0,10,0,0,2,0,0,-1,-1,-1,-1,-1,-1,-1,-1,-1
clade_57,2,2,2,2,2,0,2,0,0,2,0,0,0,0:0.07/5:0.93,2,0,0,-1,-1,-1,-1,-1,-1,-1,-1,-1
clade_59,2,2,2,2,2,0,2,0,0,2,0,0,0:0.02/3:0.98,5,2,0,0,-1,-1,-1,-1,-1,-1,-1,-1,-1
M2.AACCGCGCATTCGACA-1,2,2,2,-1,-1,-1,2,0,0,2,0,8,3,5,2,0,0,-1,-1,-1,-1,-1,-1,-1,-1,-1
M2.CGCGTTTAGTTCGATC-1,2,2,2,2,2,0,2,0,0,2,0,0,3,5,2,0,0,-1,-1,-1,-1,-1,-1,-1,-1,-1
Liv.CCGTGGAGTTACGCGC-1,2,2,2,2,2,0,2,13,18,2,6,7,13,5,2,9,10,-1,-1,-1,-1,-1,-1,-1,-1,-1
clade_15,0,2,2,0,2,0,0:0.05/16:0.95,0:0.05/12:0.95,0,2,0,0,0,0,2,0:0.01/2:0.99,0,0,0,0,0:0.02/8:0.98,0:0.01/9:0.99,0:0.03/5:0.97,0,0,0
clade_19,7,2,2,11,2,0,16,12,0,2,13,0,12,0,2,2,0,0,8,0,8,9,5,0:0.01/-1:0.99,0:0.01/-1:0.99,0:0.01/-1:0.99
Liv.ACGCCAGAGAGGGATA-1,7,2,2,11,2,0,16,12,0,2,13,0,12,0,2,2,2,0,8,0,8,9,5,-1,-1,-1
Liv.GCTGCTTTCTGCCAGG-1,7,2,2,11,2,0,16,12,0,2,13,0,12,0,2,2,0,0,8,0,-1,-1,-1,-1,-1,-1
clade_16,0,2,2,0:0.28/12:0.72,2,0,0:0.05/16:0.95,0:0.05/12:0.95,0:0.91/20:0.09,2,0,0,0:0.91/3:0.09,0,2,2,0,0,0,0,0:0.01/8:0.99,9,0:0.01/5:0.99,0,0,0
Liv.ATCGAGTTCTAGAGTC-1,0,2,2,12,2,0,-1,-1,-1,2,0,0,3,0,2,2,0,4,3,4,8,9,5,7,5,0
Liv.AAGGCAGTCAGTACGT-1,0,2,2,12,2,0,16,12,20,2,6,7,-1,-1,-1,2,2,10,0,3,8,9,5,0,11,0
clade_113,0,2,2,-1,-1,-1,12,8,13,3,10,2,10,0,2,4,3,6,0,0,0:0.08/6:0.92,0,0:0.08/2:0.92,10,0,0
M1.GCATGTAGTTGACGTT-1,0,2,2,-1,-1,-1,12,8,13,3,10,2,10,0,2,4,3,6,0,0,6,0,2,10,0,0
M1.GATCGCGGTCATATCG-1,0,2,2,-1,-1,-1,12,8,13,3,10,2,10,0,2,4,3,6,0,0,-1,-1,-1,10,0,0
I14,0,0,0,0,0,0,0,0,0,0,0,0,0,0,0,0,0,0,0,0,0:0.02/4:0.98,0,0,0,0,0
clade_121,0,0,0,0,0,0,0,0,0,0:0.01/-1:0.99,0:0.01/-1:0.99,0:0.01/-1:0.99,0,0,0,0:0.03/3:0.97,0,0,0,0,4,0,0,0,0,0
M1.GGGCATCTCCTTGGTC-1,7,0,5,8,5,10,11,0,0,-1,-1,-1,-1,-1,-1,-1,-1,7,0,0,4,7,0,-1,-1,-1
clade_128,0,0,0,0,0,0,0,0,0,0:0.01/-1:0.99,0:0.01/-1:0.99,0:0.01/-1:0.99,0,0,0,0:0.01/3:0.99,0,0,0,0,4,0,0,0,0,0
clade_134,0,0,0,0,0,0:0.23/2:0.77,0,0,0,-1,-1,-1,0:0.2/3:0.8,0,0,3,0,0:0.87/4:0.13,0:0.87/3:0.13,0:0.87/4:0.13,4,0,0,0,0,0
M2.TGTATTCGTTGTGGAG-1,5,4,4,0,0,2,6,3,3,-1,-1,-1,3,3,0,3,0,4,3,4,4,0,0,5,0,0
RW.CGTAGCGAGTATCTCG-1,3,3,3,3,0,2,0,0,0,-1,-1,-1,3,0,3,3,0,-1,-1,-1,-1,-1,-1,2,2,3
clade_130,0,0,0:0.18/6:0.82,0:0.11/2:0.89,0,0,0,0,0,-1,-1,-1,0,0,0,3,0,0,0,0,4,0,0,0,0:0.13/7:0.87,0
M2.TCAACGAAGTGAACGC-1,0,0,6,2,0,7,8,0,6,-1,-1,-1,7,4,0,3,3,0,4,5,4,0,0,6,7,8
LL.ACGGGCTCAAGCGAGT-1,4,0,6,2,0,13,0,16,21,-1,-1,-1,15,0,6,3,4,12,0,9,4,0,6,0,7,0
clade_119,0,0,0,0,0,0,0,0,0,0,0,0,0:0.24/3:0.76,0,0,0,0,0,0,0,4,0,0,0,0,0
clade_124,0,0,0,0:0.07/10:0.93,0:0.12/7:0.88,0,0,0,0,0:0.18/4:0.82,0,0,0:0.15/3:0.85,0:0.65/12:0.35,0,0:0.1/4:0.9,0,0:0.65/6:0.35,0:0.65/9:0.35,0,4,0,0,0,0:0.08/12:0.92,0
LL.CTCTGGTAGCGATATA-1,0,10,0,10,7,0,3,14,0,4,0,0,3,12,0,4,4,6,9,0,4,11,0,6,12,0
M1.ATTGGTGCACGACTCG-1,12,9,8,10,7,0,15,11,16,4,0,0,-1,-1,-1,4,0,-1,-1,-1,4,8,0,11,12,0
clade_1,0,0,0,0,0,0,0,0,0,0,0,0,3,0,0,0,6,0:0.07/7:0.93,0,0,4,4,0:0.01/3:0.99,7,5,0
clade_10,0,0,0,0:0.04/9:0.96,0:0.06/6:0.94,0:0.04/11:0.96,0:0.03/13:0.97,0:0.03/9:0.97,0:0.02/14:0.98,0,0,0,3,0,0,0,6,7,0,0,4,4,3,7,5,0
M1.GCAGCCACAAACCTAC-1,9,6,7,9,6,11,13,9,14,0,6,7,3,0,0,4,6,7,2,3,4,4,3,7,5,0
M1.CTCCTAGGTGACAAAT-1,11,8,5,9,6,11,13,9,14,0,12,5,3,10,0,0,6,7,0,0,4,4,3,7,5,0
clade_2,0,0,0:0.6/5:0.4,0,0,0,0,0,0,0:0.98/5:0.02,0,0:0.98/5:0.02,3,0,0,0,6,0:0.07/7:0.93,0,0,4,4,0:0.01/3:0.99,7,5,0
M1.AGAGCTTCACATCCGG-1,12,0,5,10,7,0,3,0,17,5,0,5,3,0,2,4,6,7,0,0,4,4,3,7,5,0
clade_3,0,0,0:0.04/5:0.96,0:0.57/6:0.43,0:0.57/4:0.43,0:0.57/6:0.43,0,0:0.04/3:0.96,0:0.03/3:0.97,0:0.12/-1:0.84/5:0.04,0:0.12/-1:0.84/0:0.003/2:0.003/3:0.003/4:0.003/5:0.003/6:0.003/7:0.003/8:0.003/9:0.003/10:0.003/11:0.003/12:0.003/13:0.003/14:0.003,0:0.12/-1:0.84/5:0.04,3,0,0:0.57/5:0.43,0,6,0:0.01/-1:0.84/7:0.15,0:0.12/-1:0.84/0:0.004/2:0.004/3:0.004/4:0.004/5:0.004/6:0.004/7:0.004/8:0.004/9:0.004,0:0.12/-1:0.84/2:0.004/0:0.004/3:0.004/4:0.004/5:0.004/6:0.004/7:0.004/8:0.004/9:0.004,4,4,3,7,5,0
M1.GATGAAAGTAGCCTAT-1,10,7,5,-1,-1,-1,3,3,3,-1,-1,-1,3,0,5,5,6,-1,-1,-1,4,4,3,7,5,12
M2.TCTATTGGTCGGATCC-1,0,5,5,6,4,6,0,3,3,-1,-1,-1,-1,-1,-1,4,6,-1,-1,-1,4,4,3,7,5,0
