((((((M2.GGGCACTCAACACGCC-1:6.119,M2.ACATGGTCAGACTCGC-1:6.983)clade_134:1.045,M2.ATCCACCTCTTTAGGG-1:8.028)clade_133:0.972,((M2.TAAGAGAGTCAAACTC-1:6,(((M2.TCTATTGAGCGATTCT-1:0,M2.TAGAGCTGTGAGTGAC-1:0)clade_119:3.018,M1.TAAGAGATCTACTATC-1:1.018)clade_116:2.982,((M2.ATAGACCAGGGAGTAA-1:3,M2.CAACCTCTCTTGGGTA-1:4)I38:0.001,(M2.AGAGTGGCACAACGCC-1:0.003,M2.CTGTGCTCAGTACACT-1:2.003)clade_5:1.998)clade_3:1.999)I37:0)I36:0,(((M2.GGACGTCAGAAGGGTA-1:2.011,M2.TGAGCCGAGTCGTACT-1:1.011)clade_110:3.736,M2.TTATGCTTCCCTGACT-1:10.087)clade_108:1.253,(((M1.TACCTATAGTTGCAGG-1:1.011,M1.TACGGTATCCTTGCCA-1:1.011)clade_12:7.991,(RW.AACCATGGTGGCCCTA-1:1.107,RW.TTCCCAGAGTGCGTGA-1:8.107)clade_19:1.822)I35:0.076,M1.TACACGAGTAGGCTGA-1:6.005)clade_9:0.995)I34:0)I33:0)I32:0,((RW.ACGGCCATCTGACCTC-1:6.499,((M2.GGCTCGATCTTGTCAT-1:8.617,M2.CTGATCCTCCTCAACC-1:9.939)clade_126:1.146,M2.AGTGTCATCCTAGGGC-1:8.046)clade_124:0.987)clade_123:0.25,M2.TCGTAGAGTAAACCTC-1:7)I31:0.251)I30:0,(((((((M2.CCCAGTTCATGTCCTC-1:0,M2.GTCACAACAATGTTGC-1:0)clade_91:1,M2.GGGCACTGTCCATGAT-1:3)I29:0,M2.CGGACGTGTCGCGTGT-1:5.001)clade_90:0.003,(M2.CCTACCAAGCTGAACG-1:3.007,((M2.GACAGAGTCCAAACTG-1:6,M2.CTACGTCTCTGACCTC-1:1)I28:0,M2.CAACCTCCAATCAGAA-1:7)I27:0.007)clade_93:0.997)I26:3.025,(((M2.AGGGATGAGACTAAGT-1:1.026,M2.CACACAAGTATTACCG-1:4.026)clade_98:0.974,((M2.GTAGTCAAGTTAGCGG-1:1,M2.TCCCGATAGGATATAC-1:1)I25:0,M2.AGGCCACTCAAACCGT-1:3)I24:0)clade_101:0.003,M2.CTAGAGTTCAACACTG-1:6.002)I23:1.796)clade_84:1.328,LL.CGTTCTGGTAAGTTCC-1:3.127)clade_105:2.88,(RE.CGAATGTCAGGGAGAG-1:8,(((((RE.AACCGCGGTGAGTGAC-1:0.655,M1.AAGACCTGTACCGAGA-1:5.146)clade_27:3.356,RE.GTTACAGGTACCGTAT-1:0.001)I22:0.001,(RE.GGTGTTAAGTGTACGG-1:2.533,(RE.CCACCTATCTGGTATG-1:0.005,RE.ATCATGGGTCGTCTTC-1:1.005)clade_30:3.099)I21:4.478)clade_26:0.998,(((M1.GTATCTTGTGACCAAG-1:3.06,(((M1.ACAGCTATCATGGTCA-1:1,M1.ATAAGAGCACACAGAG-1:0)I20:0.005,M1.ATCATGGTCTACTCAT-1:2.005)clade_50:6.036,M1.GCGGGTTCACACTGCG-1:0.09)clade_48:0.969)I19:0.94,(RE.AGTAGTCTCTAACTGG-1:4,(RE.ACTTGTTGTTTGGGCC-1:1,M1.GACGTGCTCAATCACG-1:3)clade_36:0)I18:0)I17:0,((((((M1.CACACTCCAGGATCGA-1:1.003,M1.TGTGGTAGTTGGACCC-1:1.003)clade_46:0.896,M1.CGATGTATCACGGTTA-1:3)I16:0.101,(RW.TCAGCAACACTGTCGG-1:1.004,RW.ATGCGATCAACTGCGC-1:1.004)clade_63:0.996)I15:0,(RE.GGACGTCAGCTTCGCG-1:0.004,RE.CACACCTAGCGTAATA-1:2.004)I14:0.996)clade_41:0.002,M1.CCCTCCTGTAAGTGTA-1:6.002)I13:0.008,(RE.TGCACCTGTACATCCA-1:0.054,M1.TGACAACTCCTCATTA-1:3.054)clade_39:2.959)I12:2.991)I11:0)I10:0.001,(((RE.CGTTCTGAGTGTCCCG-1:4.109,RE.CATATGGCACAGGAGT-1:7.109)clade_73:0.891,((((M1.AGCAGCCCAAGGACAC-1:3,(((RE.CTGTGCTTCGGCGGTT-1:1,M1.GGGTTGCAGTACGCCC-1:1)I9:0,M1.ACATACGCAATGGTCT-1:1)I8:0,RE.CACATTTAGTGAACGC-1:2)I7:0)I6:0,(M2.GCATACAGTCACCTAA-1:0.001,M2.AAGTCTGAGCCAGAAC-1:1.001)clade_69:0.999)I5:0,RE.GATTCAGGTCCTCCAT-1:5)I4:0,RE.GAAGCAGAGCAGCGTA-1:5)clade_68:0)I3:0.022,RE.GTAACTGTCATCGATG-1:5.022)I2:2.98)clade_24:0.999)I1:0.001)clade_23:0.998)root:0)I0;
I0,0,0,0,0,0,0,0,0,0,0,0,0,0,0,0,0,0,0,0,0,0,0,0,0,0
root,0,0,0,0,0,0,0,0,0,0,0,0,0,0,0,0,0,0,0,0,0,0,0,0,0
clade_23,2,0,0,0,0,0,0,0,0,0,0,0,0,0,0,0,0,0,0,0,0,0,0,0,0
I1,2,0,0,0,0,0,0,0,0,0,0,0,0,0,0,0,0,0,0,0,0,0,0,0,0
clade_24,2,0,0,0,0,0,0,0,0,0,0,0,0,0,0,0,0,3,0,0,0,0,0,0,0
I2,2,0,0,0:0.01/-1:0.99,0:0.01/-1:0.99,0:0.01/-1:0.99,0,0,0,0,0,0,0,0,0,0,0,3,0,0,0,0,0,0,0
RE.GTAACTGTCATCGATG-1,2,0,0,-1,-1,-1,3,4,0,0,0,0,3,0,0,0,0,3,0,0,2,0,3,0,0
I3,2,0,0,-1,-1,-1,0,0,0,0,0,0,0,0,0,0,0,3,0,0,0,0,0,0,0
clade_68,2,0,0,-1,-1,-1,0,0,0,0,0,0,0,0,0,0,0,3,0,0,0,0,0,0,0
RE.GAAGCAGAGCAGCGTA-1,2,0,0,-1,-1,-1,0,0,0,0,0,0,0,0,3,0,0,3,0,0,0,3,-1,-1,-1
I4,2,0,0,-1,-1,-1,0,0,0,0,0,0,0,0,0,0,0,3,0,0,0,0,0,0,0
RE.GATTCAGGTCCTCCAT-1,2,0,0,-1,-1,-1,0,0,0,3,0,0,0,0,0,3,0,3,0,5,3,2,0,0,0
I5,2,0,0,-1,-1,-1,0,0,0,0,0,0,0,0,0,0,0,3,0,0,0,0,0,0,0
clade_69,2,5,0,-1,-1,-1,0,0,0,0,0,0,0,0,0,0,0,3,0,0,0,0,0,0,0
M2.AAGTCTGAGCCAGAAC-1,2,5,0,-1,-1,-1,0,0,7,0,0,0,0,0,0,0,0,3,0,0,0,0,0,0,0
M2.GCATACAGTCACCTAA-1,2,5,0,-1,-1,-1,0,0,0,0,0,0,0,0,0,0,0,3,0,0,0,0,0,0,0
I6,2,0,0,-1,-1,-1,0,0,0,0,0,0,0,0,0,0,0,3,0,0,0,0,0,0,0
I7,2,0,0,-1,-1,-1,0,0,0,0,0,0,0,0,0,0,0,3,0,0,0,0,0,0,0
RE.CACATTTAGTGAACGC-1,2,0,0,-1,-1,-1,0,0,0,4,0,0,0,0,0,0,0,3,0,0,4,0,0,0,0
I8,2,0,0,-1,-1,-1,0,0,0,0,0,0,0,0,0,0,0,3,0,0,0,0,0,0,0
M1.ACATACGCAATGGTCT-1,2,0,0,-1,-1,-1,0,0,0,0,0,0,9,0,0,0,0,3,0,0,0,0,0,0,0
I9,2,0,0,-1,-1,-1,0,0,0,0,0,0,0,0,0,0,0,3,0,0,0,0,0,0,0
M1.GGGTTGCAGTACGCCC-1,2,0,0,-1,-1,-1,0,0,8,0,0,0,0,0,0,0,0,3,0,0,0,0,0,0,0
RE.CTGTGCTTCGGCGGTT-1,2,0,0,-1,-1,-1,0,0,3,0,0,0,0,0,0,0,0,3,0,0,0,0,0,0,0
M1.AGCAGCCCAAGGACAC-1,-1,-1,-1,-1,-1,-1,0,0,0,0,0,0,0,0,0,0,0,3,0,0,0,0,0,0,0
clade_73,2,0,0,-1,-1,-1,0,0,0,0,0,0,0,0:0.11/3:0.89,0,0,0,3,0,0,0,0,0,0,0
RE.CATATGGCACAGGAGT-1,2,0,0,-1,-1,-1,5,0,0,-1,-1,-1,0,3,0,0,0,3,0,0,0,0,-1,-1,-1
RE.CGTTCTGAGTGTCCCG-1,2,0,0,-1,-1,-1,4,5,4,0,0,0,4,3,0,0,0,3,0,0,0,0,0,0,0
I10,2,0,0,0,0,0,0,0,0,0,0,0,0,0,0,0,0,3,0,0,0,0,0,0,0
I11,2,0,0,0,0,0,0,0,0,0,0,0,0,0,0,0,0,3,0,0,0,0,0,0,0
I12,2,0,0,-1,-1,-1,0,0,0,0,0,0,0,0,0,0,0,3,0,0,0,0,0,0,0
clade_39,2,0,0,-1,-1,-1,0,0,0,0:0.02/-1:0.98,0:0.02/-1:0.98,0:0.02/-1:0.98,0,0,0,0,0,3,0,0,0,0,0,0,0
M1.TGACAACTCCTCATTA-1,2,0,0,-1,-1,-1,0,0,0,-1,-1,-1,0,0,0,0,0,3,0,-1,-1,-1,0,0,0
RE.TGCACCTGTACATCCA-1,2,0,0,-1,-1,-1,0,0,0,-1,-1,-1,0,0,0,0,0,3,0,0,0,0,0,0,0
I13,2,0,0,-1,-1,-1,0,0,0,0,0,0,0,0,0,0,0,3,0,0,0,0,0,0,0
M1.CCCTCCTGTAAGTGTA-1,-1,-1,-1,-1,-1,-1,8,0,0,10,0,0,0,0,0,0,0,3,0,4,0,0,0,0,0
clade_41,2,0,0,-1,-1,-1,0,0,0,0,0,0,0,0,0,0,0,3,0,0,0,0,0,0,0
I14,2,0,0,-1,-1,-1,0,0,0,0,0,0,0,0,0,0,0,3,0,4,0,0,0,0,0
RE.CACACCTAGCGTAATA-1,2,0,0,-1,-1,-1,0,0,0,0,0,0,0,0,0,0,0,3,0,4,0,0,4,0,4
RE.GGACGTCAGCTTCGCG-1,2,0,0,-1,-1,-1,0,0,0,0,0,0,0,0,0,0,0,3,0,4,0,0,0,0,0
I15,2,0,0,-1,-1,-1,0,0,0,0,0,0,0,0,0,0,0,3,0,0,0,0,0,0,0
clade_63,2,0,0,-1,-1,-1,2,0,0,0,0,0,0,0,0,0,0,3,0,0,0,0,0,0,0
RW.ATGCGATCAACTGCGC-1,2,0,0,-1,-1,-1,2,0,0,0,0,0,0,2,0,0,0,3,0,0,0,0,0,0,0
RW.TCAGCAACACTGTCGG-1,2,0,0,-1,-1,-1,2,0,0,0,0,0,0,0,0,0,0,3,0,3,0,0,0,0,0
I16,2,0,0,-1,-1,-1,0,0,0,0,0,0,0:0.9/6:0.1,0,0,0,0,3,0,0,0,0,0,0,0
M1.CGATGTATCACGGTTA-1,2,0,0,-1,-1,-1,0,11,0,0,0,0,-1,-1,0,0,0,3,0,0,0,0,0,0,0
clade_46,2,0,0,-1,-1,-1,0,0,0,0,0,0,6,0,0,0,0,3,0,0,0,0,0,0,0
M1.TGTGGTAGTTGGACCC-1,2,0,0,-1,-1,-1,0,0,0,0,0,0,6,0,0,0,0,3,0,0,0,0,4,0,0
M1.CACACTCCAGGATCGA-1,2,5,0,-1,-1,-1,0,0,0,0,0,0,6,0,0,0,0,3,0,0,0,0,0,0,0
I17,2,0,0,0,0,0,0,0,0,0,0,0,0,0,0,0,0,3,0,0,0,0,0,0,0
I18,2,0,0,0,0,0,0,0,0,0,0,0,0,0,0,0,0,3,0,0,0,0,0,0,0
clade_36,2,0,0,0,0,0,0,0,0,0,0,0,0,0,0,0,0,3,0,0,0,0,0,0,0
M1.GACGTGCTCAATCACG-1,2,0,0,0,0,0,7,10,9,0,0,0,0,0,0,0,0,3,0,0,0,0,0,0,0
RE.ACTTGTTGTTTGGGCC-1,2,0,0,0,0,0,0,0,0,2,0,0,0,0,0,0,0,3,0,0,0,0,0,0,0
RE.AGTAGTCTCTAACTGG-1,2,0,0,0,0,0,0,0,0,-1,-1,-1,0,0,0,0,0,3,2,0,0,0,0,0,0
I19,2,0,0,0,0,0,0,0,0,0,0,0,0:0.06/6:0.94,0,0,0,0,3,0,0,0,0,0,0,0
clade_48,2,0,0,0,0,0,0,0,0,0,0,0:0.04/9:0.96,0:0.05/6:0.95,0,0,0,0,3,0,0,0,0,0,0,0
M1.GCGGGTTCACACTGCG-1,2,0,0,0,0,0,0,0,0,0,0,9,6,0,0,0,0,3,0,0,0,0,0,0,0
clade_50,2,0,0,-1,-1,-1,0,12,0,0,0,9,-1,-1,0,0,0,3,0,0,0,0,0,0,0
M1.ATCATGGTCTACTCAT-1,2,0,0,-1,-1,-1,0,12,0,0,0,9,-1,-1,0,7,6,3,0,0,0,0,0,0,0
I20,2,0,0,-1,-1,-1,0,12,0,0,0,9,-1,-1,0,0,0,3,0,0,0,0,0,0,0
M1.ATAAGAGCACACAGAG-1,2,0,0,-1,-1,-1,0,12,0,0,0,9,-1,-1,0,0,0,3,0,0,0,0,0,0,0
M1.ACAGCTATCATGGTCA-1,2,0,0,-1,-1,-1,0,12,0,0,0,9,-1,-1,7,0,0,3,0,0,0,0,0,0,0
M1.GTATCTTGTGACCAAG-1,2,0,0,0,0,0,0,0,0,9,9,8,6,0,0,0,0,3,0,0,0,0,0,0,0
clade_26,2,0,0,0,0,0,0,0,0,0,0,0,2,0,0,0,0,3,0,0,0,0,0,0,0
I21,2,0,0,0:0.03/-1:0.97,0:0.03/-1:0.97,0:0.03/-1:0.97,0,0,0,0,0,0,2,0,0:0.48/2:0.52,0:0.48/2:0.52,0:0.48/3:0.52,3,0,0,0,0,0,0,0
clade_30,2,0,0,-1,-1,-1,0,0,0,0,0,0,2,0,-1,-1,-1,3,0,0,0,0,0,0,0
RE.ATCATGGGTCGTCTTC-1,2,0,0,-1,-1,-1,0,0,0,0,0,0,2,4,-1,-1,-1,3,0,0,0,0,0,0,0
RE.CCACCTATCTGGTATG-1,2,0,0,-1,-1,-1,0,0,0,0,0,0,2,0,-1,-1,-1,3,0,0,0,0,0,0,0
RE.GGTGTTAAGTGTACGG-1,2,0,0,-1,-1,-1,0,0,0,0,0,0,2,0,2,2,3,3,0,0,0,0,4,0,0
I22,2,0,0,0,0,0,0,0,0,0,0,0,2,0,0,0,0,3,0,0,0,0,0,0,0
RE.GTTACAGGTACCGTAT-1,2,0,0,0,0,0,0,0,0,0,0,0,2,0,0,0,0,3,0,0,0,0,0,0,0
clade_27,2,0,0,0,0,0,0:0.51/2:0.49,0,0,0:0.05/-1:0.95,0:0.05/-1:0.95,0:0.05/-1:0.95,2,0,0,0,0,3,0,0,0,0,0,0,0
M1.AAGACCTGTACCGAGA-1,2,0,0,0,0,0,-1,-1,-1,-1,-1,-1,-1,-1,0,0,0,3,0,0,0,0,0,0,0
RE.AACCGCGGTGAGTGAC-1,2,0,0,0,0,0,2,0,0,-1,-1,-1,2,0,0,0,0,3,0,0,0,0,0,0,0
RE.CGAATGTCAGGGAGAG-1,2,0,0,0,0,0,2,0,0,-1,-1,-1,0,0,0,0,0,4,0,0,0,0,-1,-1,-1
clade_105,2,0,0,0:0.04/-1:0.96,0:0.04/-1:0.96,0:0.04/-1:0.96,0,0,0,0,0,0,0,0,0,0,0,0,0,0,0,0,0,0,0
LL.CGTTCTGGTAAGTTCC-1,2,0,0,-1,-1,-1,0,0,0,0,0,0,0,0,0,0,0,4,0,0,0,0,8,5,0
clade_84,2,0,0,-1,-1,-1,0:0.02/2:0.98,0,0,0,0,0,0,0,0,0,0,0,0,0,0,0,0:0.77/5:0.23,0,0
I23,2,0,0,-1,-1,-1,2,0,0,0,0,0,0,0,0,4,0,0,0,0,0,0,5,0,0
M2.CTAGAGTTCAACACTG-1,-1,-1,-1,-1,-1,-1,-1,-1,-1,0,0,0,0,0,0,4,0,0,0,0,0,0,5,0,0
clade_101,2,0,0,-1,-1,-1,2,0,0,0,0,0,0,0,0,4,0,0,0,0,0,0,5,0,0
I24,2,0,0,-1,-1,-1,2,0,0,0,0,0,0,0,0,4,0,0,0,0,0,0,5,0,0
M2.AGGCCACTCAAACCGT-1,2,0,0,-1,-1,-1,2,0,0,7,7,6,0,0,0,4,0,0,0,0,0,0,5,0,0
I25,2,0,0,-1,-1,-1,2,0,0,0,0,0,0,0,0,4,0,0,0,0,0,0,5,0,0
M2.TCCCGATAGGATATAC-1,2,0,0,-1,-1,-1,2,0,0,0,0,0,0,0,4,4,0,0,0,0,0,0,5,0,0
M2.GTAGTCAAGTTAGCGG-1,2,0,0,-1,-1,-1,2,0,0,0,0,4,0,0,0,4,0,0,0,0,0,0,5,0,0
clade_98,2,0,0,-1,-1,-1,2,0,0,0,0,0,0:0.03/5:0.97,0,0,4,0,0,0,0,0,0,5,0,0
M2.CACACAAGTATTACCG-1,2,0,0,-1,-1,-1,2,0,0,-1,-1,-1,5,0,0,4,0,5,0,0,0,0,5,0,0
M2.AGGGATGAGACTAAGT-1,2,0,0,-1,-1,-1,2,0,0,0,0,0,5,8,0,4,0,0,0,0,0,0,5,0,0
I26,2,0,0,-1,-1,-1,2,0,0,0,0,0,0,0,0,0,0,0,0,0,0,0,-1,-1,-1
clade_93,2,0,0,-1,-1,-1,2,0,0,0,0,0,0,0,0,0:0.01/4:0.99,0,0,0,0,0,0,-1,-1,-1
I27,2,0,0,-1,-1,-1,2,0,0,0,0,0,0,0,0,4,0,0,0,0,0,0,-1,-1,-1
M2.CAACCTCCAATCAGAA-1,2,0,0,-1,-1,-1,2,0,0,-1,-1,-1,-1,-1,0,4,0,-1,-1,0,0,0,-1,-1,-1
I28,2,0,0,-1,-1,-1,2,0,0,0,0,0,0,0,0,4,0,0,0,0,0,0,-1,-1,-1
M2.CTACGTCTCTGACCTC-1,2,0,0,-1,-1,-1,2,8,0,0,0,0,0,0,0,4,0,0,0,0,0,0,-1,-1,-1
M2.GACAGAGTCCAAACTG-1,2,0,0,-1,-1,-1,2,0,0,6,4,5,0,0,0,4,0,0,0,-1,-1,-1,-1,-1,-1
M2.CCTACCAAGCTGAACG-1,-1,-1,-1,-1,-1,-1,2,0,0,0,0,0,0,0,0,4,0,0,0,0,0,0,-1,-1,-1
clade_90,2,0,0,-1,-1,-1,2,0,0,0,0,0,0,0,0,0,0,0,0,0,0,0,-1,-1,-1
M2.CGGACGTGTCGCGTGT-1,2,0,0,-1,-1,-1,2,0,0,0,0,0,5,0,3,0,0,0,0,-1,-1,-1,-1,-1,-1
I29,2,0,0,-1,-1,-1,2,0,0,0,0,0,0,0,0,0,0,0,0,0,0,0,-1,-1,-1
M2.GGGCACTGTCCATGAT-1,2,0,0,-1,-1,-1,2,0,0,5,3,0,0,0,0,0,0,0,0,0,5,0,-1,-1,-1
clade_91,2,0,0,-1,-1,-1,2,0,0,0,0,0,0,0,0,4,0,0,0,0,0,0,-1,-1,-1
M2.GTCACAACAATGTTGC-1,2,0,0,-1,-1,-1,2,0,0,0,0,0,0,0,0,4,0,0,0,0,0,0,-1,-1,-1
M2.CCCAGTTCATGTCCTC-1,2,0,0,-1,-1,-1,2,0,0,0,0,0,0,0,0,4,0,0,0,0,0,0,-1,-1,-1
I30,0,0,0,0,0,0,0,0,0,0,0,0,0,0,0,0,0,0,0,0,0,0,0,0,0
I31,0,0,0,0:0.75/3:0.25,0,0,0,0,0,0,0,0,0,0,0,0,0,0,0,0,0,0,0,0,0
M2.TCGTAGAGTAAACCTC-1,0,0,0,-1,-1,-1,0,0,0,0,0,3,0,0,-1,-1,-1,0,0,0,0,0,0,0,0
clade_123,0,0,0,0:0.5/3:0.5,0,0,0,0,0,0,0,0,0,0,0,0,0,0,0,0,0,0,0,0,0
clade_124,0,0,0,0:0.47/3:0.53,0,0,0,0,0,0,0,0,0,0,0:0.05/5:0.95,0,0,0,0,0,0,0,0,0,0
M2.AGTGTCATCCTAGGGC-1,7,7,4,-1,-1,-1,0,0,0,0,6,0,0,0,5,5,0,0,0,0,0,0,0,0,0
clade_126,0,0,0,0:0.43/3:0.57,0,0,0,0:0.92/7:0.08,0:0.92/6:0.08,0:0.18/2:0.82,0,0,0,0,0:0.01/5:0.99,0,0,0,0,0,0,0:0.92/5:0.08,0,0,0
M2.CTGATCCTCCTCAACC-1,0,0,0,-1,-1,-1,0,7,6,2,0,0,0,7,5,0,0,0,0,0,0,5,6,3,5
M2.GGCTCGATCTTGTCAT-1,0,0,0,3,0,0,-1,-1,-1,2,0,0,0,5,5,0,4,0,0,-1,-1,-1,0,0,0
RW.ACGGCCATCTGACCTC-1,3,2,0,3,0,0,2,3,0,0,0,0,0,0,0,0,2,0,0,4,0,0,0,0,0
I32,0,0,0,0,0,0,0,0,0,0,0,0,0,0,0,0,0,0,0,0,0,0,0,0,0
I33,0,0,0,0,0,0,0,0,0,0,0,0,0,0,0,0,0,0,0,0,0,0,0,0,0
I34,0,0,0,0,0,0,0,0,0,0,0,0,0,0,0,0,0,0,0,0,0,0,0,0,0
clade_9,0,0,0,0,0,0,0:0.01/2:0.99,0,0,0,0,0,0,0,0,0,0,0,0,0,0,0,0,0,0
M1.TACACGAGTAGGCTGA-1,10,0,0,0,0,4,2,0,0,8,8,0,0,9,0,6,0,0,0,0,0,0,0,0,0
I35,0,0,0,0,0:0.93/2:0.07,0,2,0,0,0,0,0,0,0,0,0,0,0,0,0,0,0,0,0,0
clade_19,0,0,0,0,0:0.07/2:0.93,0,2,0,0,0,0,0,0,0,0,0,0,0:0.04/2:0.96,0,0,0,0,0,0,0
RW.TTCCCAGAGTGCGTGA-1,0,0,0,2,2,0,2,2,2,2,0,0,0,0,0,0,0,2,0,2,0,0,2,2,2
RW.AACCATGGTGGCCCTA-1,0,0,0,0,2,0,2,0,0,0,0,0,0,0,0,0,0,2,0,0,0,0,0,0,3
clade_12,9,0,0,-1,-1,-1,2,9,0,0,0,0,0,0,6,0,0,8,4,0,0,0,0,0,0
M1.TACGGTATCCTTGCCA-1,9,0,0,-1,-1,-1,2,9,0,0,0,0,0,0,6,0,0,8,4,0,0,0,0,4,0
M1.TACCTATAGTTGCAGG-1,9,0,0,-1,-1,-1,2,9,0,0,0,7,0,0,6,0,0,8,4,0,0,0,0,0,0
clade_108,0:0.09/3:0.91,0,0,0:0.83/4:0.17,0,0:0.83/2:0.17,0,0,0,0,0,0,0,0,0,0,0,0,0,0,0,0,0,0,0
M2.TTATGCTTCCCTGACT-1,3,3,0,-1,-1,-1,6,0,5,0,2,2,0,0,0,0,0,0,0,0,0,4,4,0,0
clade_110,3,0,0,4,0,2,0,0,0,0,0,0,0,0,3,0,0,5,0,0,0,0,0,0,0
M2.TGAGCCGAGTCGTACT-1,3,0,0,4,0,2,0,0,0,0,0,0,5,0,3,0,0,5,0,0,0,0,0,0,0
M2.GGACGTCAGAAGGGTA-1,3,0,3,4,0,2,0,0,0,0,0,0,6,0,3,0,0,5,0,0,0,0,0,0,0
I36,0,0,0,0,0,0,0,0,0,0,0,0,0,0,0,0,0,0,0,0,0,0,0,0,0
I37,0,0,0,0,0,0,0,0,0,0,0,0,0,0,0,0,0,0,0,0,0,0,0,0,0
clade_3,0,0,0,0,0,0,0,6,0,0,0,0,0,0,0,0,0,0,0,6,0,0,0,0,0
clade_5,6,6,0,0,0,0,0,6,0,0,0,0,0,0,0,0,0,0,0,6,0,0,0,0,0
M2.CTGTGCTCAGTACACT-1,6,6,0,0,0,0,0,6,0,0,0,0,7,6,0,0,0,0,0,6,0,0,0,0,0
M2.AGAGTGGCACAACGCC-1,6,6,0,0,0,0,0,6,0,0,0,0,0,0,0,0,0,0,0,6,0,0,0,0,0
I38,0,0,0,0,0,0,0,6,0,0,0,0,0,0,0,0,0,0,0,6,0,0,0,0,0
M2.CAACCTCTCTTGGGTA-1,0,0,0,-1,-1,-1,0,6,0,0,0,0,8,0,0,0,0,0,0,6,0,0,0,0,0
M2.ATAGACCAGGGAGTAA-1,0,0,0,0,0,0,0,6,0,0,5,0,0,0,0,0,0,0,0,6,0,6,7,0,0
clade_116,4,0:0.01/4:0.99,0:0.01/2:0.99,0,0,0,0,0,0,0,0,0,0,0,0,0,0,0,0,0,0,0,0,0,0
M1.TAAGAGATCTACTATC-1,4,4,2,0,0,0,0,0,0,0,0,0,0,0,0,0,0,0,0,7,0,0,0,0,0
clade_119,4,4,2,5,3,0,0,0,0,0,0,0,0,0,0,0,0,6,0,0,0,0,0,0,0
M2.TAGAGCTGTGAGTGAC-1,4,4,2,5,3,0,0,0,0,0,0,0,0,0,0,0,0,6,0,0,0,0,0,0,0
M2.TCTATTGAGCGATTCT-1,4,4,2,5,3,0,0,0,0,0,0,0,0,0,0,0,0,6,0,0,0,0,0,0,0
M2.TAAGAGAGTCAAACTC-1,0,0,0,4,0,0,-1,-1,-1,0,0,0,0,0,0,0,0,7,3,0,0,0,0,0,0
clade_133,0,0,0,0,0,0,0,0,0,0:0.03/2:0.97,0,0,0,0,0,0,0,0,0,0,0,0,0,0,0
M2.ATCCACCTCTTTAGGG-1,0,0,0,-1,-1,-1,0,0,0,2,0,0,0,0,0,0,5,7,0,-1,-1,-1,0,0,0
clade_134,0,0,0,0,0,0,0,0,0:0.86/3:0.14,2,0,0,0:0.12/5:0.88,0,0,0,0,0,0,0,0,0,0,0,0
M2.ACATGGTCAGACTCGC-1,8,0,0,0,4,0,0,0,3,2,0,0,5,8,6,0,0,7,0,0,0,0,4,0,0
M2.GGGCACTCAACACGCC-1,5,0,0,0,0,3,-1,-1,-1,2,0,0,5,0,0,0,0,0,0,4,0,0,0,0,0
