(((((M1.CAGTCCTGTTCACCTC-1:6.52,M1.CATTCGCCATAGTAAG-1:10.952)clade_13:9.518,(M1.CGTTCTGGTTGGAGGT-1:3.028,M1.TGGACGCTCCGCATAA-1:0.115)clade_10:14.92)clade_9:9.639,M1.AGGGTGAAGATCCCGC-1:23.906)clade_1:0.126,((Liv.CGATGGCAGAAACGAG-1:25,((((((M1.TGCGCAGGTCACACGC-1:3.628,M1.GTGAAGGTCGTGGACC-1:5.291)clade_70:7.468,((M1.GCATACAAGCTCCCAG-1:15.042,((M1.AAGGCAGAGAGTGAGA-1:5.402,M1.CTGAAACAGGATATAC-1:3.02)clade_59:5.243,M2.TTCGAAGCACATCCAA-1:8.767)I5:4.818)clade_53:0.072,Liv.GCATACATCGTATCAG-1:12.069)clade_52:0.111)clade_51:1.703,((M2.ACTGCTCTCCACTCCA-1:1.003,M2.ATCTGCCCAGCGTAAG-1:1.003)I4:0.002,(M2.GACGGCTAGAGACGAA-1:1.01,M2.GACAGAGCAAGTTGTC-1:1.01)clade_45:1.995)clade_44:13.006)I3:0.081,M1.AAACCTGAGCCTCGTG-1:16.014)clade_33:0.092,((M1.CGTAGGCCATTATCTC-1:0.331,RW.GCACTCTGTCGCGAAA-1:5.158)clade_38:13.699,RE.AGCTTGAAGCGCCTTG-1:13.992)clade_35:0.069)clade_76:13.899,((M1.TACGGGCTCTTCGAGA-1:17.215,M2.TCAGCTCGTTGTTTGG-1:9.4)clade_84:8.7,M1.TGAGCCGCAAGTCATC-1:24.411)clade_32:5.459)clade_30:2.085)I2:0.267,(M1.GCATGTACACTATCTT-1:3.608,M1.TAGTTGGGTTGCGCAC-1:7.438)clade_20:19.592)I1:0)root:0)I0;
I0,0,0,0,0,0,0,0,0,0,0,0,0,0,0,0,0,0,0,0,0,0,0,0,0,0,0,0,0,0,0,0,0,0,0,0
root,0,0,0,0,0,0,0,0,0,0,0,0,0,0,0,0,0,0,0,0,0,0,0,0,0,0,0,0,0,0,0,0,0,0,0
I1,0,0,0,0,0,0,0,0,0,0,0,0,0,0,0,0,0,0,0,0,0,0,0,0,0,0,0,0,0,0,0,0,0,0,0
clade_20,0:0.01/-1:0.97/2:0.003/3:0.003/4:0.003/5:0.003/6:0.003/7:0.003,0:0.01/-1:0.97/0:0.003/2:0.003/3:0.003/4:0.003/5:0.003/6:0.003/7:0.003/8:0.003,0:0.01/-1:0.97/0:0.007/2:0.007/3:0.007,0:0.01/5:0.99,0:0.01/5:0.99,0,0:0.01/-1:0.97/2:0.003/3:0.003/4:0.003/5:0.003/0:0.003/6:0.003/7:0.003,0:0.01/-1:0.97/2:0.003/0:0.003/3:0.003/4:0.003/5:0.003/6:0.003/7:0.003,0:0.01/-1:0.97/2:0.003/0:0.003/3:0.003/4:0.003/5:0.003/6:0.003,0:0.01/-1:0.97/2:0.003/3:0.003/0:0.003/4:0.003/5:0.003/6:0.003,0:0.01/-1:0.97/2:0.004/0:0.004/3:0.004/4:0.004/5:0.004,0:0.01/-1:0.97/2:0.003/3:0.003/4:0.003/0:0.003/5:0.003/6:0.003/7:0.003/8:0.003,0:0.17/6:0.83,0,0,0:0.01/3:0.99,0,0,0:0.01/-1:0.97/2:0.003/3:0.003/4:0.003/5:0.003/6:0.003/7:0.003,0:0.01/-1:0.97/2:0.004/0:0.004/3:0.004/4:0.004/5:0.004,0:0.01/-1:0.97/2:0.004/3:0.004/0:0.004/4:0.004/5:0.004,0,0,0,0,0:0.01/3:0.99,0,0:0.01/4:0.99,0:0.01/3:0.99,0,0:0.02/2:0.98,0,0,0,0
M1.TAGTTGGGTTGCGCAC-1,-1,-1,-1,5,5,0,-1,-1,-1,-1,-1,-1,-1,-1,-1,3,0,0,-1,-1,-1,3,4,6,4,3,0,4,3,0,2,0,0,0,0
M1.GCATGTACACTATCTT-1,-1,-1,-1,5,5,0,-1,-1,-1,-1,-1,-1,6,0,0,3,4,0,-1,-1,-1,4,2,0,0,3,0,4,3,0,2,0,0,0,0
I2,0,0,0,0,0,0,0,0,0,0,0,0,0,0,0,0,0,0,0,0,0,0:0.86/2:0.14,0:0.87/2:0.13,0,0,0,0,0,0,0,0,0,0,0,0
clade_30,0,0,0,0,0,0,0,0,0,0,0,0,0,0,0,0:0.57/2:0.43,0,0,0,0,0,0:0.16/2:0.84,0:0.2/2:0.8,0,0,0,0,0,0:0.87/2:0.13,0,0,0:0.93/2:0.07,0,0,0:0.93/2:0.07
clade_32,0:0.45/-1:0.5/2:0.008/3:0.008/4:0.008/5:0.008/6:0.008/7:0.008,0:0.45/-1:0.5/0:0.006/2:0.006/3:0.006/4:0.006/5:0.006/6:0.006/7:0.006/8:0.006,0:0.45/-1:0.5/0:0.017/2:0.017/3:0.017,0:0.83/3:0.17,0:0.83/3:0.17,0:0.83/3:0.17,0,0,0,0,0,0,0,0,0,0:0.47/2:0.53,0:0.83/2:0.17,0,0:0.45/-1:0.5/2:0.008/3:0.008/4:0.008/5:0.008/6:0.008/7:0.008,0:0.45/-1:0.5/2:0.01/0:0.01/3:0.01/4:0.01/5:0.01,0:0.45/-1:0.5/2:0.01/3:0.01/0:0.01/4:0.01/5:0.01,0:0.03/2:0.97,0:0.05/2:0.95,0,0,0,0,0,0:0.33/2:0.67,0,0,0:0.65/2:0.35,0,0,0:0.64/2:0.36
M1.TGAGCCGCAAGTCATC-1,-1,-1,-1,-1,-1,-1,0,4,5,4,3,6,4,0,0,-1,-1,-1,-1,-1,-1,2,2,0,3,2,3,3,2,0,-1,-1,-1,-1,-1
clade_84,0:0.11/-1:0.83/2:0.01/3:0.01/4:0.01/5:0.01/6:0.01/7:0.01,0:0.11/-1:0.83/0:0.007/2:0.007/3:0.007/4:0.007/5:0.007/6:0.007/7:0.007/8:0.007,0:0.11/-1:0.83/0:0.02/2:0.02/3:0.02,0:0.52/3:0.48,0:0.52/3:0.48,0:0.52/3:0.48,0:0.1/4:0.9,0,0:0.12/3:0.88,0:0.62/5:0.38,0,0,0,0,0,0:0.29/2:0.71,0:0.52/2:0.48,0,0:0.11/-1:0.83/2:0.01/3:0.01/4:0.01/5:0.01/6:0.01/7:0.01,0:0.11/-1:0.83/2:0.012/0:0.012/3:0.012/4:0.012/5:0.012,0:0.11/-1:0.83/2:0.012/3:0.012/0:0.012/4:0.012/5:0.012,2,0:0.01/2:0.99,0,0:0.17/2:0.83,0,0,0:0.62/2:0.38,0:0.2/2:0.8,0:0.62/2:0.38,0,0:0.11/2:0.89,0,0,0:0.09/2:0.91
M2.TCAGCTCGTTGTTTGG-1,-1,-1,-1,3,3,3,4,0,3,-1,-1,-1,0,0,0,2,2,0,-1,-1,-1,2,2,2,2,0,0,2,2,2,0,2,0,0,2
M1.TACGGGCTCTTCGAGA-1,-1,-1,-1,-1,-1,-1,4,0,3,5,0,0,-1,-1,-1,-1,-1,-1,-1,-1,-1,2,2,0,2,4,4,-1,-1,-1,0,2,0,3,2
clade_76,0,0,0,2,2,0,0,0,0,0,0,0,0,0,0,2,0,0,0,0,0,2,2,0,-1,-1,-1,-1,-1,-1,-1,-1,-1,-1,-1
clade_35,0,0,0,2,2,0,0,0,0,0:0.99/2:0.01,0:0.99/2:0.01,0,0:0.99/2:0.01,0,0,2,0,0,0:0.99/2:0.01,0:0.99/2:0.01,0:0.99/2:0.01,2,2,0:0.99/2:0.01,-1,-1,-1,-1,-1,-1,-1,-1,-1,-1,-1
RE.AGCTTGAAGCGCCTTG-1,3,2,0,2,2,0,3,0,0,-1,-1,-1,-1,-1,-1,2,0,2,2,2,2,2,2,2,-1,-1,-1,-1,-1,-1,-1,-1,-1,-1,-1
clade_38,0:0.01/2:0.99,0,0,2,2,0,0:0.01/2:0.99,0:0.01/2:0.99,0:0.01/2:0.99,0:0.01/2:0.99,0:0.01/2:0.99,0,2,0,0,2,0:0.17/5:0.83,0,0:0.01/-1:0.98/2:0.01,0:0.01/-1:0.98/2:0.01,0:0.01/-1:0.98/2:0.01,-1:0.98/2:0.02,-1:0.98/2:0.02,0:0.01/-1:0.98/2:0.01,-1,-1,-1,-1,-1,-1,-1,-1,-1,-1,-1
RW.GCACTCTGTCGCGAAA-1,2,0,0,2,2,0,2,2,2,2,2,2,2,2,0,-1,-1,-1,-1,-1,-1,-1,-1,-1,-1,-1,-1,-1,-1,-1,-1,-1,-1,-1,-1
M1.CGTAGGCCATTATCTC-1,2,0,0,2,2,0,2,2,2,2,2,0,2,0,0,2,5,0,-1,-1,-1,-1,-1,-1,-1,-1,-1,-1,-1,-1,-1,-1,-1,-1,-1
clade_33,0:0.92/5:0.08,0,0,2,2,0,0,0,0,0,0,0,0,0,0,2,0,0,0,0,0,2,2,0,-1,-1,-1,-1,-1,-1,-1,-1,-1,-1,-1
M1.AAACCTGAGCCTCGTG-1,-1,-1,-1,2,2,10,4,4,5,-1,-1,-1,-1,-1,-1,2,7,0,7,0,4,2,2,0,-1,-1,-1,-1,-1,-1,-1,-1,-1,-1,-1
I3,0:0.85/5:0.15,0,0,2,2,0,0,0,0,0,0,0,0,0,0,2,0,0,0,0,0,2,2,0,-1,-1,-1,-1,-1,-1,-1,-1,-1,-1,-1
clade_44,-1,-1,-1,2,2,0,5,3,0,0,0,0,0,3,2,-1,-1,-1,-1,-1,-1,2,2,0,-1,-1,-1,-1,-1,-1,-1,-1,-1,-1,-1
clade_45,-1,-1,-1,2,2,0,5,3,0,0,0,0:0.01/4:0.99,0:0.01/3:0.99,3,2,-1,-1,-1,-1,-1,-1,2,2,0,-1,-1,-1,-1,-1,-1,-1,-1,-1,-1,-1
M2.GACAGAGCAAGTTGTC-1,-1,-1,-1,2,2,0,5,3,0,0,0,4,3,3,2,-1,-1,-1,-1,-1,-1,2,2,3,-1,-1,-1,-1,-1,-1,-1,-1,-1,-1,-1
M2.GACGGCTAGAGACGAA-1,-1,-1,-1,2,2,0,5,3,0,0,0,4,3,3,2,-1,-1,-1,-1,-1,-1,2,2,2,-1,-1,-1,-1,-1,-1,-1,-1,-1,-1,-1
I4,-1,-1,-1,2,2,0,5,3,0,0,0,0,0,3,2,-1,-1,-1,-1,-1,-1,2,2,0,-1,-1,-1,-1,-1,-1,-1,-1,-1,-1,-1
M2.ATCTGCCCAGCGTAAG-1,-1,-1,-1,2,2,0,5,3,4,0,0,0,0,3,2,-1,-1,-1,-1,-1,-1,2,2,0,-1,-1,-1,-1,-1,-1,-1,-1,-1,-1,-1
M2.ACTGCTCTCCACTCCA-1,-1,-1,-1,2,2,4,5,3,0,0,0,0,0,3,2,-1,-1,-1,-1,-1,-1,2,2,0,-1,-1,-1,-1,-1,-1,-1,-1,-1,-1,-1
clade_51,0:0.04/5:0.96,0,0,2,2,0,0,0,0,0:0.11/3:0.89,0,0,0,0,0,2,0,0,0,0,0,2,2,0,-1,-1,-1,-1,-1,-1,-1,-1,-1,-1,-1
clade_52,0:0.04/5:0.96,0,0,2,2,0,0,0,0,0:0.03/3:0.97,0,0,0,0,0,2,0,0,0:0.99/6:0.01,0:0.99/4:0.01,0,2,2,0,-1,-1,-1,-1,-1,-1,-1,-1,-1,-1,-1
Liv.GCATACATCGTATCAG-1,5,7,0,2,2,11,7,7,4,3,0,0,8,0,2,2,0,5,-1,-1,-1,2,2,8,-1,-1,-1,-1,-1,-1,-1,-1,-1,-1,-1
clade_53,0:0.04/5:0.96,0:0.99/5:0.01,0:0.99/2:0.01,2,2,0,0,0,0,0:0.02/3:0.98,0,0,0,0:0.99/6:0.01,0:0.99/4:0.01,2,0,0,0:0.97/6:0.03,0:0.97/4:0.03,0,2,2,0,-1,-1,-1,-1,-1,-1,-1,-1,-1,-1,-1
I5,0:0.01/-1:0.77/5:0.22,0:0.19/-1:0.77/5:0.04,0:0.19/-1:0.77/2:0.04,2,2,0,0:0.07/4:0.93,0,0,3,0,0,0,0:0.68/6:0.32,0:0.68/4:0.32,2,0,0,0:0.54/6:0.46,0:0.54/4:0.46,0,2,2,0,-1,-1,-1,-1,-1,-1,-1,-1,-1,-1,-1
M2.TTCGAAGCACATCCAA-1,-1,-1,-1,2,2,2,4,0,0,3,0,3,-1,-1,-1,2,0,0,-1,-1,-1,2,2,0,-1,-1,-1,-1,-1,-1,-1,-1,-1,-1,-1
clade_59,-1:0.98/5:0.02,0:0.01/-1:0.98/5:0.01,0:0.01/-1:0.98/2:0.01,2,2,0,4,0,0,3,0,0,0,0:0.31/6:0.69,0:0.31/4:0.69,-1:0.9/2:0.1,0:0.07/-1:0.9/0:0.004/2:0.004/3:0.004/4:0.004/5:0.004/6:0.004/7:0.004,0:0.07/-1:0.9/2:0.006/0:0.006/3:0.006/4:0.006/5:0.006,0:0.02/6:0.98,0:0.02/4:0.98,0,2,2,0,-1,-1,-1,-1,-1,-1,-1,-1,-1,-1,-1
M1.CTGAAACAGGATATAC-1,-1,-1,-1,2,2,7,4,0,2,3,0,0,0,6,4,-1,-1,-1,6,4,0,2,2,0,-1,-1,-1,-1,-1,-1,-1,-1,-1,-1,-1
M1.AAGGCAGAGAGTGAGA-1,-1,-1,-1,2,2,9,4,0,0,3,0,0,-1,-1,-1,-1,-1,-1,6,4,0,2,2,9,-1,-1,-1,-1,-1,-1,-1,-1,-1,-1,-1
M1.GCATACAAGCTCCCAG-1,5,5,2,2,2,6,0,5,2,3,4,7,-1,-1,-1,2,0,3,-1,-1,-1,2,2,7,-1,-1,-1,-1,-1,-1,-1,-1,-1,-1,-1
clade_70,5,0:0.02/4:0.98,0,2,2,0,0:0.34/6:0.66,0,0,-1:0.93/3:0.07,0:0.05/-1:0.93/2:0.004/0:0.004/3:0.004/4:0.004/5:0.004,0:0.05/-1:0.93/2:0.003/3:0.003/4:0.003/0:0.003/5:0.003/6:0.003/7:0.003/8:0.003,0:0.02/5:0.98,0:0.02/5:0.98,0:0.03/3:0.97,2,0,0,0,0,0,2,2,0,-1,-1,-1,-1,-1,-1,-1,-1,-1,-1,-1
M1.GTGAAGGTCGTGGACC-1,5,4,0,2,2,0,-1,-1,-1,-1,-1,-1,5,5,3,2,0,0,5,3,0,2,2,0,-1,-1,-1,-1,-1,-1,-1,-1,-1,-1,-1
M1.TGCGCAGGTCACACGC-1,5,4,0,2,2,0,6,0,0,-1,-1,-1,5,5,3,2,3,0,4,0,0,2,2,5,-1,-1,-1,-1,-1,-1,-1,-1,-1,-1,-1
Liv.CGATGGCAGAAACGAG-1,7,8,3,5,0,12,4,4,5,-1,-1,-1,0,8,0,0,0,0,7,5,5,-1,-1,-1,0,6,6,6,5,0,0,4,4,0,5
clade_1,0,0,0,0,0,0,0,0,0,0,0,0,0,0,0,0,0,0,0:0.99/3:0.01,0,0:0.99/3:0.01,0,0,0,0:0.98/2:0.02,0,0,0,0,0,0,0:0.91/3:0.09,0,0,0
M1.AGGGTGAAGATCCCGC-1,6,6,0,6,6,8,-1,-1,-1,0,0,0,7,7,5,0,0,4,-1,-1,-1,5,5,8,-1,-1,-1,0,0,0,0,3,0,4,4
clade_9,0:0.6/4:0.4,0:0.6/3:0.4,0,0:0.08/4:0.92,0:0.07/4:0.93,0:0.04/5:0.96,0,0,0,0,0,0,0:0.09/4:0.91,0,0,0:0.6/4:0.4,0:0.6/6:0.4,0,0:0.58/3:0.42,0,0:0.58/3:0.42,0,0:0.1/3:0.9,0,0:0.1/2:0.9,0,0,0,0,0,0,0:0.09/3:0.91,0,0,0:0.08/3:0.92
clade_10,0:0.04/4:0.96,0:0.04/3:0.96,0,4,4,5,0,0,0,0,0,5,4,4,0,-1,-1,-1,3,0,3,0,3,4,2,0,2,-1,-1,-1,0,3,2,2,3
M1.TGGACGCTCCGCATAA-1,4,3,0,4,4,5,0,0,0,0,0,5,4,4,0,-1,-1,-1,3,0,3,0,3,4,2,0,2,-1,-1,-1,0,3,2,2,3
M1.CGTTCTGGTTGGAGGT-1,-1,-1,-1,4,4,5,0,0,0,0,0,5,4,4,0,-1,-1,-1,3,0,3,0,3,4,2,0,2,-1,-1,-1,0,3,2,2,3
clade_13,0:0.05/-1:0.87/4:0.08,0:0.05/-1:0.87/3:0.08,0:0.09/-1:0.87/0:0.013/2:0.013/3:0.013,4,4,5,0,0,0:0.04/6:0.96,0:0.04/6:0.96,0:0.05/5:0.95,0,0:0.04/4:0.96,0,0,0:0.26/4:0.74,0:0.26/6:0.74,0,0:0.05/-1:0.87/3:0.08,0:0.09/-1:0.87/2:0.008/0:0.008/3:0.008/4:0.008/5:0.008,0:0.05/-1:0.87/3:0.08,0,0:0.01/3:0.99,0,0:0.01/2:0.99,0,0,0,0,0,0,0:0.01/3:0.99,0,0,3
M1.CATTCGCCATAGTAAG-1,-1,-1,-1,4,4,5,0,6,6,6,5,0,-1,-1,-1,-1,-1,-1,-1,-1,-1,0,3,0,2,0,0,5,4,0,3,3,0,0,3
M1.CAGTCCTGTTCACCTC-1,-1,-1,-1,4,4,5,0,0,6,6,5,8,4,0,0,4,6,0,-1,-1,-1,5,3,0,2,5,5,0,0,0,0,3,3,0,3
