((((((RW.TCCACACAGCGCTCCA-1:0,RW.TGTATTCTCAGGCCCA-1:0)clade_108:1.409,RE.GTAACTGCAAAGGCGT-1:8.222)clade_106:3.074,LL.CTACGTCGTGGTCTCG-1:15.363)clade_5:0.637,(M1.GGTGCGTCATCGATTG-1:14.057,(((M1.CAAGTTGCATGTCCTC-1:10.05,(((RW.TTCCCAGAGAACAATC-1:6.337,((RW.TGAGGGAGTATTAGCC-1:1.952,RW.ACACCGGAGCACACAG-1:3.001)I20:0.05,RW.TACTTACGTAAACGCG-1:1.002)clade_48:3.335)clade_47:4.715,(RW.TATCAGGGTCTAGCCG-1:7.006,RW.CACATAGAGTTCGCGC-1:8.013)I19:0.003)clade_41:1.046,LL.GAACATCAGCCCTAAT-1:13.061)clade_40:0.989)clade_37:0.985,(((RE.CAAGGCCCATGCATGT-1:4.002,((RE.ATCATCTGTCTGCCAG-1:4.141,RE.TCACGAAGTACCCAAT-1:5.141)clade_25:0.329,(RE.GTCGTAATCCAGTATG-1:2.03,RE.GGTGTTATCTAACTGG-1:1.03)clade_21:3.972)I18:1.531)I17:0.005,RE.GGTGCGTAGAAGGCCT-1:10.006)clade_16:1.003,(((RE.ACCAGTATCGCAGGCT-1:1.02,RE.CAGTAACTCGTACGGC-1:3.02)clade_9:1.982,RE.CTCTGGTGTCGCGGTT-1:4.002)I16:0.003,RE.CAGGTGCGTTCAGTAC-1:7.005)clade_8:2.005)clade_7:2.025)I15:2.993,((((LL.GCTCTGTCACTTCTGC-1:5,(LL.CCCTCCTCATGGTTGT-1:2,LL.CGCTATCAGCGTAATA-1:1)I14:0)I13:0,((((((LL.TACCTTACAATGCCAT-1:1,LL.GCTTGAAGTGGTTTCA-1:0)I12:0,LL.ATGAGGGGTGACTACT-1:3)I11:0,LL.ATTCTACTCTAAGCCA-1:5)I10:0,LL.GTACTCCAGCGATGAC-1:6)I9:0,((LL.GTAACTGCAGTTTACG-1:4.112,LL.TAGTTGGCATAGGATA-1:3.931)clade_87:1.094,LL.CTGTTTAAGCAGCCTC-1:4.025)clade_86:1.975)I8:0.004,LL.ACTGAACGTAGGCTGA-1:8.004)clade_80:0.996)I7:0,((LL.AGGGATGTCCTCTAGC-1:1.044,(LL.CGTTGGGGTCATGCCG-1:3.067,LL.ATCTGCCGTCAGATAA-1:3.075)clade_73:0.965)clade_72:7.968,((((LL.GTGTGCGAGACTAAGT-1:0.051,LL.TGGTTCCCAGCAGTTT-1:6.051)clade_67:0.949,LL.CGAATGTAGTAGGTGC-1:2)I6:0.002,LL.TAAGTGCGTGTTCGAT-1:7.003)clade_64:1.998,(LL.CATTCGCGTCAAAGAT-1:2,LL.GATGAGGGTTCGGGCT-1:1)I5:0)I4:0.008)clade_61:0.992)I3:0.023,((LL.CTCGAGGCAACTTGAC-1:0,LL.AGTTGGTAGTACGACG-1:0)clade_104:16.421,LL.ACGAGGATCCACTCCA-1:7.344)clade_100:0.719)clade_59:5.942)clade_32:0.094)I2:0.943)I1:0,Liv.TTAGTTCTCGCCGTGA-1:17)root:0)I0;
I0,0,0,0,0,0,0,0,0,0,0,0,0,0,0,0,0,0,0,0,0,0,0,0,0,0,0,0
root,0,0,0,0,0,0,0,0,0,0,0,0,0,0,0,0,0,0,0,0,0,0,0,0,0,0,0
Liv.TTAGTTCTCGCCGTGA-1,5,5,0,6,7,2,3,5,0,6,7,0,0,6,0,-1,-1,-1,2,0,0,2,2,3,0,0,0
I1,0,0,0,0,0,0,0,0,0,0,0,0,0,0,0,0,0,0,0,0,0,0,0,0,0,0,0
I2,0,0,0,0,0,0,0:0.06/2:0.94,0,0,0,0,0,0,0,0,0,0,0,0,0,0,0,0,0,0,0,0
clade_32,0,0,0,0,0,0,0:0.03/2:0.97,0,0,0,0,0,0,0,0,0,0,0,0,0,0,0:0.97/2:0.03,0,0:0.97/4:0.03,0,0,0
clade_59,0,0,0,0,0,6,2,0,0,0,0,0,0,0,0,0,0,0,0,0,0,0:0.01/2:0.99,0,4,-1,-1,-1
clade_100,0,0:0.96/8:0.04,0,0,0,6,2,0,0:0.96/3:0.04,0:0.44/2:0.56,0,0,0,0,0:0.96/5:0.04,0,0:0.96/8:0.04,0,0,0,0,2,0,4,-1,-1,-1
LL.ACGAGGATCCACTCCA-1,0,8,0,5,0,6,2,0,3,2,0,0,0,0,5,-1,-1,-1,0,0,0,2,0,4,-1,-1,-1
clade_104,-1,-1,-1,10,0,6,-1,-1,-1,2,11,9,-1,-1,-1,0,8,0,7,7,6,2,0,4,-1,-1,-1
LL.AGTTGGTAGTACGACG-1,-1,-1,-1,10,0,6,-1,-1,-1,2,11,9,-1,-1,-1,0,8,0,7,7,6,2,0,4,-1,-1,-1
LL.CTCGAGGCAACTTGAC-1,-1,-1,-1,10,0,6,-1,-1,-1,2,11,9,-1,-1,-1,0,8,0,7,7,6,2,0,4,-1,-1,-1
I3,0,0,0,0,0,6,2,0,0,0,0,0,0,0,0,0,0,0,0,0,0,2,0,4,-1,-1,-1
clade_61,0,0,0,0,0,6,2,0,0,0,0,0:0.01/6:0.99,0,0,0,0,0,0,0,0,0,2,0,4,-1,-1,-1
I4,0,0,0,0,0,6,2,0,0,0,0,6,0,0,0,0,0,0,0,0,0,2,0,4,-1,-1,-1
I5,0,0,0,0,0,6,2,0,0,0,0,6,0,0,0,0,0,0,0,0,0,2,0,4,-1,-1,-1
LL.GATGAGGGTTCGGGCT-1,6,0,0,0,0,6,2,0,0,0,0,6,0,0,0,0,0,0,0,0,0,2,0,4,-1,-1,-1
LL.CATTCGCGTCAAAGAT-1,0,0,8,0,0,6,2,0,0,2,0,6,0,0,0,0,0,0,0,0,0,2,0,4,-1,-1,-1
clade_64,0,0,0,0,0,6,2,0,0,0,0,6,4,7,0,0,0,0,0,0,0,2,0,4,-1,-1,-1
LL.TAAGTGCGTGTTCGAT-1,0,6,0,7,9,6,2,0,0,0,8,6,4,7,0,0,5,0,0,0,4,2,3,4,-1,-1,-1
I6,0,0,0,0,0,6,2,0,0,0,0,6,4,7,0,0,0,0,0,0,0,2,0,4,-1,-1,-1
LL.CGAATGTAGTAGGTGC-1,0,0,6,12,0,6,2,0,0,0,0,6,4,7,0,0,0,0,0,0,0,2,0,4,-1,-1,-1
clade_67,0,0,0:0.05/5:0.95,0,0,6,2,0,0,0,0,6,4,7,0,0,0,0,0,0,0,2,0,4,-1,-1,-1
LL.TGGTTCCCAGCAGTTT-1,0,0,5,5,0,6,2,3,2,0,0,6,4,7,0,-1,-1,-1,0,0,0,2,0,4,-1,-1,-1
LL.GTGTGCGAGACTAAGT-1,0,0,5,0,0,6,2,0,0,0,0,6,4,7,0,0,0,0,0,0,0,2,0,4,-1,-1,-1
clade_72,0,0,0,0:0.01/5:0.99,0,6,2,0,0,7,0,6,0:0.01/8:0.99,0:0.01/9:0.99,0,-1:0.99/2:0.001/0:0.001/3:0.001/4:0.001/5:0.001/6:0.001/7:0.001,-1:0.99/2:0.001/0:0.001/3:0.001/4:0.001/5:0.001/6:0.001/7:0.001/8:0.001,-1:0.99/0:0.003/2:0.003/3:0.003,0,0,-1:0.99/2:0.002/0:0.002/3:0.002/4:0.002/5:0.002/6:0.002,2,0,4,-1,-1,-1
clade_73,0,0,0,5,0,6,2,0,0,7,0,6,0:0.01/8:0.99,0:0.01/9:0.99,0,-1,-1,-1,0,0:0.06/3:0.94,-1,2,0,4,-1,-1,-1
LL.ATCTGCCGTCAGATAA-1,0,0,0,-1,-1,-1,2,0,0,7,0,6,8,9,0,-1,-1,-1,0,3,-1,2,0,4,-1,-1,-1
LL.CGTTGGGGTCATGCCG-1,0,0,0,5,0,6,2,0,0,7,0,6,-1,-1,-1,-1,-1,-1,0,3,-1,2,0,4,-1,-1,-1
LL.AGGGATGTCCTCTAGC-1,0,0,0,5,0,6,2,0,0,7,0,6,8,9,0,-1,-1,-1,9,0,-1,2,0,4,-1,-1,-1
I7,0,0,0,0,0,6,2,0,0,0,0,0,0,0,0,0,0,0,0,0,0,2,0,4,-1,-1,-1
clade_80,0,0,6,0,0,6,2,0,0,0,0,0,0,0,0,0,0,0,0,0,0,2,0,4,-1,-1,-1
LL.ACTGAACGTAGGCTGA-1,0,0,6,0,0,6,-1,-1,-1,0,0,0,0,10,4,-1,-1,-1,0,0,0,2,0,4,-1,-1,-1
I8,0,0,6,0,0,6,2,0,0,0,0,0,0,0,0,0,0,0,0,0,0,2,0,4,-1,-1,-1
clade_86,0:0.01/4:0.99,0:0.01/2:0.99,6,0,0,6,2,0,0,0,0,0,0,0,0,0,0,0,0,0,0,2,0,4,-1,-1,-1
LL.CTGTTTAAGCAGCCTC-1,4,2,6,0,0,6,2,0,4,0,0,0,0,0,0,0,7,0,0,6,5,2,0,4,-1,-1,-1
clade_87,4,2,6,0,0,6,2,0,0,0,0,0,0,0,0:0.11/3:0.89,0:0.82/4:0.18,0,0,0,0,0,2,0,4,-1,-1,-1
LL.TAGTTGGCATAGGATA-1,4,2,6,0,8,6,2,0,0,7,0,0,5,0,3,4,0,0,0,0,0,2,0,4,-1,-1,-1
LL.GTAACTGCAGTTTACG-1,4,2,6,0,0,6,2,0,0,0,9,0,0,0,3,-1,-1,-1,0,0,0,2,0,4,-1,-1,-1
I9,0,0,6,0,0,6,2,0,0,0,0,0,0,0,0,0,0,0,0,0,0,2,0,4,-1,-1,-1
LL.GTACTCCAGCGATGAC-1,0,7,6,8,0,6,2,0,0,0,0,0,6,0,0,0,6,3,0,2,0,2,0,4,-1,-1,-1
I10,0,0,6,0,0,6,2,0,0,0,0,0,0,0,0,0,0,0,0,0,0,2,0,4,-1,-1,-1
LL.ATTCTACTCTAAGCCA-1,0,0,6,0,0,6,2,0,0,9,12,10,0,2,0,0,0,0,8,0,0,2,0,4,-1,-1,-1
I11,0,0,6,0,0,6,2,0,0,0,0,0,0,0,0,0,0,0,0,0,0,2,0,4,-1,-1,-1
LL.ATGAGGGGTGACTACT-1,0,0,6,7,9,6,2,0,0,0,0,0,0,0,0,7,0,0,0,0,0,2,0,4,-1,-1,-1
I12,0,0,6,0,0,6,2,0,0,0,0,0,0,0,0,0,0,0,0,0,0,2,0,4,-1,-1,-1
LL.GCTTGAAGTGGTTTCA-1,0,0,6,0,0,6,2,0,0,0,0,0,0,0,0,0,0,0,0,0,0,2,0,4,-1,-1,-1
LL.TACCTTACAATGCCAT-1,0,0,6,0,0,6,2,0,0,0,0,0,3,0,0,0,0,0,0,0,0,2,0,4,-1,-1,-1
I13,0,0,0,0,0,6,2,0,0,0,0,0,0,0,0,0,0,0,0,0,0,2,0,4,-1,-1,-1
I14,0,0,0,0,0,6,2,0,0,0,0,0,0,0,0,0,0,0,0,0,0,2,0,4,-1,-1,-1
LL.CGCTATCAGCGTAATA-1,0,0,7,0,0,6,2,0,0,0,0,0,0,0,0,0,0,0,0,0,0,2,0,4,-1,-1,-1
LL.CCCTCCTCATGGTTGT-1,0,0,0,0,0,6,2,0,0,0,0,0,0,0,0,2,0,0,0,0,-1,2,0,4,-1,-1,-1
LL.GCTCTGTCACTTCTGC-1,0,0,0,0,0,6,-1,-1,-1,0,0,7,0,0,0,0,0,0,6,0,0,2,0,4,-1,-1,-1
I15,0,0,0,0,0,0,2,0,0,0,0,0,0,0,0,0,0,0,0,0,0,0:0.01/-1:0.99,0:0.01/-1:0.99,0:0.01/-1:0.99,0,0,0
clade_7,0,0,0,0,0,0,2,0,0,0,0,0,0,2,0,0,0,0,0,0,0:0.01/3:0.99,-1,-1,-1,0,0,0
clade_8,0,0,0,0,0,0,2,0,0,0,0,0,0,2,0,0,0,0,0,0,3,-1,-1,-1,6,5,0
RE.CAGGTGCGTTCAGTAC-1,0,0,0,-1,-1,-1,-1,-1,-1,0,0,0,0,2,0,0,0,0,0,2,3,-1,-1,-1,6,5,0
I16,0,0,0,0,0,0,2,0,0,0,0,0,0,2,0,0,0,0,0,0,3,-1,-1,-1,6,5,0
RE.CTCTGGTGTCGCGGTT-1,4,2,0,0,0,4,2,0,0,0,0,3,0,2,0,0,0,0,0,0,3,-1,-1,-1,6,5,0
clade_9,0,0,0,0,0,0,2,0,0,0,0,0,0,2,0,0:0.01/6:0.99,0:0.01/4:0.99,0,0,0,3,-1,-1,-1,6,5,0
RE.CAGTAACTCGTACGGC-1,0,3,0,0,0,0,2,3,2,0,0,0,0,2,0,6,4,0,0,0,3,-1,-1,-1,6,5,0
RE.ACCAGTATCGCAGGCT-1,0,0,0,0,0,0,2,0,0,0,0,0,0,2,0,6,4,2,0,0,3,-1,-1,-1,6,5,0
clade_16,0,0,0:0.01/3:0.99,0,0,0,2,0,0,0,0,0,0,2,0,0,0,0,0,0,3,-1,-1,-1,0,0,0
RE.GGTGCGTAGAAGGCCT-1,0,0,3,0,0,0,2,4,0,0,4,0,3,2,0,-1,-1,-1,0,0,-1,-1,-1,-1,5,4,3
I17,0,0,3,0,0,0,2,0,0,0,0,0,0,2,0,0,0,0,0,0,3,-1,-1,-1,0,0,0
I18,0,0,3,0,0,0,2,0,0,0,0,0,0,2,0,0,0,0,0,0,3,-1,-1,-1,0:0.23/4:0.77,0:0.24/3:0.76,0
clade_21,0,0,3,5,0,0,2,0,0,0,0,0,0,2,0,0,0,0,0,0,3,-1,-1,-1,-1:0.99/4:0.01,-1:0.99/3:0.01,0:0.01/-1:0.99
RE.GGTGTTATCTAACTGG-1,0,0,3,5,0,0,2,0,0,0,0,0,0,2,0,0,0,0,3,0,3,-1,-1,-1,-1,-1,-1
RE.GTCGTAATCCAGTATG-1,0,0,3,5,0,0,2,0,0,5,0,0,0,2,0,4,0,0,0,0,3,-1,-1,-1,-1,-1,-1
clade_25,0,0,3,0,0,0,2,0,0,0,0,0,0,2,0,0,0,0,0,0,3,-1,-1,-1,0:0.07/4:0.93,0:0.08/3:0.92,0
RE.TCACGAAGTACCCAAT-1,0,0,3,0,0,0,2,0,0,4,3,3,0,2,0,0,0,0,-1,-1,3,-1,-1,-1,4,3,0
RE.ATCATCTGTCTGCCAG-1,0,0,3,0,0,0,2,0,0,0,5,0,0,2,0,-1,-1,-1,0,0,3,-1,-1,-1,4,3,0
RE.CAAGGCCCATGCATGT-1,0,0,3,0,5,5,2,0,0,0,0,0,0,2,0,0,0,0,0,3,3,-1,-1,-1,0,0,4
clade_37,0,0,0:0.04/2:0.96,0,0,0,2,0,0,0,0,0,0,0,0,0,0,0,0,0,0,-1,-1,-1,0,0,0
clade_40,0,0,2,0,0,0,2,0,0,0,0,0,0,0,0,0,0,0,0:0.06/2:0.94,0,0,-1,-1,-1,0,0,0
LL.GAACATCAGCCCTAAT-1,7,0,2,9,0,7,-1,-1,-1,8,10,8,0,0,0,0,0,0,2,5,0,-1,-1,-1,-1,-1,-1
clade_41,0,0,2,0,0,0,2,0,0,0,0,0,0:0.01/2:0.99,0,0,0,0,0,0:0.01/2:0.99,0,0,-1,-1,-1,0,0,0
I19,0,0,2,0,0,0,2,0,0,0,0,0,0:0.01/2:0.99,0,0,0,0,0,0:0.01/2:0.99,0,0,-1,-1,-1,0,0,0
RW.CACATAGAGTTCGCGC-1,3,0,2,0,4,0,2,3,2,0,2,0,2,0,0,0,0,0,2,0,0,-1,-1,-1,3,2,2
RW.TATCAGGGTCTAGCCG-1,0,0,2,4,3,0,2,0,0,0,0,0,2,0,0,3,3,0,-1,-1,0,-1,-1,-1,2,0,0
clade_47,0:0.03/2:0.97,0,2,0,0,0,2,0,0,0,0,0,2,0,0,0,0,0,2,0,0:0.07/-1:0.92/2:0.002/0:0.002/3:0.002/4:0.002/5:0.002/6:0.002,-1,-1,-1,0:0.07/-1:0.92/2:0.001/3:0.001/4:0.001/5:0.001/6:0.001/0:0.001/7:0.001,0:0.07/-1:0.92/0:0.002/2:0.002/3:0.002/4:0.002/5:0.002/6:0.002,0:0.07/-1:0.92/0:0.003/2:0.003/3:0.003/4:0.003
clade_48,2,0,2,3,2,3,2,0,0,0,0,0,2,0,0,0,0,0,2,0,-1,-1,-1,-1,-1,-1,-1
RW.TACTTACGTAAACGCG-1,2,0,2,3,2,3,2,0,0,2,0,0,2,0,0,0,0,0,2,0,-1,-1,-1,-1,-1,-1,-1
I20,2,0,2,3,2,3,2,0:0.95/2:0.05,0,0,0,0,2,0,0,0,0,0,2,0,-1,-1,-1,-1,-1,-1,-1
RW.ACACCGGAGCACACAG-1,2,0,2,3,2,3,-1,-1,-1,0,0,0,2,0,0,0,0,0,2,0,-1,-1,-1,-1,-1,-1,-1
RW.TGAGGGAGTATTAGCC-1,2,0,2,3,2,3,2,2,0,3,0,0,2,0,0,0,0,0,2,0,-1,-1,-1,-1,-1,-1,-1
RW.TTCCCAGAGAACAATC-1,2,0,2,2,0,2,2,0,0,2,0,2,2,0,0,2,2,0,2,0,-1,-1,-1,-1,-1,-1,-1
M1.CAAGTTGCATGTCCTC-1,2,0,2,0,0,0,2,0,0,0,6,5,0,5,2,0,0,0,5,4,0,-1,-1,-1,-1,-1,-1
M1.GGTGCGTCATCGATTG-1,0,4,4,5,6,0,2,0,3,0,0,4,0,4,0,-1,-1,-1,4,3,0,0,0,2,7,0,0
clade_5,0,0,0:0.93/5:0.07,0,0,0,0,0,0,0,0,0,0,0,0,0,0,0,0,0,0,0,0,0,0:0.43/2:0.57,0,0
LL.CTACGTCGTGGTCTCG-1,0,0,5,11,0,0,-1,-1,-1,-1,-1,-1,7,8,0,0,6,3,8,3,0,0,0,0,2,6,0
clade_106,0:0.06/-1:0.93/2:0.001/0:0.001/3:0.001/4:0.001/5:0.001/6:0.001/7:0.001,0:0.06/-1:0.93/0:0.001/2:0.001/3:0.001/4:0.001/5:0.001/6:0.001/7:0.001/8:0.001,0:0.05/-1:0.93/5:0.02,0,0,0,0,0,0,0,0,0,0,0,0,0,0,0,0,0,0,0,0,0,0:0.19/2:0.81,0,0
RE.GTAACTGCAAAGGCGT-1,-1,-1,-1,0,0,0,-1,-1,-1,0,0,0,0,3,0,5,0,0,0,0,0,0,0,0,-1,-1,-1
clade_108,-1,-1,-1,0,0,0,0,0,0,0,0,0,0,0,0,0,0,0,0,0,2,0,0,0,2,0,0
RW.TGTATTCTCAGGCCCA-1,-1,-1,-1,0,0,0,0,0,0,0,0,0,0,0,0,0,0,0,0,0,2,0,0,0,2,0,0
RW.TCCACACAGCGCTCCA-1,-1,-1,-1,0,0,0,0,0,0,0,0,0,0,0,0,0,0,0,0,0,2,0,0,0,2,0,0
