((((M2.AAGGCAGGTTTAGGAA-1:6.166,M2.CTCTGGTAGGCATGGT-1:0.166)clade_2:2.108,(M1.TCGCGAGGTTGGTGGA-1:5.198,RW.GCTTCCATCCAAACTG-1:2.727)clade_5:3.547)I20:1.775,((Liv.GGGCACTCACCTCGGA-1:0.973,Liv.ACGATACAGATAGGAG-1:3.175)clade_54:8.283,((Liv.TCTTCGGGTGTGACGA-1:0.795,Liv.AACACGTAGGTAAACT-1:3.184)clade_46:6.265,(((Liv.AGATTGCTCGCTAGCG-1:3.016,(((Liv.AGTGTCAGTTGCCTCT-1:1,(Liv.CTCATTATCATGTCTT-1:0,Liv.AGCTCCTTCCCGACTT-1:0)I19:0)I18:0.003,Liv.TTCGGTCGTTGTCTTT-1:3.003)clade_16:0.001,Liv.AACTCCCGTAGGGACT-1:3.004)I17:0.012)I16:2.107,(Liv.AACTTTCTCGGTTCGG-1:2.011,Liv.CAGCTGGGTACTTAGC-1:0.528)I15:0.595)clade_12:2.904,((((((Liv.ATGGGAGAGAGTGAGA-1:1,Liv.GGGTTGCTCCTCAACC-1:1)I14:0,Liv.TATCTCATCCCTCAGT-1:1)I13:0,Liv.CTTAACTGTGTCGCTG-1:3)I12:0,Liv.AACTGGTGTGCGCTTG-1:4)I11:0,(Liv.CGTGAGCAGGCACATG-1:1.29,((((Liv.GACCTGGTCTTTAGGG-1:0,Liv.GCTGCTTGTGAGTGAC-1:0)I10:0,((Liv.CAAGTTGGTGCAACTT-1:0,Liv.CCTATTAGTGGAAAGA-1:0)I9:0,Liv.CTGAAGTCAGTAAGCG-1:0)I8:0)I7:0.013,Liv.ATCGAGTCAAGCTGTT-1:1.013)clade_25:3.218,Liv.GCCTCTAGTGTAAGTA-1:0.82)I6:2.492)clade_22:1.736)I5:0,(((Liv.GTATCTTCACGGTAAG-1:0.025,((Liv.TATGCCCGTACTTCTT-1:1.003,Liv.AGTGGGAGTATCACCA-1:1.003)I4:0.004,(Liv.CGTTCTGAGGCATGGT-1:0,Liv.GTGCAGCTCTGCGGCA-1:0)clade_33:1.007)clade_32:3.019)clade_31:0.997,((Liv.CAACCTCGTTCCAACA-1:0,Liv.CCCAGTTCACAGGTTT-1:0)clade_38:2.094,(Liv.CAGCGACGTTCGCGAC-1:5.172,Liv.GCGGGTTCAAGCTGTT-1:4.025)clade_36:2.058)I3:0.928)clade_30:0.978,(Liv.TTCCCAGTCCACGTGG-1:0.123,Liv.GATCGCGCAAGAAAGG-1:3.123)clade_51:2.893)I2:0)clade_21:0.957)I1:0.057)clade_11:1.197)clade_10:3.789)root:0)I0;
I0,0,0,0,0,0,0,0,0,0,0,0,0,0,0,0
root,0,0,0,0,0,0,0,0,0,0,0,0,0,0,0
clade_10,0:0.05/3:0.95,0:0.05/3:0.95,0,0,0,0,0,0,0,0,0:0.05/3:0.95,0:0.07/2:0.93,0,0,0
clade_11,3,3,0,0:0.01/4:0.99,0,0,0,0,0,0,3,2,0,0,0
I1,3,3,0,4,0,0:0.95/4:0.05,0,0,0,0,3,2,0,0,0
clade_21,3,3,0,4,0,4,0,0,0,0,3,2,0,0,0
I2,3,3,0,4,0,4,0,0,0,0,3,2,0,0,0
clade_51,3,3,0:0.03/-1:0.96/2:0.001/0:0.001/3:0.001/4:0.001/5:0.001/6:0.001/7:0.001/8:0.001/9:0.001,-1:0.96/4:0.04,0:0.03/-1:0.96/2:0.003/3:0.003/0:0.003/4:0.003,4,0,0,0,0,3,2,0,0,0
Liv.GATCGCGCAAGAAAGG-1,3,3,-1,-1,-1,-1,-1,-1,0,0,3,2,0,0,0
Liv.TTCCCAGTCCACGTGG-1,3,3,-1,-1,-1,4,0,0,0,0,3,2,0,0,0
clade_30,3,3,0,4,0,4,0,0,0,0,3,2,0,0,0:0.02/3:0.98
I3,3,3,0:0.19/8:0.81,4,0,4,0,0:0.89/5:0.11,0,0,3,2,0,0,0:0.01/3:0.99
clade_36,3,3,0:0.15/8:0.85,4,0,-1:0.66/4:0.34,0:0.32/-1:0.66/2:0.004/0:0.004/3:0.004/4:0.004/5:0.004,0:0.29/-1:0.66/5:0.05,0,0,3,2,0,0,0:0.01/3:0.99
Liv.GCGGGTTCAAGCTGTT-1,3,3,-1,-1,-1,-1,-1,-1,0,0,3,2,0,0,3
Liv.CAGCGACGTTCGCGAC-1,3,3,8,4,0,-1,-1,-1,-1,-1,3,2,0,-1,-1
clade_38,3,3,8,4,0,4,0,5,4,0,3,2,0,0,3
Liv.CCCAGTTCACAGGTTT-1,3,3,8,4,0,4,0,5,4,0,3,2,0,0,3
Liv.CAACCTCGTTCCAACA-1,3,3,8,4,0,4,0,5,4,0,3,2,0,0,3
clade_31,3,3,0:0.02/6:0.98,4,0,4,0,0,0,0,3,2,0,0,3
clade_32,3,3,6,4,0,-1,-1,-1,0,0,3,2,0,0,3
clade_33,3,3,6,4,0,-1,-1,-1,0,0,3,2,2,0,3
Liv.GTGCAGCTCTGCGGCA-1,3,3,6,4,0,-1,-1,-1,0,0,3,2,2,0,3
Liv.CGTTCTGAGGCATGGT-1,3,3,6,4,0,-1,-1,-1,0,0,3,2,2,0,3
I4,3,3,6,4,0,-1,-1,-1,0,0,3,2,0,0,3
Liv.AGTGGGAGTATCACCA-1,3,3,6,4,0,-1,-1,-1,5,0,3,2,0,0,3
Liv.TATGCCCGTACTTCTT-1,3,3,6,4,0,-1,-1,-1,3,0,3,2,0,0,3
Liv.GTATCTTCACGGTAAG-1,3,3,6,4,0,4,0,0,0,0,3,2,0,0,3
I5,3,3,0,4,0,4,0,0,0,0,3,2,0,0,0
clade_22,3,3,0,4,0,4,0,0,0:0.13/-1:0.86/0:0.002/2:0.002/3:0.002/4:0.002/5:0.002,0:0.13/-1:0.86/2:0.005/0:0.005,3,2,0,0,0
I6,3,3,0,4,0,4,0,0:0.59/4:0.41,0:0.01/-1:0.99,0:0.01/-1:0.99,3,2,0,0:0.09/-1:0.9/2:0.002/0:0.002/3:0.002/4:0.002/5:0.002/6:0.002,0:0.09/-1:0.9/2:0.002/0:0.002/3:0.002/4:0.002/5:0.002
Liv.GCCTCTAGTGTAAGTA-1,3,3,0,4,0,4,0,4,-1,-1,3,2,0,-1,-1
clade_25,3,3,0,4,0,-1,-1,-1,-1,-1,3,2,0,-1,-1
Liv.ATCGAGTCAAGCTGTT-1,3,3,9,4,0,-1,-1,-1,-1,-1,3,2,0,-1,-1
I7,3,3,0,4,0,-1,-1,-1,-1,-1,3,2,0,-1,-1
I8,3,3,0,4,0,-1,-1,-1,-1,-1,3,2,0,-1,-1
Liv.CTGAAGTCAGTAAGCG-1,3,3,0,4,0,-1,-1,-1,-1,-1,3,2,0,-1,-1
I9,3,3,0,4,0,-1,-1,-1,-1,-1,3,2,0,-1,-1
Liv.CCTATTAGTGGAAAGA-1,3,3,0,4,0,-1,-1,-1,-1,-1,3,2,0,-1,-1
Liv.CAAGTTGGTGCAACTT-1,3,3,0,4,0,-1,-1,-1,-1,-1,3,2,0,-1,-1
I10,3,3,0,4,0,-1,-1,-1,-1,-1,3,2,0,-1,-1
Liv.GCTGCTTGTGAGTGAC-1,3,3,0,4,0,-1,-1,-1,-1,-1,3,2,0,-1,-1
Liv.GACCTGGTCTTTAGGG-1,3,3,0,4,0,-1,-1,-1,-1,-1,3,2,0,-1,-1
Liv.CGTGAGCAGGCACATG-1,3,3,0,4,0,4,0,0,-1,-1,3,2,4,0,0
I11,3,3,0,4,0,4,0,0,0,0,3,2,0,0,0
Liv.AACTGGTGTGCGCTTG-1,3,3,0,4,4,4,5,0,0,0,-1,-1,0,0,0
I12,3,3,0,4,0,4,0,0,0,0,3,2,0,0,0
Liv.CTTAACTGTGTCGCTG-1,3,3,0,4,0,4,0,0,0,0,3,2,3,4,4
I13,3,3,0,4,0,4,0,0,0,0,3,2,0,0,0
Liv.TATCTCATCCCTCAGT-1,3,3,0,4,0,4,0,0,0,0,3,2,0,3,0
I14,3,3,0,4,0,4,0,0,0,0,3,2,0,0,0
Liv.GGGTTGCTCCTCAACC-1,3,3,0,4,0,4,0,2,0,0,3,2,0,0,0
Liv.ATGGGAGAGAGTGAGA-1,3,3,0,4,0,4,0,0,0,0,3,2,0,0,5
clade_12,3,3,0,4,0,0:0.03/-1:0.96/4:0.01,0:0.03/-1:0.96/2:0.002/0:0.002/3:0.002/4:0.002/5:0.002,0:0.03/-1:0.96/0:0.002/2:0.002/3:0.002/4:0.002/5:0.002,0,0,3,2,0,0,0
I15,3,3,0,4,0,-1,-1,-1,0,0,3,2,0,0:0.52/5:0.48,0
Liv.CAGCTGGGTACTTAGC-1,3,3,0,4,0,-1,-1,-1,0,0,3,2,0,5,0
Liv.AACTTTCTCGGTTCGG-1,3,3,0,4,0,-1,-1,-1,0,0,3,2,0,-1,-1
I16,3,3,0,4,0,-1,-1,-1,0:0.01/-1:0.99,0:0.01/-1:0.99,3,2,0,0,0
I17,3,3,0,4,0,-1,-1,-1,-1,-1,3,2,0,0,0
Liv.AACTCCCGTAGGGACT-1,3,3,0,4,0,-1,-1,-1,-1,-1,-1,-1,5,0,0
clade_16,3,3,0,4,0,-1,-1,-1,-1,-1,3,2,0,0,0
Liv.TTCGGTCGTTGTCTTT-1,3,3,4,4,0,-1,-1,-1,-1,-1,3,2,0,2,2
I18,3,3,0,4,0,-1,-1,-1,-1,-1,3,2,0,0,0
I19,3,3,0,4,0,-1,-1,-1,-1,-1,3,2,0,0,0
Liv.AGCTCCTTCCCGACTT-1,3,3,0,4,0,-1,-1,-1,-1,-1,3,2,0,0,0
Liv.CTCATTATCATGTCTT-1,3,3,0,4,0,-1,-1,-1,-1,-1,3,2,0,0,0
Liv.AGTGTCAGTTGCCTCT-1,3,3,0,4,0,-1,-1,-1,-1,-1,3,2,0,6,0
Liv.AGATTGCTCGCTAGCG-1,3,3,0,4,0,-1,-1,-1,-1,-1,3,2,-1,-1,-1
clade_46,3,3,0:0.01/5:0.99,4,0,0:0.31/5:0.69,0:0.31/3:0.69,0,0:0.03/-1:0.96/0:0.002/2:0.002/3:0.002/4:0.002/5:0.002,0:0.03/-1:0.96/2:0.005/0:0.005,3,2,0,0:0.03/-1:0.96/2:0.002/0:0.002/3:0.002/4:0.002/5:0.002/6:0.002,0:0.03/-1:0.96/2:0.002/0:0.002/3:0.002/4:0.002/5:0.002
Liv.AACACGTAGGTAAACT-1,3,3,5,4,0,-1,-1,-1,-1,-1,3,2,0,-1,-1
Liv.TCTTCGGGTGTGACGA-1,3,3,5,4,0,5,3,0,-1,-1,3,2,0,-1,-1
clade_54,3,3,0:0.01/7:0.99,0:0.01/5:0.99,0,0:0.27/4:0.73,0:0.27/4:0.73,0:0.27/3:0.73,0:0.03/-1:0.96/0:0.002/2:0.002/3:0.002/4:0.002/5:0.002,0:0.03/-1:0.96/2:0.005/0:0.005,3,2,0,0:0.03/-1:0.96/2:0.002/0:0.002/3:0.002/4:0.002/5:0.002/6:0.002,0:0.03/-1:0.96/2:0.002/0:0.002/3:0.002/4:0.002/5:0.002
Liv.ACGATACAGATAGGAG-1,3,3,7,5,0,-1,-1,-1,-1,-1,3,2,0,-1,-1
Liv.GGGCACTCACCTCGGA-1,3,3,7,5,0,4,4,3,-1,-1,3,2,0,-1,-1
I20,0,0,0,0,0,0,0,0,0,0,0,0,0,0:0.11/-1:0.87/2:0.003/0:0.003/3:0.003/4:0.003/5:0.003/6:0.003,0:0.11/-1:0.87/2:0.004/0:0.004/3:0.004/4:0.004/5:0.004
clade_5,0,0,0:0.03/2:0.97,0:0.06/2:0.94,0:0.06/2:0.94,0,0,0,0,0:0.53/2:0.47,0,0,0,0:0.01/-1:0.98/2:0.002/0:0.002/3:0.002/4:0.002/5:0.002/6:0.002,0:0.01/-1:0.98/2:0.002/0:0.002/3:0.002/4:0.002/5:0.002
RW.GCTTCCATCCAAACTG-1,0,0,2,2,2,2,2,0,0,2,0,0,0,-1,-1
M1.TCGCGAGGTTGGTGGA-1,2,2,2,2,2,3,0,0,-1,-1,0,0,0,-1,-1
clade_2,0,0,0,0:0.06/3:0.94,0:0.06/3:0.94,0,0,0,0,0,0,0,0,0:0.01/-1:0.98/2:0.002/0:0.002/3:0.002/4:0.002/5:0.002/6:0.002,0:0.01/-1:0.98/2:0.002/0:0.002/3:0.002/4:0.002/5:0.002
M2.CTCTGGTAGGCATGGT-1,0,0,0,3,3,0,0,0,0,0,0,0,0,-1,-1
M2.AAGGCAGGTTTAGGAA-1,0,0,3,3,3,-1,-1,-1,2,0,2,0,0,-1,-1
