(((((((((Liv.GGCTCGAAGGACCACA-1:7.148,(M2.CACATTTAGACGCTTT-1:2.546,M2.AGGTCATAGAGGTTGC-1:3.815)clade_33:3.602)clade_30:0.853,((RW.CATCAAGCACCAGGCT-1:5.664,RW.CACAGGCCAATTGCTG-1:4.664)I21:1.976,RE.AGTTGGTAGAATCTCC-1:5.982)clade_23:0.019)clade_22:1.999,((M2.GATCAGTTCTCAACTT-1:7.087,M1.ACACCCTTCAGCAACT-1:7.176)I20:1.501,Liv.TCTCTAAGTAGAGGAA-1:5.968)I19:0.032)I18:0,((M1.GGGTTGCTCAAGATCC-1:2.634,M1.CCCATACAGCTTCGCG-1:1.382)clade_18:1.005,RE.GTTCATTCACGCGAAA-1:6.038)clade_15:0.962)I17:0,((((((M1.CTAGTGAAGGTTACCT-1:0.004,M1.GGCGTGTGTCGACTAT-1:0.081)clade_53:5.988,M1.CAAGATCGTCAGAATA-1:7.727)clade_49:0.069,M1.ACTGCTCAGGACAGAA-1:5.078)I16:1.879,(M1.AAGGCAGAGATCGGGT-1:3,(M1.GTGTTAGCACAGAGGT-1:0.029,M1.ACAGCCGGTGCACGAA-1:1.39)clade_47:2.848)I15:0)clade_46:1.001,((((((LL.CGCGTTTTCAACGCTA-1:1,LL.CTAGTGATCGCCAAAT-1:0)I14:0.001,M1.GATCGTACAAACGCGA-1:2.092)clade_72:0.913,M1.CAGCAGCTCAGTACGT-1:3.171)I13:0.088,M1.TAGACCAGTATGAATG-1:2.001)clade_70:0.999,(((M1.AGAATAGCATATGGTC-1:4.467,M1.TGAAAGAAGATATGGT-1:1.307)clade_67:2.145,(M1.GTAGTCATCTCAAACG-1:0,M1.TTCTACAGTCTTGATG-1:1)I12:0)I11:0,M1.GTTCATTGTACAGTTC-1:3.493)I10:0)clade_62:1.967,M1.GACGTGCGTCCAAGTT-1:9.511)clade_61:0.034)I9:0.999,(((((M1.CAAGTTGGTAACGACG-1:2.016,M1.TCGCGTTTCTTGCATT-1:3.016)I8:0.034,(M1.AGTGGGAGTATGAATG-1:0.007,M1.CGCTATCAGACGACGT-1:0.007)clade_98:2.734)clade_96:7.068,M1.TATGCCCCACCAGGTC-1:2.937)clade_94:2.064,((((M1.GCGCGATAGCAGCCTC-1:0.052,M1.ACTATCTTCTGCTGCT-1:0)clade_87:2.029,M1.TTCGAAGAGATGTAAC-1:4.029)clade_83:0.971,(M2.AAGGCAGAGCACCGTC-1:0.618,M2.GATCGATCATGGGAAC-1:1.148)clade_90:3.852)I7:0,M1.TCTGAGACATATGAGA-1:8.397)I6:0.001)clade_82:0.905,M2.CTTCTCTAGGTAAACT-1:10.212)clade_45:0.094)I5:0)I4:0,(((M2.CATTCGCAGCTGTCTA-1:7.124,M2.TGCGCAGGTGCTTCTC-1:7.001)I3:0.001,(M2.TTCTCCTAGGTAGCTG-1:3.002,(M2.AACCGCGAGCAGATCG-1:7.736,(M2.CTGGTCTCAAGCCTAT-1:2.022,M2.CAAGATCTCTGTCTAT-1:2.453)clade_111:0.928)clade_110:0.052)clade_108:1)clade_105:1.046,(((M2.GGCGTGTTCACATAGC-1:3.093,M2.ACTTGTTTCAGTGCAT-1:4.093)clade_125:0.93,(RE.TGGCGCAGTGGAAAGA-1:9.008,M2.AGCGGTCGTTGTCGCG-1:1.88)clade_122:0.024)clade_121:5.268,M1.TATCTCATCTGAGGGA-1:11.218)clade_118:0.758)clade_104:0.952)I2:0,(RE.GTGGGTCGTCCTCTTG-1:9.757,M1.CTGGTCTCATAACCTG-1:9.453)clade_38:2.243)I1:0,(((M2.ATTGGACGTAAGGATT-1:7.944,(M2.AGTGTCATCTGTCCGT-1:4.08,M2.CTAATGGAGATATGCA-1:4.08)clade_12:1.027)clade_10:3.195,LL.CTAACTTTCAGGTAAA-1:9.281)clade_6:1.933,RE.TTGCCGTAGAAAGTGG-1:9.234)clade_4:0.766)root:0)I0;
I0,0,0,0,0,0,0,0,0,0,0,0,0,0,0,0,0,0,0,0,0,0,0,0
root,0,0,0,0,0,0,0,0,0,0,0,0,0,0,0,0,0,0,0,0,0,0,0
clade_4,0,0,0,0,0,0,0,0,0,0,0,0,0,0,0,0,0,0,0,0,0:0.23/2:0.77,0,0
RE.TTGCCGTAGAAAGTGG-1,3,2,2,3,0,0,0,0,0,2,0,0,0,0,0,2,0,0,2,0,2,2,2
clade_6,0,0,0,0,0,0,0,0,0,0,0,0,0,0,0,0,0,0:0.07/3:0.93,0:0.06/5:0.94,0,0:0.17/2:0.83,0,0
LL.CTAACTTTCAGGTAAA-1,0,2,2,0,0,6,8,0,14,0,12,0,0,0,0,11,0,3,5,0,0:0.04/-1:0.63/2:0.33,0:0.25/-1:0.63/2:0.011/0:0.011/3:0.011/4:0.011/5:0.011/6:0.011/7:0.011/8:0.011/9:0.011/10:0.011/11:0.011,0:0.25/-1:0.63/2:0.013/0:0.013/3:0.013/4:0.013/5:0.013/6:0.013/7:0.013/8:0.013/9:0.013
clade_10,0,0,0,0:0.02/3:0.98,0,0,0,0,0:0.01/7:0.99,0:0.01/6:0.99,0,0,0,0,0,0,0,3,5,0,0:0.06/2:0.94,0,0
clade_12,0,0,0,3,0,0,0,0,7,6,0,0:0.07/5:0.93,0,0,0,0,0,3,5,0,2,0,0
M2.CTAATGGAGATATGCA-1,0,0,0,3,0,0,0,0,7,6,0,5,8,2,7,0,6,3,5,0,2,0,0
M2.AGTGTCATCTGTCCGT-1,4,0,0,3,0,0,0,4,7,6,0,5,0,0,0,7,0,3,5,0,2,7,0
M2.ATTGGACGTAAGGATT-1,0,4,0,3,0,0,0,0,7,6,7,7,0,5,4,6,0,3,5,0,0:0.02/-1:0.56/2:0.42,0:0.33/-1:0.56/2:0.01/0:0.01/3:0.01/4:0.01/5:0.01/6:0.01/7:0.01/8:0.01/9:0.01/10:0.01/11:0.01,0:0.33/-1:0.56/2:0.012/0:0.012/3:0.012/4:0.012/5:0.012/6:0.012/7:0.012/8:0.012/9:0.012
I1,0,0,0,0,0,0,0,0,0,0,0,0,0,0,0,0,0,0,0,0,0,0,0
clade_38,0,0,0,0,0,0,0,0,0,0:0.14/4:0.86,0:0.12/4:0.88,0,0,0,0,0,0,0:0.83/2:0.17,0:0.83/4:0.17,0:0.83/3:0.17,0,0,0
M1.CTGGTCTCATAACCTG-1,6,9,6,0,0,0,0,0,0,4,4,0,0,7,8,0,9,0:0.21/-1:0.63/2:0.16,0:0.21/-1:0.63/4:0.16,0:0.21/-1:0.63/3:0.16,2,0,0
RE.GTGGGTCGTCCTCTTG-1,4,3,0,0,0,0,2,0,4,4,4,0,3,0,3,0,0,2,4,3,0,4,0
I2,0,0,0,0,0,0,0,0,0,0,0,0,0,0,0,0,0,0,0,0,0,0,0
clade_104,0,0:0.05/3:0.95,0,0,0,0,0,0,0,0,0,0,0,0,0,0,0,0,0,0,0,0,0
clade_118,0,0:0.04/3:0.96,0,0,0,0,0,0,0,0,0,0,0,0,0:0.25/5:0.75,0,0,0,0,0,0,0,0
M1.TATCTCATCTGAGGGA-1,0:0.24/-1:0.64/0:0.02/2:0.02/3:0.02/4:0.02/5:0.02/6:0.02,0:0.01/-1:0.64/3:0.35,0:0.24/-1:0.64/0:0.017/2:0.017/3:0.017/4:0.017/5:0.017/6:0.017/7:0.017,2,0,0,0:0.24/-1:0.64/0:0.015/2:0.015/3:0.015/4:0.015/5:0.015/6:0.015/7:0.015/8:0.015,0:0.24/-1:0.64/2:0.015/0:0.015/3:0.015/4:0.015/5:0.015/6:0.015/7:0.015/8:0.015,3,0,9,0,0,0,5,0,0,6,0,7,0:0.24/-1:0.64/2:0.011/3:0.011/4:0.011/0:0.011/5:0.011/6:0.011/7:0.011/8:0.011/9:0.011/10:0.011/11:0.011,0:0.24/-1:0.64/2:0.011/0:0.011/3:0.011/4:0.011/5:0.011/6:0.011/7:0.011/8:0.011/9:0.011/10:0.011/11:0.011,0:0.24/-1:0.64/2:0.013/0:0.013/3:0.013/4:0.013/5:0.013/6:0.013/7:0.013/8:0.013/9:0.013
clade_121,0,3,0,0:0.01/4:0.99,0:0.01/3:0.99,0,0,0,0,0,0,3,2,3,5,0,0,0,0,0,0,0,0
clade_122,0,3,0,0:0.01/4:0.99,0:0.01/3:0.99,0,0,0,0,0,0,3,2,3,5,0,0,0,0,0,0:0.98/3:0.02,0,0
M2.AGCGGTCGTTGTCGCG-1,0,3,0,4,3,0,0,0,0,0,0,3,2,3,5,0,0,0,0,0,0:0.37/-1:0.52/3:0.11,0:0.38/-1:0.52/2:0.009/0:0.009/3:0.009/4:0.009/5:0.009/6:0.009/7:0.009/8:0.009/9:0.009/10:0.009/11:0.009,0:0.38/-1:0.52/2:0.011/0:0.011/3:0.011/4:0.011/5:0.011/6:0.011/7:0.011/8:0.011/9:0.011
RE.TGGCGCAGTGGAAAGA-1,0:0.38/-1:0.52/0:0.017/2:0.017/3:0.017/4:0.017/5:0.017/6:0.017,-1:0.52/3:0.48,0:0.38/-1:0.52/0:0.014/2:0.014/3:0.014/4:0.014/5:0.014/6:0.014/7:0.014,-1:0.52/4:0.48,-1:0.52/3:0.48,0:0.38/-1:0.52/0:0.017/2:0.017/3:0.017/4:0.017/5:0.017/6:0.017,0,0,3,0,0,3,2,3,-1:0.52/5:0.48,0:0.38/-1:0.52/0:0.009/2:0.009/3:0.009/4:0.009/5:0.009/6:0.009/7:0.009/8:0.009/9:0.009/10:0.009/11:0.009,0:0.38/-1:0.52/2:0.009/0:0.009/3:0.009/4:0.009/5:0.009/6:0.009/7:0.009/8:0.009/9:0.009/10:0.009/11:0.009,0:0.38/-1:0.52/0:0.013/2:0.013/3:0.013/4:0.013/5:0.013/6:0.013/7:0.013/8:0.013,0:0.38/-1:0.52/0:0.01/2:0.01/3:0.01/4:0.01/5:0.01/6:0.01/7:0.01/8:0.01/9:0.01/10:0.01,0:0.38/-1:0.52/0:0.013/2:0.013/3:0.013/4:0.013/5:0.013/6:0.013/7:0.013/8:0.013,3,0,0
clade_125,0,3,0:0.09/3:0.91,4,3,0,0,0,0,0,0,3,2,3,5,0,0,0,0,0,0,0,0
M2.ACTTGTTTCAGTGCAT-1,0,3,3,4,3,4,0,0,0,0,0,3,2,3,5,8,0,6,0,0,0,0,5
M2.GGCGTGTTCACATAGC-1,0,3,3,4,3,0,4,0,0,0,0,3,2,3,5,0,0,0,6,0,6,0,0
clade_105,0,3,0,0,0,0,3,0,0,0,0,0,0,0,0,0,0,0,0,0,0,0,0
clade_108,0,3,0,0,0,0,3,0,0,0,0,0,0,0,4,0,0,0,0,0,0,0,0
clade_110,0,3,0,0,0,0,3,0,0,0,0,0,0,0,4,0,0,0:0.95/5:0.05,0,0,0,0,0
clade_111,0,3,0,0,0,0,3,0,0,0,0,0,0,0,4,0,0,0:0.02/5:0.98,0,0,0,0,0
M2.CAAGATCTCTGTCTAT-1,0,3,0,0,6,0,3,0,0,0,0,0,0,0,4,0,0,5,0,0,0:0.52/-1:0.39/2:0.008/3:0.008/4:0.008/0:0.008/5:0.008/6:0.008/7:0.008/8:0.008/9:0.008/10:0.008/11:0.008,0:0.52/-1:0.39/2:0.008/0:0.008/3:0.008/4:0.008/5:0.008/6:0.008/7:0.008/8:0.008/9:0.008/10:0.008/11:0.008,0:0.52/-1:0.39/2:0.01/0:0.01/3:0.01/4:0.01/5:0.01/6:0.01/7:0.01/8:0.01/9:0.01
M2.CTGGTCTCAAGCCTAT-1,0,3,0,0,0,0,3,0,0,0,0,0,0,0,4,5,0,5,0,5,0,0,0
M2.AACCGCGAGCAGATCG-1,0,3,0,0,0,0,3,0,8,0,8,0:0.38/-1:0.52/0:0.01/2:0.01/3:0.01/4:0.01/5:0.01/6:0.01/7:0.01/8:0.01/9:0.01/10:0.01,0:0.38/-1:0.52/0:0.008/2:0.008/3:0.008/4:0.008/5:0.008/6:0.008/7:0.008/8:0.008/9:0.008/10:0.008/11:0.008/12:0.008/13:0.008,0:0.38/-1:0.52/2:0.013/0:0.013/3:0.013/4:0.013/5:0.013/6:0.013/7:0.013/8:0.013,4,9,0,0:0.36/-1:0.52/5:0.12,0:0.38/-1:0.52/0:0.01/2:0.01/3:0.01/4:0.01/5:0.01/6:0.01/7:0.01/8:0.01/9:0.01/10:0.01,0:0.38/-1:0.52/0:0.013/2:0.013/3:0.013/4:0.013/5:0.013/6:0.013/7:0.013/8:0.013,0,0,6
M2.TTCTCCTAGGTAGCTG-1,0,3,0,0,0,2,3,0,0,5,0,0,0,0,4,0,0,0,0,0,0,0,3
I3,0,3,0,0,0,0,3,0,0,0,0,0,0,0,0,0,0,0,0,0,0,0,0
M2.TGCGCAGGTGCTTCTC-1,0,3,0,0,0,0,3,4,6,0,0,4,5,0,0,0,3,3,5,0,0,0,0
M2.CATTCGCAGCTGTCTA-1,0,3,0,0,0,0,3,0,8,0,0,6,0,0,0,0,7,5,0,6,0:0.29/-1:0.59/2:0.011/3:0.011/4:0.011/0:0.011/5:0.011/6:0.011/7:0.011/8:0.011/9:0.011/10:0.011/11:0.011,0:0.29/-1:0.59/2:0.011/0:0.011/3:0.011/4:0.011/5:0.011/6:0.011/7:0.011/8:0.011/9:0.011/10:0.011/11:0.011,0:0.29/-1:0.59/2:0.013/0:0.013/3:0.013/4:0.013/5:0.013/6:0.013/7:0.013/8:0.013/9:0.013
I4,0,0,0,0,0,0,0,0,0,0,0,0,0,0,0,0,0,0,0,0,0,0,0
I5,0,0,0,0,0,0,0,0,0,0,0,0,0,0,0,0,0,0,0,0,0,0,0
clade_45,0,0,0:0.91/4:0.09,0,0,0,0,0,0,0,0,0,0,0,0,0,0,0,0,0,0,0,0
M2.CTTCTCTAGGTAAACT-1,0:0.26/-1:0.62/0:0.02/2:0.02/3:0.02/4:0.02/5:0.02/6:0.02,0:0.26/-1:0.62/0:0.013/2:0.013/3:0.013/4:0.013/5:0.013/6:0.013/7:0.013/8:0.013/9:0.013,0:0.23/-1:0.62/4:0.15,0,4,3,5,4,0,0,0,0,0,4,0,0,0,0,0,0,3,5,4
clade_82,0,0,4,0,0,0,0,0,0,0,0,0,0,0,0,0,0,0,0,0,0,0,0
I6,0,0,4,0,0,0,0,0,0,0,0,0,0,0,0,0,0,0,0,0,0,0,0
M1.TCTGAGACATATGAGA-1,5,5,4,0,0,0,0:0.3/-1:0.59/0:0.014/2:0.014/3:0.014/4:0.014/5:0.014/6:0.014/7:0.014/8:0.014,0:0.3/-1:0.59/2:0.014/0:0.014/3:0.014/4:0.014/5:0.014/6:0.014/7:0.014/8:0.014,3,0,0,9,9,0,0,0,0,0,0,0,2,0,7
I7,0,0,4,0,0,0,0,0,0,0,0,0,0,0,0,0,0,0,0,0,0,0,0
clade_90,0,0,4,0,0,0,0,0,0,0,0:0.15/5:0.85,0,6,2,0,0,0,0,0,0,7,0,0
M2.GATCGATCATGGGAAC-1,0,0,4,0,0,0,0,0,0,0,5,0,6,2,0,0,4,0,0,0,7,0,0
M2.AAGGCAGAGCACCGTC-1,0,0,4,0,0,0,0,0,0:0.78/-1:0.18/2:0.003/3:0.003/0:0.003/4:0.003/5:0.003/6:0.003/7:0.003/8:0.003/9:0.003/10:0.003/11:0.003/12:0.003/13:0.003/14:0.003,0:0.78/-1:0.18/0:0.004/2:0.004/3:0.004/4:0.004/5:0.004/6:0.004/7:0.004/8:0.004/9:0.004/10:0.004,0:0.11/-1:0.18/5:0.71,0,6,2,0,0,0,0,0,0,7,0,0
clade_83,0,0,4,0,0,0,0,0,0,0,0,0,0,0,0,0,0,0,0,0,0,0,0:0.03/6:0.97
M1.TTCGAAGAGATGTAAC-1,0,0,4,3,0,0,0,0,0,0,0,0,0,0,0,0,2,0,8,0,8,0,6
clade_87,0,0,4,0,0,0,0,0,12,0,0,0,0,0,0,0,0,0,0,0,0,4,6
M1.ACTATCTTCTGCTGCT-1,0,0,4,0,0,0,0,0,12,0,0,0,0,0,0,0,0,0,0,0,0,4,6
M1.GCGCGATAGCAGCCTC-1,0,0,4,0,0,0,0:0.97/-1:0.02/0:0.001/2:0.001/3:0.001/4:0.001/5:0.001/6:0.001/7:0.001/8:0.001,0:0.97/-1:0.02/2:0.001/0:0.001/3:0.001/4:0.001/5:0.001/6:0.001/7:0.001/8:0.001,12,0,0,0,0,0,0,0,0,0,0,0,0,4,6
clade_94,0,0,4,0,0:0.08/7:0.92,0,0,0,0,0,0,0,0:0.05/10:0.95,0,0,0:0.81/10:0.19,0,0,0,0,0,0,0
M1.TATGCCCCACCAGGTC-1,0,0,4,0,7,0,0,7,0,0,0,0,10,0,0,10,0,0,0,0,0,9,0
clade_96,0,0,4,0,7,0:0.04/4:0.96,0,6,0,0,0,0,10,0,-1,-1,-1,5,0,0,0,0,7
clade_98,0,0,4,0:0.09/-1:0.9/2:0.002/0:0.002/3:0.002/4:0.002/5:0.002/6:0.002,-1:0.9/7:0.1,-1:0.9/4:0.1,0,6,0,0,0,0,10,0,-1,-1,-1,5,0,0,0,0,7
M1.CGCTATCAGACGACGT-1,0,0,4,0:0.08/-1:0.91/2:0.002/0:0.002/3:0.002/4:0.002/5:0.002/6:0.002,-1:0.91/7:0.09,-1:0.91/4:0.09,0,6,0,0,0,0,10,0,-1,-1,-1,5,0,0,0,0,7
M1.AGTGGGAGTATGAATG-1,0,0,4,0:0.08/-1:0.91/2:0.002/0:0.002/3:0.002/4:0.002/5:0.002/6:0.002,-1:0.91/7:0.09,-1:0.91/4:0.09,0,6,0,0,0,0,10,0,-1,-1,-1,5,0,0,0,0,7
I8,0,0,4,0,7,0:0.01/4:0.99,0,6,0,0,0,0,10,0,-1,-1,-1,5,0,0,0,0,7
M1.TCGCGTTTCTTGCATT-1,0,0,4,0,7,4,0,6,9,8,0,0,10,0,-1,-1,-1,5,0,0,9,0,7
M1.CAAGTTGGTAACGACG-1,0,0,4,6,7,4,0,6,0,0,11,0,10,0,-1,-1,-1,5,0,0,0,0,7
I9,0,0,3,0,0,0,0,0,0,0,0,0,0,0,0,0,0,0,0,0,0,0,0
clade_61,0,0,3,0,0,0,0:0.97/6:0.03,0,0,0,0,0,0,0,0,0,0,0,0,0,0,0,0
M1.GACGTGCGTCCAAGTT-1,0,8,3,0:0.3/-1:0.59/2:0.018/0:0.018/3:0.018/4:0.018/5:0.018/6:0.018,0:0.3/-1:0.59/0:0.014/2:0.014/3:0.014/4:0.014/5:0.014/6:0.014/7:0.014/8:0.014,0:0.3/-1:0.59/0:0.018/2:0.018/3:0.018/4:0.018/5:0.018/6:0.018,0:0.29/-1:0.59/6:0.12,0:0.3/-1:0.59/2:0.014/0:0.014/3:0.014/4:0.014/5:0.014/6:0.014/7:0.014/8:0.014,0,0,0,10,11,6,0,0,8,0,0,0,2,0,0
clade_62,0,0,3,0,0,0,6,0,0,0,0,8,0,0,0,0,0,0,0,0,0,0,0
I10,0,0,3,0,0,0,6,0,0,0,0,8,0,0,0,0,0,0,0,0,0,0,0
M1.GTTCATTGTACAGTTC-1,0,6,3,0,0,0,6,0,0:0.5/-1:0.41/2:0.006/3:0.006/0:0.006/4:0.006/5:0.006/6:0.006/7:0.006/8:0.006/9:0.006/10:0.006/11:0.006/12:0.006/13:0.006/14:0.006,0:0.5/-1:0.41/0:0.009/2:0.009/3:0.009/4:0.009/5:0.009/6:0.009/7:0.009/8:0.009/9:0.009/10:0.009,0:0.5/-1:0.41/2:0.007/0:0.007/3:0.007/4:0.007/5:0.007/6:0.007/7:0.007/8:0.007/9:0.007/10:0.007/11:0.007/12:0.007,8,0,0,0,0,0,5,0,0,0,0,0
I11,0,0,3,0,0,0,6,0,0,0,0,8,0,0,0,0,0,0,0,0,0,0,0
I12,0,0,3,0,0,0,6,0,0,0,0,8,0,0,0,0,0,0,0,0,0,0,0
M1.TTCTACAGTCTTGATG-1,0,0,3,0,0,0,6,0,0,0,0,8,0,0,0,0,0,0,7,0,0,0,0
M1.GTAGTCATCTCAAACG-1,0,0,3,0,0,0,6,0,0,0,0,8,0,0,0,0,0,0,0,0,0,0,0
clade_67,0:0.28/-1:0.7/0:0.003/2:0.003/3:0.003/4:0.003/5:0.003/6:0.003,0:0.28/-1:0.7/0:0.002/2:0.002/3:0.002/4:0.002/5:0.002/6:0.002/7:0.002/8:0.002/9:0.002,-1:0.7/3:0.3,0,0,0,6,0,0,0,0,8,0,0,0,0,0,0,0,0,0,0,0
M1.TGAAAGAAGATATGGT-1,0:0.18/-1:0.79/0:0.005/2:0.005/3:0.005/4:0.005/5:0.005/6:0.005,0:0.18/-1:0.79/0:0.003/2:0.003/3:0.003/4:0.003/5:0.003/6:0.003/7:0.003/8:0.003/9:0.003,-1:0.79/3:0.21,0,0,0,6,0,0,0,0,8,0,0,0,0,0,0,0,0,0,8,0
M1.AGAATAGCATATGGTC-1,0:0.18/-1:0.79/0:0.005/2:0.005/3:0.005/4:0.005/5:0.005/6:0.005,0:0.18/-1:0.79/0:0.003/2:0.003/3:0.003/4:0.003/5:0.003/6:0.003/7:0.003/8:0.003/9:0.003,-1:0.79/3:0.21,0,0,0,6,0,13,10,0,-1:0.3/8:0.7,0:0.63/-1:0.3/0:0.005/2:0.005/3:0.005/4:0.005/5:0.005/6:0.005/7:0.005/8:0.005/9:0.005/10:0.005/11:0.005/12:0.005/13:0.005,0:0.63/-1:0.3/2:0.009/0:0.009/3:0.009/4:0.009/5:0.009/6:0.009/7:0.009/8:0.009,0,0,0,0:0.63/-1:0.3/0:0.009/2:0.009/3:0.009/4:0.009/5:0.009/6:0.009/7:0.009/8:0.009,0:0.63/-1:0.3/0:0.007/2:0.007/3:0.007/4:0.007/5:0.007/6:0.007/7:0.007/8:0.007/9:0.007/10:0.007,0:0.63/-1:0.3/0:0.009/2:0.009/3:0.009/4:0.009/5:0.009/6:0.009/7:0.009/8:0.009,0,0,0
clade_70,0,0,3,0,0,0,6,0,0,0,0,8,0,0,2,0,0,0,0,0,0,0,0
M1.TAGACCAGTATGAATG-1,0,0,3,0,0,0,6,0,10,0,0,8,0,0,2,0,3,0,0,0,0,0,0
I13,0,0,3,0,0,0,6,0,0,0,0,8,0,0,2,0,0,0:0.91/5:0.09,0,0,0,0,0
M1.CAGCAGCTCAGTACGT-1,0,0,3,0,0,0,6,0,0,0,10,8,0,0,2,0,0,0:0.56/-1:0.32/5:0.12,0:0.61/-1:0.32/0:0.007/2:0.007/3:0.007/4:0.007/5:0.007/6:0.007/7:0.007/8:0.007/9:0.007/10:0.007,0:0.61/-1:0.32/0:0.009/2:0.009/3:0.009/4:0.009/5:0.009/6:0.009/7:0.009/8:0.009,2,0,0
clade_72,0,0,3,0,0,0,6,0,0,0,0,8,0,0,2,0,0,5,0,0,0,0,0
M1.GATCGTACAAACGCGA-1,0,0,3,0,0,0,-1:0.19/6:0.81,0:0.76/-1:0.19/2:0.006/0:0.006/3:0.006/4:0.006/5:0.006/6:0.006/7:0.006/8:0.006,3,0,0,-1:0.19/8:0.81,0:0.76/-1:0.19/0:0.004/2:0.004/3:0.004/4:0.004/5:0.004/6:0.004/7:0.004/8:0.004/9:0.004/10:0.004/11:0.004/12:0.004/13:0.004,0:0.76/-1:0.19/2:0.006/0:0.006/3:0.006/4:0.006/5:0.006/6:0.006/7:0.006/8:0.006,2,0,0,5,0,0,0,0,0
I14,0,0,3,0,0,0,6,0,0,0,0,8,0,0,2,0,0,5,0,0,0,0,0
LL.CTAGTGATCGCCAAAT-1,0,0,3,0,0,0,6,0,0,0,0,8,0,0,2,0,0,5,0,0,0,0,0
LL.CGCGTTTTCAACGCTA-1,0,0,3,0,0,0,6,8,0,0,0,8,0,0,2,0,0,5,0,0,0,0,0
clade_46,0,0,3,0,0,0,0,0,11,0,0,0,0,0,0,0,0,0,0,0,0,0,0
I15,0,0,3,0,0,0,0,0,11,0,0,0,0,0,0,0,0,0,0,0,0,0,0
clade_47,0:0.05/-1:0.94/0:0.002/2:0.002/3:0.002/4:0.002/5:0.002/6:0.002,0:0.05/-1:0.94/0:0.001/2:0.001/3:0.001/4:0.001/5:0.001/6:0.001/7:0.001/8:0.001/9:0.001,-1:0.94/3:0.06,0,0,0,0,0,11,0,0,0,0,0,0,0,0,0,0,0,0,0,0
M1.ACAGCCGGTGCACGAA-1,0:0.04/-1:0.95/0:0.002/2:0.002/3:0.002/4:0.002/5:0.002/6:0.002,0:0.04/-1:0.95/0:0.001/2:0.001/3:0.001/4:0.001/5:0.001/6:0.001/7:0.001/8:0.001/9:0.001,-1:0.95/3:0.05,0,0,0,0:0.82/-1:0.15/0:0.004/2:0.004/3:0.004/4:0.004/5:0.004/6:0.004/7:0.004/8:0.004,0:0.82/-1:0.15/2:0.004/0:0.004/3:0.004/4:0.004/5:0.004/6:0.004/7:0.004/8:0.004,11,0,0,0,0,0,0,0,0,8,0,0,0,0,0
M1.GTGTTAGCACAGAGGT-1,0:0.04/-1:0.95/0:0.002/2:0.002/3:0.002/4:0.002/5:0.002/6:0.002,0:0.04/-1:0.95/0:0.001/2:0.001/3:0.001/4:0.001/5:0.001/6:0.001/7:0.001/8:0.001/9:0.001,-1:0.95/3:0.05,0,0,0,0,0,11,0,0,0,0,0,0,0,0,0,0,0,0,0,0
M1.AAGGCAGAGATCGGGT-1,0,0,3,0,0,0,0,5,11,0,0,0,13,0,0,0,0,0,0,0,0,0,8
I16,0,0,3,0,0,0,0:0.06/-1:0.94,0:0.06/-1:0.94,11,0,0,0,0,0,0,0,0,0,0,0,0,0,0
M1.ACTGCTCAGGACAGAA-1,0,0,3,0,0,0,0:0.02/-1:0.97/0:0.001/2:0.001/3:0.001/4:0.001/5:0.001/6:0.001/7:0.001/8:0.001,0:0.02/-1:0.97/2:0.001/0:0.001/3:0.001/4:0.001/5:0.001/6:0.001/7:0.001/8:0.001,11,0,0,0,0,0,0,0,10,7,9,7,0,4,0
clade_49,0,0,3,0,0,0,0:0.05/-1:0.95,0:0.05/-1:0.95,11,0,0,0,0:0.98/12:0.02,0:0.98/8:0.02,0,0,0,0,0,0,0,0,0
M1.CAAGATCGTCAGAATA-1,0,0,3,0:0.38/-1:0.51/2:0.018/0:0.018/3:0.018/4:0.018/5:0.018/6:0.018,0:0.38/-1:0.51/0:0.014/2:0.014/3:0.014/4:0.014/5:0.014/6:0.014/7:0.014/8:0.014,0:0.38/-1:0.51/0:0.018/2:0.018/3:0.018/4:0.018/5:0.018/6:0.018,0:0.02/-1:0.97/0:0.001/2:0.001/3:0.001/4:0.001/5:0.001/6:0.001/7:0.001/8:0.001,0:0.02/-1:0.97/2:0.001/0:0.001/3:0.001/4:0.001/5:0.001/6:0.001/7:0.001/8:0.001,11,0,0,0,12,8,9,0,0,5,0,0,0:0.38/-1:0.51/2:0.01/3:0.01/4:0.01/0:0.01/5:0.01/6:0.01/7:0.01/8:0.01/9:0.01/10:0.01/11:0.01,0:0.38/-1:0.51/2:0.01/0:0.01/3:0.01/4:0.01/5:0.01/6:0.01/7:0.01/8:0.01/9:0.01/10:0.01/11:0.01,0:0.38/-1:0.51/2:0.012/0:0.012/3:0.012/4:0.012/5:0.012/6:0.012/7:0.012/8:0.012/9:0.012
clade_53,4,7,3,0,0,0,-1,-1,11,9,0,0:0.04/-1:0.95/0:0.001/2:0.001/3:0.001/4:0.001/5:0.001/6:0.001/7:0.001/8:0.001/9:0.001/10:0.001,0:0.04/-1:0.95/12:0.01,0:0.04/-1:0.95/8:0.01,0,0,0,0,0,0,0,0,0
M1.GGCGTGTGTCGACTAT-1,4,7,3,0,0,0,-1,-1,11,9,0,0:0.04/-1:0.95/0:0.001/2:0.001/3:0.001/4:0.001/5:0.001/6:0.001/7:0.001/8:0.001/9:0.001/10:0.001,0:0.04/-1:0.95/12:0.01,0:0.04/-1:0.95/8:0.01,0,0,0,0:0.97/-1:0.02/0:0.001/2:0.001/3:0.001/4:0.001/5:0.001/6:0.001/7:0.001/8:0.001,0:0.97/-1:0.02/0:0.001/2:0.001/3:0.001/4:0.001/5:0.001/6:0.001/7:0.001/8:0.001/9:0.001/10:0.001,0:0.97/-1:0.02/0:0.001/2:0.001/3:0.001/4:0.001/5:0.001/6:0.001/7:0.001/8:0.001,0,0,0
M1.CTAGTGAAGGTTACCT-1,4,7,3,0,0,0,-1,-1,11,9,0,0:0.04/-1:0.95/0:0.001/2:0.001/3:0.001/4:0.001/5:0.001/6:0.001/7:0.001/8:0.001/9:0.001/10:0.001,0:0.04/-1:0.95/12:0.01,0:0.04/-1:0.95/8:0.01,0,0,0,0,0,0,0,0,0
I17,0,0,0,0,0,0,0,0,0,0,0,0,0,0,0,0,0,0,0,0,0,0,0
clade_15,0,0,0,0,0,0,0,0,0,0,0,0,0,0,0,0:0.04/3:0.96,0,0,0,0,0,0,0
RE.GTTCATTCACGCGAAA-1,0,0,0,0,0,0,0,0,0,3,3,0,0,0,0,3,0,0,3,2,4,3,0
clade_18,0,0,0,0,0,0,0,0,0,0,0,0,0,0,0,0:0.02/3:0.98,0,0:0.01/5:0.99,0,0,0,0,0
M1.CCCATACAGCTTCGCG-1,0,0,0,0,0,0,0,0,0,0,0,0,0,0,0,3,0,5,0,0,0:0.55/-1:0.37/2:0.007/3:0.007/4:0.007/0:0.007/5:0.007/6:0.007/7:0.007/8:0.007/9:0.007/10:0.007/11:0.007,0:0.55/-1:0.37/2:0.007/0:0.007/3:0.007/4:0.007/5:0.007/6:0.007/7:0.007/8:0.007/9:0.007/10:0.007/11:0.007,0:0.55/-1:0.37/2:0.009/0:0.009/3:0.009/4:0.009/5:0.009/6:0.009/7:0.009/8:0.009/9:0.009
M1.GGGTTGCTCAAGATCC-1,0,0,0,0:0.55/-1:0.37/2:0.013/0:0.013/3:0.013/4:0.013/5:0.013/6:0.013,0:0.55/-1:0.37/0:0.01/2:0.01/3:0.01/4:0.01/5:0.01/6:0.01/7:0.01/8:0.01,0:0.55/-1:0.37/0:0.013/2:0.013/3:0.013/4:0.013/5:0.013/6:0.013,0,0,0,0,0,0,0,0,0:0.55/-1:0.37/2:0.009/0:0.009/3:0.009/4:0.009/5:0.009/6:0.009/7:0.009/8:0.009/9:0.009,0:0.01/-1:0.37/3:0.62,0:0.55/-1:0.37/2:0.007/0:0.007/3:0.007/4:0.007/5:0.007/6:0.007/7:0.007/8:0.007/9:0.007/10:0.007/11:0.007,5,0,0,0,0,0
I18,0,0,0,0,0,0,0,0,0,0,0,0,0,0,0,0,0,0,0,0,0,0,0
I19,0,0,0,0,0,0,0,0,0,0,0,0,0,0,0,0,0,0,0,0,0:0.98/10:0.02,0:0.98/10:0.02,0
Liv.TCTCTAAGTAGAGGAA-1,0,0,0,0,0,5,7,0,0,0,0,0,0,0,0,0,3,5,0,0,10,10,0
I20,0,0,0,0,0,0,0,0,0,0,0,0,0,0,0,0,0,0,0,0,0:0.49/-1:0.47/10:0.04,0:0.49/-1:0.47/10:0.04,0:0.5/-1:0.47/2:0.003/0:0.003/3:0.003/4:0.003/5:0.003/6:0.003/7:0.003/8:0.003/9:0.003
M1.ACACCCTTCAGCAACT-1,0,0,7,0,0,4,0,0,0:0.3/-1:0.58/2:0.009/3:0.009/0:0.009/4:0.009/5:0.009/6:0.009/7:0.009/8:0.009/9:0.009/10:0.009/11:0.009/12:0.009/13:0.009/14:0.009,0:0.3/-1:0.58/0:0.012/2:0.012/3:0.012/4:0.012/5:0.012/6:0.012/7:0.012/8:0.012/9:0.012/10:0.012,0:0.3/-1:0.58/2:0.01/0:0.01/3:0.01/4:0.01/5:0.01/6:0.01/7:0.01/8:0.01/9:0.01/10:0.01/11:0.01/12:0.01,0,0,0,4,0,0,0,9,0,0:0.15/-1:0.78/10:0.07,0:0.15/-1:0.78/10:0.07,0:0.15/-1:0.78/2:0.008/0:0.008/3:0.008/4:0.008/5:0.008/6:0.008/7:0.008/8:0.008/9:0.008
M2.GATCAGTTCTCAACTT-1,0,0,0,0,0,0,0,0,0,0,0,0,7,4,6,4,5,4,0,0,0:0.15/-1:0.78/10:0.07,0:0.15/-1:0.78/10:0.07,0:0.15/-1:0.78/2:0.008/0:0.008/3:0.008/4:0.008/5:0.008/6:0.008/7:0.008/8:0.008/9:0.008
clade_22,0,0,0,0,0,0,0,0,0,0,0,0,0,2,2,0,0,0,0,0,0,0,0
clade_23,0,0,0,0,0,0,0,0,0,0,0,0,0,2,2,0,0,0,0,0,0:0.98/5:0.02,0,0
RE.AGTTGGTAGAATCTCC-1,4,0,0,0,0,0,0,3,5,0,0,0,4,2,2,0,0,0,0,4,5,0,0
I21,0,0,0,0,0,0,0,0,0,0,0,0,0,2,2,0,0,0,0,0,0:0.33/-1:0.63/5:0.04,0:0.34/-1:0.63/2:0.003/0:0.003/3:0.003/4:0.003/5:0.003/6:0.003/7:0.003/8:0.003/9:0.003/10:0.003/11:0.003,0:0.34/-1:0.63/2:0.003/0:0.003/3:0.003/4:0.003/5:0.003/6:0.003/7:0.003/8:0.003/9:0.003
RW.CACAGGCCAATTGCTG-1,2,0,0,0,2,0,0,0,3,0,0,2,0,2,2,0,0,0,0,0,0:0.13/-1:0.82/5:0.05,0:0.13/-1:0.82/2:0.005/0:0.005/3:0.005/4:0.005/5:0.005/6:0.005/7:0.005/8:0.005/9:0.005/10:0.005/11:0.005,0:0.13/-1:0.82/2:0.006/0:0.006/3:0.006/4:0.006/5:0.006/6:0.006/7:0.006/8:0.006/9:0.006
RW.CATCAAGCACCAGGCT-1,0,0,0,2,0,0,0,2,2,0,2,0,0,2,2,0,2,0,0,0,0:0.13/-1:0.82/5:0.05,0:0.13/-1:0.82/2:0.005/0:0.005/3:0.005/4:0.005/5:0.005/6:0.005/7:0.005/8:0.005/9:0.005/10:0.005/11:0.005,0:0.13/-1:0.82/2:0.006/0:0.006/3:0.006/4:0.006/5:0.006/6:0.006/7:0.006/8:0.006/9:0.006
clade_30,0,0,0:0.15/5:0.85,0,0,0,0,0,0,0,0,0,0,2,2,0,0,0,0,0,0,0,0
clade_33,0,0,5,0:0.02/5:0.98,0:0.02/5:0.98,0,0,0,0,0:0.01/7:0.99,0,0,0,2,2,0,0,0,0,0,0,0:0.49/6:0.51,0
M2.AGGTCATAGAGGTTGC-1,0,0,5,5,5,0,0,0,0,7,0,0:0.52/-1:0.4/0:0.008/2:0.008/3:0.008/4:0.008/5:0.008/6:0.008/7:0.008/8:0.008/9:0.008/10:0.008,0:0.52/-1:0.4/0:0.006/2:0.006/3:0.006/4:0.006/5:0.006/6:0.006/7:0.006/8:0.006/9:0.006/10:0.006/11:0.006/12:0.006/13:0.006,-1:0.4/2:0.6,2,0,0,5,0,0,0:0.52/-1:0.4/2:0.007/3:0.007/4:0.007/0:0.007/5:0.007/6:0.007/7:0.007/8:0.007/9:0.007/10:0.007/11:0.007,0:0.25/-1:0.4/6:0.35,0:0.52/-1:0.4/2:0.009/0:0.009/3:0.009/4:0.009/5:0.009/6:0.009/7:0.009/8:0.009/9:0.009
M2.CACATTTAGACGCTTT-1,0,0,5,5,5,0,0,5,0,7,6,0,0,2,2,0,0,0,0,0,0,6,0
Liv.GGCTCGAAGGACCACA-1,0,0,5,0,8,0,0,0,0,0,0,0,0,2,2,0,11,0,10,8,11,11,9
