((((((M1.TACACGACATCTACGA-1:0,M1.AGCATACAGTGTACGG-1:0)I8:0.006,M1.CAGTAACCATCACCCT-1:1.006)clade_3:16.147,M1.CGTGTCTGTCCAGTTA-1:20.715)clade_2:0.135,M1.GCGCGATAGACAGAGA-1:17.078)clade_11:5.759,((((((M1.CTCCTAGCATGTCTCC-1:2.403,M1.GCGAGAAAGTCCATAC-1:4.403)clade_36:2.691,M1.CTTGGCTTCGACCAGC-1:4.993)I7:0.01,((M1.CCGGGATAGTAGCGGT-1:4.078,M1.GATCGATCACATCCAA-1:1.164)clade_24:0.964,M1.ATTCTACTCGCTGATA-1:3.129)clade_21:0.874)clade_28:0.002,(M1.ATCATGGCATCGGGTC-1:5.434,M1.ACATCAGCAGCGATCC-1:3.135)I6:3.867)clade_20:0.009,M1.GGCTGGTGTTCCGTCT-1:5.014)clade_17:18.674,((((((M2.TTGCCGTTCTGTCTAT-1:1.014,(M2.GGTGAAGGTGCACGAA-1:0,M2.GACGTTACAGGACGTA-1:0)clade_65:1.014)clade_63:0.999,((RE.AGCGTATTCACAAACC-1:4.116,M2.CAGCATATCTTCTGGC-1:4.255)I5:0.832,M1.CCTACCACATGTCGAT-1:4.001)clade_66:0.065)clade_62:2.016,(((M1.ACGAGCCGTTGACGTT-1:1.09,(M1.CGGTTAACACGACTCG-1:0,M1.AACTCTTTCCATGAAC-1:0)clade_51:4.09)clade_49:0.911,(((M1.CTCGTACAGCCATCGC-1:1,M1.GACACGCCAGGGTATG-1:0)I4:0.001,M1.TGACAACAGTGCCAGA-1:3.001)I3:0,((M1.GTGTGCGCACCATCCT-1:0,M1.CCCAATCCAGGATCGA-1:0)I2:0.077,M1.GACGCGTCAATGCCAT-1:4.077)clade_57:0.924)clade_54:1)I1:0.002,M1.ACCAGTAAGGCTCAGA-1:4.002)clade_48:1.026)clade_47:1.091,(M1.CTCGGAGAGCTAACAA-1:5.44,M1.GTTTCTAGTCCATGAT-1:7.207)clade_72:1.874)clade_46:13.384,RE.TAGTTGGAGACGCAAC-1:11.177)clade_8:0.084,M1.ATGAGGGGTCCGAACC-1:19.267)clade_9:4.181)clade_41:0.313)root:0)I0;
I0,0,0,0,0,0,0,0,0,0,0,0,0,0,0,0,0,0,0,0,0,0,0,0,0,0
root,0,0,0,0,0,0,0,0,0,0,0,0,0,0,0,0,0,0,0,0,0,0,0,0,0
clade_41,0:0.92/2:0.08,0:0.92/2:0.08,0,0,0,0,0,0,0,0,0,0,0,0,0,0,0,0:0.9/2:0.1,0,0,0,0,0:0.98/2:0.02,0:0.98/2:0.02,0:0.98/2:0.02
clade_9,0:0.55/2:0.45,0:0.55/2:0.45,0,0,0,0,0,0,0,0,0:0.41/2:0.59,0,0,0,0,0,0,0:0.46/2:0.54,0,0,0,0,0:0.19/-1:0.77/2:0.04,0:0.19/-1:0.77/2:0.04,0:0.19/-1:0.77/2:0.04
M1.ATGAGGGGTCCGAACC-1,2,2,0,-1,-1,8,7,5,-1,-1,-1,-1,-1,-1,-1,-1,-1,2,5,4,0,3,-1,-1,-1
clade_8,0:0.55/2:0.45,0:0.55/2:0.45,0,0,0,0,0,0,0,0,0:0.4/2:0.6,0,0,0,0,0,0,0:0.46/2:0.54,0:0.99/2:0.01,0:0.99/2:0.01,0:0.99/2:0.01,0:0.99/2:0.01,0:0.18/-1:0.77/2:0.05,0:0.18/-1:0.77/2:0.05,0:0.18/-1:0.77/2:0.05
RE.TAGTTGGAGACGCAAC-1,2,2,0,0,0,2,0,2,0,2,2,0,0,0,0,2,0,-1,-1,-1,-1,-1,-1,-1,-1
clade_46,-1:0.99/2:0.01,-1:0.99/2:0.01,-1:0.99/0:0.003/2:0.003/3:0.003,0,0,0,0,3,2,0,2,0:0.02/2:0.98,0,0,0:0.01/2:0.99,0,0:0.02/2:0.98,0:0.01/2:0.99,0:0.01/2:0.99,0:0.01/2:0.99,0:0.01/2:0.99,2,-1,-1,-1
clade_72,-1,-1,-1,0,0,0:0.19/4:0.81,0:0.19/4:0.81,3,2,0,2,0:0.01/2:0.99,0:0.79/5:0.21,0,0:0.01/2:0.99,0,0:0.01/2:0.99,0:0.01/2:0.99,0:0.01/2:0.99,2,2,2,-1,-1,-1
M1.GTTTCTAGTCCATGAT-1,-1,-1,-1,0,3,4,4,3,2,0,2,2,5,0,-1,-1,-1,-1,-1,2,2,2,-1,-1,-1
M1.CTCGGAGAGCTAACAA-1,-1,-1,-1,5,6,4,4,3,2,0,2,-1,-1,-1,2,0,2,2,2,2,2,2,-1,-1,-1
clade_47,-1,-1,-1,0,0,0:0.02/3:0.98,0,3,2,0,2,2,0,0,2,0,2,2,2,2,2,2,-1,-1,-1
clade_48,-1,-1,-1,0,0,3,0,3,2,5,2,2,0,0,2,0,2,2,2,2,2,2,-1,-1,-1
M1.ACCAGTAAGGCTCAGA-1,-1,-1,-1,-1,-1,3,8,3,2,5,2,2,0,4,2,0,2,2,2,2,2,2,-1,-1,-1
I1,-1,-1,-1,0,0,3,0,3,2,5,2,2,0,0,2,0,2,2,2,2,2,2,-1,-1,-1
clade_54,-1,-1,-1,3,0,3,0,3,2,5,2,2,0,0,2,0,2,2,2,2,2,2,-1,-1,-1
clade_57,-1,-1,-1,3,0:0.08/4:0.92,3,0,3,2,5,2,2,0,0,2,0,2,2,2,2,2,2,-1,-1,-1
M1.GACGCGTCAATGCCAT-1,-1,-1,-1,3,4,3,0,3,2,5,2,-1,-1,-1,2,5,2,2,2,2,2,2,-1,-1,-1
I2,-1,-1,-1,3,4,3,0,3,2,5,2,2,0,0,2,0,2,2,2,2,2,2,-1,-1,-1
M1.CCCAATCCAGGATCGA-1,-1,-1,-1,3,4,3,0,3,2,5,2,2,0,0,2,0,2,2,2,2,2,2,-1,-1,-1
M1.GTGTGCGCACCATCCT-1,-1,-1,-1,3,4,3,0,3,2,5,2,2,0,0,2,0,2,2,2,2,2,2,-1,-1,-1
I3,-1,-1,-1,3,0,3,0,3,2,5,2,2,0,0,2,0,2,2,2,2,2,2,-1,-1,-1
M1.TGACAACAGTGCCAGA-1,-1,-1,-1,3,3,3,0,3,2,5,2,2,3,0,2,3,2,2,2,2,2,2,-1,-1,-1
I4,-1,-1,-1,3,0,3,0,3,2,5,2,2,0,0,2,0,2,2,2,2,2,2,-1,-1,-1
M1.GACACGCCAGGGTATG-1,-1,-1,-1,3,0,3,0,3,2,5,2,2,0,0,2,0,2,2,2,2,2,2,-1,-1,-1
M1.CTCGTACAGCCATCGC-1,-1,-1,-1,3,0,3,0,3,2,5,2,2,8,0,2,0,2,2,2,2,2,2,-1,-1,-1
clade_49,-1,-1,-1,0,0,3,0:0.09/6:0.91,3,2,5,2,2,0,0,2,0,2,2,2,2,2,2,-1,-1,-1
clade_51,-1,-1,-1,0,7,3,6,3,2,5,2,2,9,6,2,6,2,2,2,2,2,2,-1,-1,-1
M1.AACTCTTTCCATGAAC-1,-1,-1,-1,0,7,3,6,3,2,5,2,2,9,6,2,6,2,2,2,2,2,2,-1,-1,-1
M1.CGGTTAACACGACTCG-1,-1,-1,-1,0,7,3,6,3,2,5,2,2,9,6,2,6,2,2,2,2,2,2,-1,-1,-1
M1.ACGAGCCGTTGACGTT-1,-1,-1,-1,6,0,3,6,3,2,5,2,2,0,0,2,0,2,2,2,2,2,2,-1,-1,-1
clade_62,-1,-1,-1,0,2,3,0,3,2,0,2,2,0:0.01/2:0.99,0,2,0,2,2,2,2,2,2,-1,-1,-1
clade_66,-1,-1,-1,0,2,3,0,3,2,0,2,2,0:0.01/2:0.99,0:0.94/2:0.06,2,0,2,2,2,2,2,2,-1,-1,-1
M1.CCTACCACATGTCGAT-1,-1,-1,-1,0,2,3,6,3,2,0,2,-1,-1,-1,2,0,2,2,2,2,2,2,-1,-1,-1
I5,-1,-1,-1,0,2,3,0,3,2,0:0.86/3:0.14,2,2,2,0:0.25/2:0.75,2,0,2,2,2,2,2,2,-1,-1,-1
M2.CAGCATATCTTCTGGC-1,-1,-1,-1,0,2,3,2,3,-1,-1,-1,2,2,2,2,0,2,2,2,2,2,2,-1,-1,-1
RE.AGCGTATTCACAAACC-1,-1,-1,-1,0,2,3,0,3,2,3,2,2,2,2,-1,-1,-1,2,2,2,2,2,-1,-1,-1
clade_63,-1,-1,-1,0,2,3,0,3,2,0:0.01/4:0.99,2,2,2,0,2,0,2,2,2,2,2,2,-1,-1,-1
clade_65,-1,-1,-1,2,2,3,0,3,2,4,2,2,2,0,2,0,2,2,2,2,2,2,-1,-1,-1
M2.GACGTTACAGGACGTA-1,-1,-1,-1,2,2,3,0,3,2,4,2,2,2,0,2,0,2,2,2,2,2,2,-1,-1,-1
M2.GGTGAAGGTGCACGAA-1,-1,-1,-1,2,2,3,0,3,2,4,2,2,2,0,2,0,2,2,2,2,2,2,-1,-1,-1
M2.TTGCCGTTCTGTCTAT-1,-1,-1,-1,0,2,3,0,3,2,4,2,2,2,2,2,0,2,2,2,2,2,2,-1,-1,-1
clade_17,2,2,2,-1,-1,0,5,4,0,7,4,4,6,4,0,0,0,2,0,3,3,3,2,2,2
M1.GGCTGGTGTTCCGTCT-1,2,2,2,-1,-1,0,5,4,4,7,4,4,6,4,-1,-1,-1,2,4,3,3,3,2,2,2
clade_20,2,2,2,-1,-1,0,5,4,0,7,4,4,6,4,0,0,0,2,0,3,3,3,2,2,2
I6,2,2,2,-1,-1,0,5,4,0,7,4,4,6,4,0:0.57/8:0.43,0:0.57/7:0.43,0,2,0:0.57/6:0.43,3,3,3,-1:0.86/2:0.14,-1:0.86/2:0.14,-1:0.86/2:0.14
M1.ACATCAGCAGCGATCC-1,2,2,2,-1,-1,0,5,4,4,7,4,4,6,4,8,7,0,2,6,3,3,3,-1,-1,-1
M1.ATCATGGCATCGGGTC-1,2,2,2,-1,-1,0,5,4,0,7,4,4,6,4,-1,-1,-1,-1,-1,3,3,3,-1,-1,-1
clade_28,2,2,2,-1,-1,0,5,4,0,7,4,4,6,4,0,0,0,2,0,3,3,3,2,2,2
clade_21,2,2,2,-1,-1,0,5,4,0,7,4,4,6,4,0,0,0,2,0:0.13/5:0.87,3,3,3,2,2,2
M1.ATTCTACTCGCTGATA-1,2,2,2,-1,-1,3,5,4,0,7,4,4,6,4,7,0,4,2,5,3,3,3,2,2,2
clade_24,2,2,2,-1,-1,0:0.08/6:0.92,5,4,0,7,4,4,6,4,0,0,0,2,0:0.09/5:0.91,3,3,3,2,2,2
M1.GATCGATCACATCCAA-1,2,2,2,-1,-1,6,5,4,0,7,4,4,6,4,4,0,0,2,5,3,3,3,2,2,2
M1.CCGGGATAGTAGCGGT-1,2,2,2,-1,-1,6,5,4,7,7,4,4,6,4,6,0,0,-1,-1,3,3,3,2,2,2
I7,2,2,2,-1,-1,0,5,4,0,7,4,4,6,4,0:0.99/4:0.01,0,0,2,0,3,3,3,2,2,2
M1.CTTGGCTTCGACCAGC-1,2,2,2,-1,-1,7,5,4,-1,-1,-1,4,6,4,4,0,0,2,0,3,3,3,2,2,2
clade_36,2,2,2,-1,-1,0,5,4,0,7,4,4,6,4,0:0.1/-1:0.87/4:0.03,0:0.1/-1:0.87/2:0.004/0:0.004/3:0.004/4:0.004/5:0.004/6:0.004/7:0.004,0:0.1/-1:0.87/0:0.007/2:0.007/3:0.007/4:0.007,2,0,3,3,3,2,2,2
M1.GCGAGAAAGTCCATAC-1,2,2,2,-1,-1,5,5,4,0,7,4,4,6,4,-1,-1,-1,2,0,-1,-1,-1,2,2,2
M1.CTCCTAGCATGTCTCC-1,2,2,2,-1,-1,3,5,4,6,7,4,4,6,4,-1,-1,-1,2,0,3,3,3,2,2,2
clade_11,0:0.79/3:0.21,0:0.79/3:0.21,0:0.79/3:0.21,0,0,0:0.79/3:0.21,0:0.79/3:0.21,0:0.79/3:0.21,0,0,0:0.5/3:0.5,0:0.43/3:0.57,0,0,0,0:0.05/4:0.95,0:0.13/3:0.87,0,0:0.79/3:0.21,0:0.5/3:0.5,0:0.5/3:0.5,0,0,0,0:0.6/3:0.4
M1.GCGCGATAGACAGAGA-1,3,3,3,4,5,-1,-1,-1,5,0,3,3,7,5,0,4,3,-1,-1,3,3,4,3,0,3
clade_2,0:0.78/-1:0.01/3:0.21,0:0.78/-1:0.01/3:0.21,0:0.78/-1:0.01/3:0.21,0,0,0:0.79/3:0.21,0:0.79/3:0.21,0:0.79/3:0.21,0:0.99/3:0.01,0:0.99/6:0.01,0:0.49/3:0.51,0:0.42/3:0.58,0:0.99/4:0.01,0:0.99/3:0.01,0,0:0.04/4:0.96,0:0.13/3:0.87,0,0:0.79/3:0.21,0:0.49/3:0.51,0:0.49/3:0.51,0,0:0.99/4:0.01,0:0.99/3:0.01,0:0.6/3:0.4
M1.CGTGTCTGTCCAGTTA-1,-1,-1,-1,0,0,-1,-1,-1,-1,-1,-1,-1,-1,-1,5,4,3,-1,-1,-1,-1,-1,4,3,3
clade_3,-1,-1,-1,0,0,3,3,3,3,6,3,3,4,3,3,4,3,0,3,3,3,0,-1,-1,-1
M1.CAGTAACCATCACCCT-1,-1,-1,-1,0,5,3,3,3,3,6,3,3,4,3,3,4,3,0,3,3,3,0,-1,-1,-1
I8,-1,-1,-1,0,0,3,3,3,3,6,3,3,4,3,3,4,3,0,3,3,3,0,-1,-1,-1
M1.AGCATACAGTGTACGG-1,-1,-1,-1,0,0,3,3,3,3,6,3,3,4,3,3,4,3,0,3,3,3,0,-1,-1,-1
M1.TACACGACATCTACGA-1,-1,-1,-1,0,0,3,3,3,3,6,3,3,4,3,3,4,3,0,3,3,3,0,-1,-1,-1
