(((((M2.ATTGGACGTAATCGTC-1:7.55,M2.TGGCTGGAGTCGTTTG-1:3.039)clade_48:12.8,LL.TCGGTAAAGGAGTCTG-1:24.954)I9:0.067,(((M1.CGCTTCATCAACGAAA-1:11.609,(M1.GGACAGATCTGATTCT-1:10.187,M1.CCTAAAGGTCTAGAGG-1:7.105)I8:1.504)clade_23:0.4,(M1.TGGTTCCTCCAGTAGT-1:13.006,((((M1.CAAGAAACAATAGAGT-1:3.298,M1.CTCGAAAAGTCGTACT-1:9.175)clade_26:0.992,M1.CTGAAGTAGTGCCATT-1:5.289)clade_16:1.801,M1.GATCGCGAGGTCGGAT-1:8.09)I7:0.935,((M1.TTTATGCAGTGGTAGC-1:4.23,M1.CAACTAGAGGCGCTCT-1:2.23)clade_7:2.842,M1.GACCTGGCACCTGGTG-1:2.055)clade_6:4.97)clade_13:1.84)clade_31:0.144)clade_32:3.254,M1.ATGAGGGTCGACCAGC-1:10.518)clade_1:5.519)I6:0,((((((((M1.AAGGAGCGTCCCTACT-1:1.002,M1.AACACGTCAAACAACA-1:0.002)clade_85:2.008,M1.CGAGCCAAGTTACGGG-1:0.01)I5:1.008,M1.GCAAACTCACGCCAGT-1:3.01)clade_82:0.005,(((M1.CGTCTACCACCACGTG-1:0.003,M1.TGAGAGGCACGAAAGC-1:1.003)clade_90:1.963,M1.GTCACGGTCCTCGCAT-1:4.014)clade_87:0.059,M1.TGTTCCGGTCATTAGC-1:1.025)clade_83:2.999)I4:4.018,(((M1.TGGCTGGCACCACGTG-1:2.029,M1.AGGGATGAGTCTCCTC-1:2.029)I3:0.008,M1.AAAGTAGGTACTCAAC-1:6.037)clade_100:2.996,(M1.ATTACTCAGGGCATGT-1:2.016,M1.CATCCACGTCGAATCT-1:1.016)clade_119:4.015)I2:0.008)clade_92:2.985,(((M1.CGTTAGATCAAACGGG-1:5.234,M1.TCAGATGAGACTAAGT-1:4.234)clade_95:1.866,((M1.GCATGTAGTTCGCTAA-1:0,M1.GCCTCTATCGGAAATA-1:0)clade_125:5.217,M1.ACGGAGATCCCTCTTT-1:4.217)clade_123:0.883)clade_117:5.916,((M1.ACTGAACCAATGGTCT-1:5.224,(M1.TAGTTGGAGGGTTTCT-1:3.038,M1.GTCAAGTGTAACGCGA-1:0.038)clade_112:6.192)clade_108:0.05,M1.ATCCACCCACTAGTAC-1:12.019)clade_107:2.618)I1:0.127)clade_72:1.332,((M1.CGCTATCTCTTCATGT-1:0.025,(M1.CCACTACAGCTCTCGG-1:1.008,M1.TGACAACAGTAGCGGT-1:0.008)clade_79:3.017)clade_78:1.022,(M1.AGTAGTCAGAGTACCG-1:0.002,M1.CGGGTCATCGACCAGC-1:1.002)clade_75:2.046)clade_73:7.123)clade_69:5.9,((M2.CACATTTTCTCTAGGA-1:3.614,(RE.GCATGATGTTACAGAA-1:1.023,RE.GATCGTAGTCGCGGTT-1:1.023)clade_59:5.241)clade_58:8.616,(RW.TTCTTAGCACATCCGG-1:5.373,RE.CGTGTCTAGACTCGGA-1:6.373)clade_64:7.064)clade_55:1.295)clade_54:7.491)root:0)I0;
I0,0,0,0,0,0,0,0,0,0,0,0,0,0,0,0,0,0,0,0,0,0,0,0,0,0,0,0,0,0,0
root,0,0,0,0,0,0,0,0,0,0,0,0,0,0,0,0,0,0,0,0,0,0,0,0,0,0,0,0,0,0
clade_54,0:0.29/2:0.71,0,0,0,0,0,0,0,0,0,0,0,0,0,0,0,0,0:0.01/2:0.99,0,0,0:0.05/2:0.95,0,0,0,0,0:0.03/-1:0.96/0:0.003/2:0.003/3:0.003/4:0.003,0:0.03/-1:0.96/2:0.002/3:0.002/0:0.002/4:0.002/5:0.002,0:0.03/-1:0.96/0:0.005/2:0.005,0:0.03/-1:0.96/0:0.003/2:0.003/3:0.003/4:0.003,0:0.03/-1:0.96/2:0.002/3:0.002/0:0.002/4:0.002/5:0.002
clade_55,0:0.06/2:0.94,0,0,0,0,0,0,0,0,0:0.18/2:0.82,0,0,0,0,0,0,0,2,0,0,0:0.05/2:0.95,0,0,0,0:0.86/2:0.14,0:0.02/-1:0.98,0:0.02/-1:0.98,0:0.02/-1:0.98,0:0.02/-1:0.98,0:0.02/-1:0.98
clade_64,2,0,0,0,0,0,0,0,0,0:0.01/2:0.99,0,0:0.03/2:0.97,0:0.02/2:0.98,0:0.03/2:0.97,0,0,0,2,0:0.03/2:0.97,0:0.02/2:0.98,2,0,0,0:0.08/-1:0.89/0:0.006/2:0.006/3:0.006/4:0.006/5:0.006,0:0.07/-1:0.89/2:0.04,-1,-1,-1,-1,-1
RE.CGTGTCTAGACTCGGA-1,2,0,0,0,0,2,-1,-1,-1,2,3,2,2,2,3,0,0,2,2,2,2,0,0,-1,-1,-1,-1,-1,-1,-1
RW.TTCTTAGCACATCCGG-1,2,0,2,2,2,0,0,0,0,2,2,2,2,2,0,2,0,2,2,2,2,0,0,-1,-1,-1,-1,-1,-1,-1
clade_58,2,0,0,0:0.35/3:0.65,0,0,0,0,0:0.02/2:0.98,2,0:0.02/3:0.98,0:0.02/3:0.98,0,0,0:0.01/2:0.99,0,0,2,0,0,-1:0.94/2:0.06,0:0.04/-1:0.94/0:0.003/2:0.003/3:0.003/4:0.003/5:0.003/6:0.003/7:0.003,0:0.04/-1:0.94/0:0.003/2:0.003/3:0.003/4:0.003/5:0.003/6:0.003,0,0:0.01/2:0.99,-1,-1,-1,-1,-1
clade_59,2,0,3,-1:0.99/3:0.01,-1:0.99/2:0.001/0:0.001/3:0.001/4:0.001/5:0.001/6:0.001/7:0.001/8:0.001,-1:0.99/0:0.001/2:0.001/3:0.001/4:0.001/5:0.001/6:0.001/7:0.001,0,2,2,2,3,3,0,0,2,0,0,2,0,0,-1,-1,-1,0,2,-1,-1,-1,-1,-1
RE.GATCGTAGTCGCGGTT-1,2,2,3,-1,-1,-1,0,2,2,2,3,3,0,0,2,0,0,2,0,0,-1,-1,-1,0,2,-1,-1,-1,-1,-1
RE.GCATGATGTTACAGAA-1,2,0,3,-1,-1,-1,0,2,2,2,3,3,0,0,2,3,0,2,0,0,-1,-1,-1,0,2,-1,-1,-1,-1,-1
M2.CACATTTTCTCTAGGA-1,2,0,4,3,0,0,0,0,2,2,3,3,4,0,2,0,0,2,3,0,-1,-1,-1,0,2,-1,-1,-1,-1,-1
clade_69,0:0.01/-1:0.96/2:0.03,0:0.03/-1:0.96/0:0.003/2:0.003/3:0.003/4:0.003,0:0.03/-1:0.96/2:0.003/3:0.003/0:0.003/4:0.003,0:0.19/5:0.81,0,0,0:0.02/2:0.98,0:0.01/3:0.99,0,0,0,0,0,0,0,0,0,2,0,0,2,0,0,0,0,-1,-1,-1,-1,-1
clade_73,-1,-1,-1,-1:0.99/5:0.01,0:0.01/-1:0.99,0:0.01/-1:0.99,2,3,0,0,4,5,0,0,0,0,0,2,0,0,2,0,0,0:0.01/-1:0.99,0:0.01/-1:0.99,-1,-1,-1,-1,-1
clade_75,-1,-1,-1,-1,-1,-1,2,3,0,0,4,5,0,0,7,9,0,2,0,0,2,0,0,-1,-1,-1,-1,-1,-1,-1
M1.CGGGTCATCGACCAGC-1,-1,-1,-1,-1,-1,-1,2,3,0,5,4,5,0,0,7,9,0,2,0,0,2,0,0,-1,-1,-1,-1,-1,-1,-1
M1.AGTAGTCAGAGTACCG-1,-1,-1,-1,-1,-1,-1,2,3,0,0,4,5,0,0,7,9,0,2,0,0,2,0,0,-1,-1,-1,-1,-1,-1,-1
clade_78,-1,-1,-1,-1,-1,-1,2,3,0,0,4,5,0,0,0:0.02/6:0.98,0,0,2,0,0,2,0,0,-1,-1,-1,-1,-1,-1,-1
clade_79,-1,-1,-1,-1,-1,-1,-1,-1,-1,0,4,5,0,0,6,0,0,2,0,0,2,0,0,-1,-1,-1,-1,-1,-1,-1
M1.TGACAACAGTAGCGGT-1,-1,-1,-1,-1,-1,-1,-1,-1,-1,0,4,5,0,0,6,0,0,2,0,0,2,0,0,-1,-1,-1,-1,-1,-1,-1
M1.CCACTACAGCTCTCGG-1,-1,-1,-1,-1,-1,-1,-1,-1,-1,5,4,5,0,0,6,0,0,2,0,0,2,0,0,-1,-1,-1,-1,-1,-1,-1
M1.CGCTATCTCTTCATGT-1,-1,-1,-1,-1,-1,-1,2,3,0,0,4,5,0,0,6,0,0,2,0,0,2,0,0,-1,-1,-1,-1,-1,-1,-1
clade_72,-1,-1,-1,0:0.01/5:0.99,0,0,2,3,0,0,0,0,0,0,6,0,0,2,0,0,2,0,0,0,0,-1,-1,-1,-1,-1
I1,-1,-1,-1,0:0.01/5:0.99,0:0.94/5:0.06,0:0.94/5:0.06,2,3,0,0,0,0,0,0,6,0,0,2,0,0,2,0,0,0,0,-1,-1,-1,-1,-1
clade_107,-1,-1,-1,5,0:0.01/5:0.99,0:0.01/5:0.99,2,3,0:0.26/2:0.74,0,0,0,0,0,6,0,0,2,0,0,2,0,0,0,0,-1,-1,-1,-1,-1
M1.ATCCACCCACTAGTAC-1,-1,-1,-1,5,5,5,-1,-1,-1,0,0,-1,-1,-1,-1,-1,-1,2,0,0,-1,-1,-1,0,0,-1,-1,-1,-1,-1
clade_108,-1,-1,-1,5,0:0.01/5:0.99,0:0.01/5:0.99,2,3,0:0.21/2:0.79,0,0,0,0,0,6,0,0,2,0,0,2,0,0,0,0,-1,-1,-1,-1,-1
clade_112,-1,-1,-1,5,5,5,2,3,2,5,0,0,3,0,6,0,0,2,0,0,2,5,4,0:0.01/-1:0.99,0:0.01/-1:0.99,-1,-1,-1,-1,-1
M1.GTCAAGTGTAACGCGA-1,-1,-1,-1,5,5,5,2,3,2,5,0,0,3,0,6,0,0,2,0,0,2,5,4,-1,-1,-1,-1,-1,-1,-1
M1.TAGTTGGAGGGTTTCT-1,-1,-1,-1,5,5,5,2,3,2,5,0,0,3,0,6,6,5,2,0,5,2,5,4,-1,-1,-1,-1,-1,-1,-1
M1.ACTGAACCAATGGTCT-1,-1,-1,-1,5,5,5,2,3,2,0,0,4,0,7,6,0,0,-1,-1,-1,2,0,0,0,0,-1,-1,-1,-1,-1
clade_117,-1,-1,-1,-1:0.98/5:0.02,0:0.02/-1:0.98,0:0.02/-1:0.98,2,3,0,0,4,0,0,0,6,0,0,2,0,0,2,0,0,0:0.02/-1:0.98,0:0.02/-1:0.98,-1,-1,-1,-1,-1
clade_123,-1,-1,-1,-1:0.99/5:0.01,0:0.01/-1:0.99,0:0.01/-1:0.99,2,3,0,0,4,0,0,0:0.17/5:0.83,6,0,0,2,0,0,2,0,0,0:0.01/-1:0.99,0:0.01/-1:0.99,-1,-1,-1,-1,-1
M1.ACGGAGATCCCTCTTT-1,-1,-1,-1,-1,-1,-1,-1,-1,-1,0,4,0,8,5,6,0,0,2,0,0,2,0,0,-1,-1,-1,-1,-1,-1,-1
clade_125,-1,-1,-1,-1,-1,-1,2,3,0,0,4,0,0,5,6,8,0,2,0,6,-1,-1,-1,-1,-1,-1,-1,-1,-1,-1
M1.GCCTCTATCGGAAATA-1,-1,-1,-1,-1,-1,-1,2,3,0,0,4,0,0,5,6,8,0,2,0,6,-1,-1,-1,-1,-1,-1,-1,-1,-1,-1
M1.GCATGTAGTTCGCTAA-1,-1,-1,-1,-1,-1,-1,2,3,0,0,4,0,0,5,6,8,0,2,0,6,-1,-1,-1,-1,-1,-1,-1,-1,-1,-1
clade_95,-1,-1,-1,-1:0.99/5:0.01,-1:0.99/5:0.01,-1:0.99/5:0.01,2,3,0,0,4,0,0:0.08/5:0.92,0,6,0,0:0.12/4:0.88,2,0,0,2,0,0,-1:0.99/0:0.002/2:0.002/3:0.002/4:0.002/5:0.002,-1:0.99/2:0.001/0:0.001/3:0.001/4:0.001/5:0.001/6:0.001/7:0.001/8:0.001,-1,-1,-1,-1,-1
M1.TCAGATGAGACTAAGT-1,-1,-1,-1,-1,-1,-1,-1,-1,-1,0,4,0,5,2,6,0,4,2,0,0,2,0,0,-1,-1,-1,-1,-1,-1,-1
M1.CGTTAGATCAAACGGG-1,-1,-1,-1,-1,-1,-1,2,3,0,0,4,0,5,6,6,0,4,2,0,7,-1,-1,-1,-1,-1,-1,-1,-1,-1,-1
clade_92,-1,-1,-1,5,0,0,2,3,0,0,0,0:0.01/-1:0.99,0:0.01/-1:0.99,0:0.01/-1:0.99,6,0,0,2,0,0,2,0,0,0,0,-1,-1,-1,-1,-1
I2,-1,-1,-1,5,0,0,2,3,0,0,0,0:0.01/-1:0.99,0:0.01/-1:0.99,0:0.01/-1:0.99,6,0,0,2,0,0,2,0,0,0,0,-1,-1,-1,-1,-1
clade_119,-1,-1,-1,5,0,7,2,3,0,0,0,-1,-1,-1,6,0,0,2,5,8,2,0,0,0,7,-1,-1,-1,-1,-1
M1.CATCCACGTCGAATCT-1,-1,-1,-1,5,0,7,2,3,0,0,5,-1,-1,-1,6,0,0,2,5,8,2,0,0,0,7,-1,-1,-1,-1,-1
M1.ATTACTCAGGGCATGT-1,-1,-1,-1,5,0,7,2,3,0,0,0,-1,-1,-1,6,0,0,2,5,8,2,6,5,0,7,-1,-1,-1,-1,-1
clade_100,-1,-1,-1,5,0,0,-1:0.99/2:0.01,-1:0.99/3:0.01,0:0.01/-1:0.99,0,0,-1,-1,-1,6,0,0,2,0,0,2,0,0,0,0,-1,-1,-1,-1,-1
M1.AAAGTAGGTACTCAAC-1,-1,-1,-1,-1,-1,-1,-1,-1,-1,0,0,-1,-1,-1,6,0,0,2,0,9,2,0,0,-1,-1,-1,-1,-1,-1,-1
I3,-1,-1,-1,5,0,0,-1:0.99/2:0.01,-1:0.99/3:0.01,0:0.01/-1:0.99,0,0,-1,-1,-1,6,0,0,2,0,0,2,0,0,0,0,-1,-1,-1,-1,-1
M1.AGGGATGAGTCTCCTC-1,-1,-1,-1,5,0,0,-1,-1,-1,6,0,-1,-1,-1,6,0,0,2,0,0,2,0,2,0,0,-1,-1,-1,-1,-1
M1.TGGCTGGCACCACGTG-1,-1,-1,-1,5,0,4,-1,-1,-1,5,0,-1,-1,-1,6,0,0,2,0,0,2,0,0,0,0,-1,-1,-1,-1,-1
I4,-1,-1,-1,5,0,0,2,3,0,0:0.01/4:0.99,0,-1,-1,-1,-1,-1,-1,2,0,0,2,0,0,0,0,-1,-1,-1,-1,-1
clade_83,-1,-1,-1,5,0,0,-1:0.99/2:0.01,-1:0.99/3:0.01,0:0.01/-1:0.99,4,0,-1,-1,-1,-1,-1,-1,2,0,0,2,0,0,0,0,-1,-1,-1,-1,-1
M1.TGTTCCGGTCATTAGC-1,-1,-1,-1,5,0,0,-1,-1,-1,4,0,-1,-1,-1,-1,-1,-1,2,0,0,2,0,2,0,0,-1,-1,-1,-1,-1
clade_87,-1,-1,-1,5,0,0,-1,-1,-1,4,0,-1,-1,-1,-1,-1,-1,2,0,0,2,0,0:0.95/3:0.05,0,0,-1,-1,-1,-1,-1
M1.GTCACGGTCCTCGCAT-1,-1,-1,-1,5,0,6,-1,-1,-1,4,0,-1,-1,-1,-1,-1,-1,2,0,0,-1,-1,-1,0,0,-1,-1,-1,-1,-1
clade_90,-1,-1,-1,5,0,0,-1,-1,-1,4,0,-1,-1,-1,-1,-1,-1,2,0,4,2,0,3,0,0,-1,-1,-1,-1,-1
M1.TGAGAGGCACGAAAGC-1,-1,-1,-1,5,0,0,-1,-1,-1,4,0,-1,-1,-1,-1,-1,-1,2,0,4,2,4,3,0,0,-1,-1,-1,-1,-1
M1.CGTCTACCACCACGTG-1,-1,-1,-1,5,0,0,-1,-1,-1,4,0,-1,-1,-1,-1,-1,-1,2,0,4,2,0,3,0,0,-1,-1,-1,-1,-1
clade_82,-1,-1,-1,5,0,0,2,3,0,0:0.01/4:0.99,0,-1,-1,-1,-1,-1,-1,2,0,0,2,0,0,0,0,-1,-1,-1,-1,-1
M1.GCAAACTCACGCCAGT-1,-1,-1,-1,5,0,3,2,3,0,-1,-1,-1,-1,-1,-1,-1,-1,2,0,0,2,0,0,0,0,-1,-1,-1,-1,-1
I5,-1,-1,-1,5,0,0:0.01/6:0.99,2,3,0,4,0,-1,-1,-1,-1,-1,-1,2,0,0,2,0,0,0,0,-1,-1,-1,-1,-1
M1.CGAGCCAAGTTACGGG-1,-1,-1,-1,5,0,6,2,3,0,4,0,-1,-1,-1,-1,-1,-1,2,0,0,2,0,0,0,0,-1,-1,-1,-1,-1
clade_85,-1,-1,-1,5,0,6,2,3,0,4,0,-1,-1,-1,-1,-1,-1,2,7,0,2,0,0,0,8,-1,-1,-1,-1,-1
M1.AACACGTCAAACAACA-1,-1,-1,-1,5,0,6,2,3,0,4,0,-1,-1,-1,-1,-1,-1,2,7,0,2,0,0,0,8,-1,-1,-1,-1,-1
M1.AAGGAGCGTCCCTACT-1,-1,-1,-1,5,0,6,2,3,0,4,0,-1,-1,-1,-1,-1,-1,2,7,0,2,0,0,2,8,-1,-1,-1,-1,-1
I6,0,0,0,0,0,0,0,0,0,0,0,0,0,0,0,0,0,0,0,0,0,0,0,0,0,0,0,0,0,0
clade_1,0,0,0,0,0,0,0,0:0.63/4:0.37,0:0.63/3:0.37,0:0.07/-1:0.91/2:0.003/3:0.003/4:0.003/5:0.003/0:0.003/6:0.003/7:0.003,0:0.07/-1:0.91/2:0.003/3:0.003/0:0.003/4:0.003/5:0.003/6:0.003,0,0,0,0,0,0,0,0,0:0.02/3:0.98,0:0.04/3:0.96,0:0.02/3:0.98,0,0,0,0,0,0,0,0
M1.ATGAGGGTCGACCAGC-1,-1,-1,-1,6,0,0,0,4,3,-1,-1,0,6,4,0,0,0,0,0,3,3,3,0,5,0,0,0,0,4,5
clade_32,0,0,0,0,0,0,-1,-1,-1,-1,-1,0,0,0,0,0,0,0,0,3,3,3,0,0,0,0,0,0,0,0
clade_31,0,0,0,0:0.93/4:0.07,0,0:0.93/3:0.07,-1,-1,-1,-1,-1,0,0,0,0,0,0,0,0,3,3,3,0,0,0,0,0,0,0,0
clade_13,0,0,0,0:0.01/4:0.99,0,0:0.01/3:0.99,-1,-1,-1,-1,-1,0,0,0,0,0,0,0,0,3,3,3,0,0,0,0,0,0,0,0
clade_6,0,0,0,4,0:0.01/4:0.99,3,-1,-1,-1,-1,-1,0,0,0,0:0.01/4:0.99,0:0.01/4:0.99,0,0,0,3,3,3,0,0,0,0,0,0,0:0.02/2:0.98,0:0.01/3:0.99
M1.GACCTGGCACCTGGTG-1,0,0,0,4,4,3,-1,-1,-1,-1,-1,0,0,3,4,4,0,0,0,3,3,3,0,0,0,2,0,0,2,3
clade_7,0:0.07/-1:0.92/2:0.002/3:0.002/0:0.002/4:0.002/5:0.002/6:0.002,0:0.07/-1:0.92/0:0.003/2:0.003/3:0.003/4:0.003,0:0.07/-1:0.92/2:0.003/3:0.003/0:0.003/4:0.003,4,4,3,-1,-1,-1,-1,-1,0,0,0,4,4,0,0,0,3,3,3,0,0,0,0,0,0,2,3
M1.CAACTAGAGGCGCTCT-1,-1,-1,-1,4,4,3,-1,-1,-1,-1,-1,0,0,4,4,4,0,6,0,3,3,3,0,0,0,0,0,0,2,3
M1.TTTATGCAGTGGTAGC-1,-1,-1,-1,4,4,3,-1,-1,-1,-1,-1,4,0,3,4,4,0,0,0,3,3,3,0,2,0,0,3,0,2,3
I7,0,0,0,4,0,3,-1,-1,-1,-1,-1,0,0,0,0,0,0,0:0.09/4:0.91,0,3,3,3,0,0,0,0,0,0,0,0
M1.GATCGCGAGGTCGGAT-1,0,0,0,4,6,3,-1,-1,-1,-1,-1,6,0,3,-1,-1,-1,4,0,3,3,3,0,0,0,0,0,0,-1,-1
clade_16,0:0.12/4:0.88,0:0.17/3:0.83,0,4,0,3,-1,-1,-1,-1,-1,0,0,0,0,0,0,4,0,3,3,3,0,0,0,0,0,0,0,0
M1.CTGAAGTAGTGCCATT-1,4,3,0,4,0,3,-1,-1,-1,-1,-1,0,0,3,0,0,0,4,0,3,-1,-1,-1,0,4,0,0,0,0,0
clade_26,0:0.1/4:0.9,0:0.15/3:0.85,0,4,0,3,-1,-1,-1,-1,-1,0,0,0:0.17/4:0.83,0,0,0,4,0,3,3,3,0,0,0,0,0,0,0:0.87/3:0.13,0
M1.CTCGAAAAGTCGTACT-1,-1,-1,-1,-1,-1,-1,-1,-1,-1,-1,-1,0,0,4,0,0,0,4,0,3,3,3,0,3,0,0,0,0,-1,-1
M1.CAAGAAACAATAGAGT-1,4,3,0,4,0,3,-1,-1,-1,-1,-1,0,8,4,0,0,0,4,6,3,3,3,0,0,0,0,0,0,3,0
M1.TGGTTCCTCCAGTAGT-1,-1,-1,-1,-1,-1,-1,-1,-1,-1,-1,-1,0,0,4,5,5,3,3,0,3,3,3,0,2,3,0,0,0,0,0
clade_23,0:0.6/5:0.4,0,0,0,0,0,-1,-1,-1,-1,-1,0,0,0,0,0,0,0,0,3,3,3,0,0,0,0,0,0,0,0
I8,0:0.51/5:0.49,0,0,0,0,0,-1,-1,-1,-1,-1,0,0:0.18/6:0.82,0,0,0,0,0,0,3,3,3,0,0:0.85/5:0.15,0:0.85/6:0.15,0:0.85/3:0.15,0:0.85/4:0.15,0,0,0
M1.CCTAAAGGTCTAGAGG-1,5,0,0,0,8,0,-1,-1,-1,-1,-1,0,6,4,0,0,0,0,0,3,3,3,0,5,6,3,4,0,0,4
M1.GGACAGATCTGATTCT-1,-1,-1,-1,0,0,0,-1,-1,-1,-1,-1,0,6,3,0,7,0,0,0,3,3,3,0,-1,-1,-1,-1,-1,0,0
M1.CGCTTCATCAACGAAA-1,5,0,0,0,7,0,-1,-1,-1,-1,-1,0,7,3,2,10,0,5,4,3,3,3,0,4,5,0,0,0,-1,-1
I9,0,0,0,0,0:0.99/3:0.01,0,0:0.99/3:0.01,0:0.99/5:0.01,0:0.99/4:0.01,0,0,0,0:0.99/3:0.01,0,0,0,0,0:0.99/4:0.01,0,0:0.99/10:0.01,0,0,0,0,0,0,0,0,0,0
LL.TCGGTAAAGGAGTCTG-1,6,4,0,-1,-1,-1,3,5,4,7,6,-1,-1,-1,0,6,5,4,0,10,4,7,6,2,4,4,5,2,0,0
clade_48,0:0.25/3:0.75,0,0:0.25/2:0.75,0,0:0.24/3:0.76,0,0:0.03/-1:0.96/3:0.01,0:0.03/-1:0.96/5:0.01,0:0.03/-1:0.96/4:0.01,0:0.01/3:0.99,0,0,0:0.01/3:0.99,0,0,0,0,0:0.03/-1:0.96/4:0.01,0:0.03/-1:0.96/2:0.001/0:0.001/3:0.001/4:0.001/5:0.001/6:0.001/7:0.001,0:0.03/-1:0.96/10:0.01,0,0:0.01/2:0.99,0,0,0,0,0:0.01/2:0.99,0,0,0:0.25/2:0.75
M2.TGGCTGGAGTCGTTTG-1,3,0,2,0,3,0,-1,-1,-1,3,0,0,3,0,0,0,0,-1,-1,-1,0,2,0,0,0,0,2,0,-1,-1
M2.ATTGGACGTAATCGTC-1,-1,-1,-1,-1,-1,-1,-1,-1,-1,3,0,0,3,0,0,0,2,-1,-1,-1,0,2,0,0,0,0,2,0,0,2
