(((M2.GACGGCTTCATGCATG-1:9.26,(RE.TTGACTTTCAGTGTTG-1:6.095,((RE.CGAGAAGGTTGAGTTC-1:5.698,RE.CGATGTATCATCACCC-1:6.698)clade_64:3.354,(((RE.CGCCAAGCATCGATGT-1:1.013,RE.CGAGCCAGTGCCTGCA-1:2.013)clade_58:0.988,RE.GTCACAAAGCCACCTG-1:4)I9:0,RE.GGGCATCGTCTAAACC-1:6)I8:0.019)clade_55:1.075)I7:2.517)clade_49:4.401,(((M1.CACCAGGTCCCAAGAT-1:9.689,RW.CCGGTAGGTTTAAGCC-1:3.728)clade_37:5.675,(((((M1.AGACGTTCAGTGGAGT-1:2,(((M1.GCTGCAGTCTCTTATG-1:0,M1.AGAGCGATCACTGGGC-1:0)I6:0,((M1.GACCAATCATCAGTCA-1:0,M2.CGTAGGCAGAAACCAT-1:0)clade_19:1,M2.GCATACAAGCTGAACG-1:1)I5:0)I4:0,M2.CGTCCATGTACCGTAT-1:2)I3:0)I2:0.055,((Liv.CTGATCCTCACGACTA-1:0,Liv.ACGGGCTAGAAGAAGC-1:0)clade_14:1.43,M1.ACGCCAGCAAGGTGTG-1:7.43)clade_11:2.633)clade_10:0.983,M2.TCGAGGCAGGGAACGG-1:2.038)clade_9:0.987,RW.GTTTCTAGTTCACCTC-1:3.026)clade_8:2.013,((((RW.AGATTGCTCTAACTGG-1:0.003,RW.ACGCCGATCCGTTGCT-1:1.003)clade_33:3.065,RW.CAGCAGCGTAGGCATG-1:4.068)clade_29:0.016,RW.ACGCCGAAGCTCCTCT-1:8.071)clade_40:3.002,(M1.TGCGGGTAGGATGTAT-1:5.005,((((M1.ACCTTTAAGAGTTGGC-1:0,M2.TCAGGATTCACGAAGG-1:0)I1:0.007,M2.TGATTTCAGATGTGGC-1:2.007)clade_25:1.001,M2.CCACCTATCTGTCAAG-1:1.008)clade_24:0.994,M2.ATGTGTGTCCCTAATT-1:2.002)clade_7:0.003)clade_28:1.08)clade_4:0.953)clade_35:2.501)clade_3:6.095,Liv.TGGGAAGGTGTAATGA-1:17.289)clade_2:2.711)root:0)I0;
I0,0,0,0,0,0,0,0,0,0,0,0,0,0,0,0,0,0,0,0,0,0,0,0,0
root,0,0,0,0,0,0,0,0,0,0,0,0,0,0,0,0,0,0,0,0,0,0,0,0
clade_2,0,0,0,0,0,0,0:0.53/2:0.47,0,0,0,0,0,0:0.22/2:0.78,0:0.43/2:0.57,0,0,0,0,0:0.43/2:0.57,0,0,0:0.89/3:0.11,0:0.89/3:0.11,0:0.89/2:0.11
Liv.TGGGAAGGTGTAATGA-1,3,4,0,4,3,4,2,5,5,10,0,5,2,2,6,0,2,0,2,3,3,3,3,2
clade_3,0,0,0,0,0:0.04/2:0.96,0,0:0.21/2:0.79,0,0,0,0,0,0:0.01/2:0.99,0:0.03/2:0.97,0,0,0,0:0.07/2:0.93,0:0.03/2:0.97,0,0,0:0.04/-1:0.95/3:0.01,0:0.04/-1:0.95/3:0.01,0:0.04/-1:0.95/2:0.01
clade_35,0,0,0,0,2,0,0:0.01/2:0.99,0,0,0,0,0,2,2,0,0:0.01/2:0.99,0:0.01/2:0.99,2,2,0,0,-1,-1,-1
clade_4,0,0:0.08/2:0.92,0,0,2,0,2,0,0,0,0,0,2,2,0,2,2,2,2,0,0,-1,-1,-1
clade_28,0,2,0,0,2,0,2,0,4,0,0,0,2,2,0,2,2,2,2,0,0,-1,-1,-1
clade_7,0,2,0,0,2,0,2,0,4,0,0,0,2,2,0,2,2,2,2,0,0,-1,-1,-1
M2.ATGTGTGTCCCTAATT-1,0,2,0,0,2,0,2,0,4,9,8,0,2,2,0,2,2,2,2,0,0,-1,-1,-1
clade_24,0,2,0,0,2,0,2,0,4,0,0:0.01/2:0.99,0,2,2,0,2,2,2,2,0,0,-1,-1,-1
M2.CCACCTATCTGTCAAG-1,0,2,0,0,2,0,2,0,4,8,2,0,2,2,0,2,2,2,2,0,0,-1,-1,-1
clade_25,0,2,0,0,2,0,2,0,4,0:0.01/7:0.99,2,0,2,2,0,2,2,2,2,0,0,-1,-1,-1
M2.TGATTTCAGATGTGGC-1,5,2,0,0,2,0,2,0,4,7,2,0,2,2,4,2,2,2,2,0,0,-1,-1,-1
I1,0,2,0,0,2,0,2,0,4,7,2,0,2,2,0,2,2,2,2,0,0,-1,-1,-1
M2.TCAGGATTCACGAAGG-1,0,2,0,0,2,0,2,0,4,7,2,0,2,2,0,2,2,2,2,0,0,-1,-1,-1
M1.ACCTTTAAGAGTTGGC-1,0,2,0,0,2,0,2,0,4,7,2,0,2,2,0,2,2,2,2,0,0,-1,-1,-1
M1.TGCGGGTAGGATGTAT-1,0,2,0,3,2,2,2,0,4,-1,-1,-1,2,2,0,2,2,2,2,0,0,-1,-1,-1
clade_40,0,0:0.01/2:0.99,0,0,2,0,2,0,0,0,0,0,-1:0.98/2:0.02,-1:0.98/2:0.02,0:0.02/-1:0.98,2,2,2,2,0,0,-1,-1,-1
RW.ACGCCGAAGCTCCTCT-1,-1,-1,-1,-1,-1,-1,2,0,0,5,5,0,-1,-1,-1,2,2,2,2,0,0,-1,-1,-1
clade_29,0,0:0.01/2:0.99,0,0,2,0,2,0,0,0,0,0,-1:0.98/2:0.02,-1:0.98/2:0.02,0:0.02/-1:0.98,2,2,2,2,0,0,-1,-1,-1
RW.CAGCAGCGTAGGCATG-1,0,2,0,0,2,2,2,0,0,3,3,2,-1,-1,-1,2,2,2,2,0,0,-1,-1,-1
clade_33,0,2,0,0,2,0,2,0,0,4,4,3,-1,-1,-1,2,2,2,2,0,0,-1,-1,-1
RW.ACGCCGATCCGTTGCT-1,3,2,0,0,2,0,2,0,0,4,4,3,-1,-1,-1,2,2,2,2,0,0,-1,-1,-1
RW.AGATTGCTCTAACTGG-1,0,2,0,0,2,0,2,0,0,4,4,3,-1,-1,-1,2,2,2,2,0,0,-1,-1,-1
clade_8,0,0,0,0,2,0,2,0,0,0:0.01/2:0.99,0:0.01/2:0.99,0,2,2,0,2,2,2,2,0,0,-1,-1,-1
RW.GTTTCTAGTTCACCTC-1,2,2,0,0,2,0,2,0,0,2,2,0,2,2,2,2,2,2,2,0,0,-1,-1,-1
clade_9,0,0,0,0,2,0,2,0,0:0.04/4:0.96,2,2,0,2,2,0,2,2,2,2,0,0,-1,-1,-1
M2.TCGAGGCAGGGAACGG-1,0,3,4,0,2,0,2,0,4,2,2,0,2,2,0,2,2,2,2,0,0,-1,-1,-1
clade_10,0,0:0.05/2:0.95,0,0,2,0,2,0,4,2,2,0,2,2,0,2,2,2,2,0,0,-1,-1,-1
clade_11,0,0:0.01/2:0.99,0,0,2,0,2,0,4,-1:0.86/2:0.14,-1:0.86/2:0.14,0:0.13/-1:0.86/0:0.002/2:0.002/3:0.002/4:0.002/5:0.002,2,2,0,2,2,2,2,0,0,-1,-1,-1
M1.ACGCCAGCAAGGTGTG-1,6,2,2,0,2,3,2,4,4,-1,-1,-1,2,2,3,2,2,2,2,-1,-1,-1,-1,-1
clade_14,0,2,0,5,2,0,2,0,4,-1,-1,-1,2,2,0,2,2,2,2,0,0,-1,-1,-1
Liv.ACGGGCTAGAAGAAGC-1,0,2,0,5,2,0,2,0,4,-1,-1,-1,2,2,0,2,2,2,2,0,0,-1,-1,-1
Liv.CTGATCCTCACGACTA-1,0,2,0,5,2,0,2,0,4,-1,-1,-1,2,2,0,2,2,2,2,0,0,-1,-1,-1
I2,0,2,0,0,2,0,2,0,4,2,2,0,2,2,0,2,2,2,2,0,0,-1,-1,-1
I3,0,2,0,0,2,0,2,0,4,2,2,0,2,2,0,2,2,2,2,0,0,-1,-1,-1
M2.CGTCCATGTACCGTAT-1,0,2,0,2,2,0,2,0,4,2,2,0,2,2,0,2,2,2,2,0,2,-1,-1,-1
I4,0,2,0,0,2,0,2,0,4,2,2,0,2,2,0,2,2,2,2,0,0,-1,-1,-1
I5,0,2,0,0,2,0,2,0,4,2,2,0,2,2,0,2,2,2,2,0,0,-1,-1,-1
M2.GCATACAAGCTGAACG-1,0,2,0,0,2,0,2,0,4,2,2,5,2,2,0,2,2,2,2,0,0,-1,-1,-1
clade_19,0,2,0,0,2,0,2,0,4,2,2,0,2,2,5,2,2,2,2,0,0,-1,-1,-1
M2.CGTAGGCAGAAACCAT-1,0,2,0,0,2,0,2,0,4,2,2,0,2,2,5,2,2,2,2,0,0,-1,-1,-1
M1.GACCAATCATCAGTCA-1,0,2,0,0,2,0,2,0,4,2,2,0,2,2,5,2,2,2,2,0,0,-1,-1,-1
I6,0,2,0,0,2,0,2,0,4,2,2,0,2,2,0,2,2,2,2,0,0,-1,-1,-1
M1.AGAGCGATCACTGGGC-1,0,2,0,0,2,0,2,0,4,2,2,0,2,2,0,2,2,2,2,0,0,-1,-1,-1
M1.GCTGCAGTCTCTTATG-1,0,2,0,0,2,0,2,0,4,2,2,0,2,2,0,2,2,2,2,0,0,-1,-1,-1
M1.AGACGTTCAGTGGAGT-1,5,2,0,0,2,0,2,0,4,2,2,0,2,2,4,2,2,2,2,0,0,-1,-1,-1
clade_37,0,0:0.61/2:0.39,0:0.61/2:0.39,0,0:0.01/2:0.99,0,0:0.03/-1:0.82/2:0.15,0:0.15/-1:0.82/0:0.006/2:0.006/3:0.006/4:0.006/5:0.006,0:0.15/-1:0.82/0:0.006/2:0.006/3:0.006/4:0.006/5:0.006,0:0.61/3:0.39,0:0.61/3:0.39,0:0.61/2:0.39,2,0:0.01/2:0.99,0:0.08/3:0.92,0,0,0:0.01/2:0.99,0:0.01/2:0.99,0,0,0:0.01/-1:0.99,0:0.01/-1:0.99,0:0.01/-1:0.99
RW.CCGGTAGGTTTAAGCC-1,0,2,2,0,2,0,-1,-1,-1,3,3,2,2,2,3,0,0,2,2,0,0,-1,-1,-1
M1.CACCAGGTCCCAAGAT-1,-1,-1,-1,0,2,3,-1,-1,-1,-1,-1,-1,2,2,3,0,4,2,2,2,0,-1,-1,-1
clade_49,0,0,0,0,0,0:0.06/3:0.94,0:0.11/3:0.89,0,0,0:0.02/6:0.98,0,0,0,0,0:0.34/3:0.66,0:0.07/3:0.93,0,0,0,0,0,0,0,0
I7,0,0,0,0,0,3,0:0.01/3:0.99,0,0,6,0,0,0,0,0:0.01/3:0.99,3,0,0,0,0:0.03/-1:0.96/0:0.003/2:0.003/3:0.003,0:0.03/-1:0.96/0:0.003/2:0.003/3:0.003,0,0,0
clade_55,0,0,0,0,0,3,3,0:0.02/3:0.98,0,6,0,0,0,0,3,3,0,0,0,-1,-1,0,0,0
I8,0,0,0,0,0,3,3,3,0,6,0,0,0,0,3,3,0,0,0,-1,-1,0,0,0
RE.GGGCATCGTCTAAACC-1,0,0,3,0,0,3,3,3,0,6,0,4,4,0,3,-1,-1,-1,0,-1,-1,0,0,0
I9,0,0,0,0,0,3,3,3,0,6,0,0,0,0,3,3,0,0,0,-1,-1,0,0,0
RE.GTCACAAAGCCACCTG-1,-1,-1,-1,0,0,3,3,3,0,6,6,0,0,0,3,3,0,0,0,-1,-1,0,0,0
clade_58,0,0,0,0,0,3,3,3,0,6,0,0,0:0.01/3:0.99,0,3,3,0,0,0,-1,-1,0,0,0
RE.CGAGCCAGTGCCTGCA-1,4,0,0,2,0,3,3,3,0,6,0,0,3,0,3,3,0,0,0,-1,-1,0,0,0
RE.CGCCAAGCATCGATGT-1,0,0,0,0,0,3,3,3,0,6,0,0,3,0,3,3,0,0,0,-1,-1,0,2,0
clade_64,0,0,0,0:0.18/-1:0.81/0:0.002/2:0.002/3:0.002/4:0.002/5:0.002,0:0.18/-1:0.81/2:0.003/0:0.003/3:0.003,-1:0.81/3:0.19,3,3,0:0.11/3:0.89,6,0,0,0,0,3,3,0,0,0,-1,-1,0,0,0
RE.CGATGTATCATCACCC-1,0,0,0,-1,-1,-1,3,3,3,-1,-1,-1,0,0,3,3,0,0,-1,-1,-1,0,3,2
RE.CGAGAAGGTTGAGTTC-1,-1,-1,-1,-1,-1,-1,3,3,3,6,0,0,5,0,3,3,3,0,0,-1,-1,0,0,0
RE.TTGACTTTCAGTGTTG-1,-1,-1,-1,0,0,3,3,2,2,6,0,0,3,0,3,3,0,0,0,-1,-1,0,0,0
M2.GACGGCTTCATGCATG-1,-1,-1,-1,0,0,3,3,0,0,6,7,0,-1,-1,-1,3,0,0,0,0,0,2,4,0
