((((((((Liv.GGACATTCATTGGCGC-1:0,Liv.ACGGAGAAGTGGAGAA-1:0)clade_18:0.099,Liv.AACTGGTGTCAGAGGT-1:3.096)I12:3.002,(Liv.CGATGTATCTGCAAGT-1:0,Liv.CAACCAATCTCTTGAT-1:0)clade_17:2.099)clade_15:0.939,Liv.GCGCCAACACTACAGT-1:3.038)I11:0.013,Liv.AGTCTTTAGTCGAGTG-1:6.025)clade_12:14.835,(LL.CGAGAAGAGATAGGAG-1:17.338,M1.ACTTTCAAGAGGTTAT-1:15.047)clade_7:5.759)clade_6:0.155,((((((M1.AACTCCCAGTGGTCCC-1:2.031,M1.TCTTCGGGTTGGTGGA-1:0.031)I10:3.741,(((((M2.AACTCTTCACGTTGGC-1:0,M2.CTCGTACTCGAACGGA-1:1)I9:0,M1.TCATTTGCAGGAATGC-1:1)I8:0,M1.AGTAGTCCAACTGCGC-1:1)I7:0.119,(RW.CATCAGACACTTAAGC-1:0.076,M1.AGGGAGTCAGGGTATG-1:2.076)clade_44:3.048)clade_52:2.395,M1.ACAGCTAAGACTAGAT-1:5.762)I6:4.2)clade_43:1.231,((M2.GGGACCTAGAGTGACC-1:3.131,M2.CGGTTAACAGCTGCAC-1:3.096)clade_57:0.933,(M2.CACTCCACAACTTGAC-1:0,M2.CATGGCGCATCACAAC-1:0)I5:0.073)clade_56:6.389)clade_42:2.556,(M2.GTCACAAAGTCGATAA-1:10.014,((M1.GGCGTGTGTAGGAGTC-1:0,M1.ACGAGGACATCGATTG-1:0)clade_64:11.945,((((M1.GTAACGTCATGCATGT-1:6.039,(M1.GCATGATGTCTGATCA-1:4.051,M1.ATCTACTCAGACTCGC-1:1.051)I4:0.923)clade_71:0.079,M2.CGGGTCAGTCGGATCC-1:7.052)clade_61:0.029,M1.AGGGTGACAAGTTCTG-1:5.008)clade_65:1.386,M1.TTTATGCTCTAACTTC-1:9.465)I3:1.73)clade_60:1.052)clade_37:0.021)clade_38:1.323,M1.TACAGTGGTCTCTCGT-1:11.341)clade_30:6.699,(((Liv.CGGACGTTCCCAACGG-1:4.052,(Liv.AGGTCATGTGTAAGTA-1:0,Liv.CCCATACTCATCATTC-1:0)clade_29:1.088)I2:0.009,Liv.CGAACATGTATAGGTA-1:4.075)clade_24:8.796,RE.AACACGTCACGCATCG-1:7.968)clade_21:9.195)I1:2.669)root:0)I0;
I0,0,0,0,0,0,0,0,0,0,0,0,0,0,0,0,0,0,0,0,0,0,0,0
root,0,0,0,0,0,0,0,0,0,0,0,0,0,0,0,0,0,0,0,0,0,0,0
I1,0:0.2/2:0.8,0,0,0,0,0,0,0,0,0,0:0.8/2:0.2,0:0.81/2:0.19,0:0.81/2:0.19,0,0,0,0,0,0,0,0,0:0.36/-1:0.6/2:0.013/0:0.013/3:0.013,0:0.36/-1:0.6/2:0.02/3:0.02
clade_21,0:0.02/2:0.98,0,0,0,0:0.06/3:0.94,0,0,0,0:0.16/-1:0.76/2:0.02/3:0.02/0:0.02/4:0.02,0:0.16/-1:0.76/2:0.02/0:0.02/3:0.02/4:0.02,0:0.11/2:0.89,0:0.16/2:0.84,0:0.16/2:0.84,0,0:0.54/2:0.46,0,0:0.1/2:0.9,0:0.08/2:0.92,0:0.07/2:0.93,0,0:0.45/6:0.55,0:0.06/-1:0.9/2:0.013/0:0.013/3:0.013,0:0.06/-1:0.9/2:0.02/3:0.02
RE.AACACGTCACGCATCG-1,2,0,3,2,3,3,0,2,-1,-1,2,2,2,0,2,0,2,2,2,-1,-1,-1,-1
clade_24,2,8,0:0.04/2:0.96,0,3,2,2,0,-1,-1,2,0:0.01/2:0.99,0:0.01/2:0.99,0:0.01/-1:0.99,-1:0.99/2:0.01,0:0.01/-1:0.99,2,2,2,0,6,-1,-1
Liv.CGAACATGTATAGGTA-1,2,8,2,7,3,2,2,0,-1,-1,-1,-1,-1,-1,-1,-1,2,2,2,0,6,-1,-1
I2,2,8,0:0.03/2:0.97,0,3,2,2,0,-1,-1,2,0:0.01/2:0.99,0:0.01/2:0.99,-1:0.99/0:0.002/2:0.002/3:0.002/4:0.002/5:0.002,-1:0.99/2:0.01,-1:0.99/0:0.003/2:0.003/3:0.003/4:0.003,2,2,2,0,6,-1,-1
clade_29,2,8,2,0,3,2,2,8,-1,-1,2,2,2,-1,-1,-1,2,2,2,0,6,-1,-1
Liv.CCCATACTCATCATTC-1,2,8,2,0,3,2,2,8,-1,-1,2,2,2,-1,-1,-1,2,2,2,0,6,-1,-1
Liv.AGGTCATGTGTAAGTA-1,2,8,2,0,3,2,2,8,-1,-1,2,2,2,-1,-1,-1,2,2,2,0,6,-1,-1
Liv.CGGACGTTCCCAACGG-1,2,8,-1,-1,-1,2,2,7,-1,-1,2,2,2,-1,-1,-1,2,2,2,0,6,-1,-1
clade_30,0:0.01/2:0.99,0,0:0.04/2:0.96,0,0,0,0,0,0,0,0:0.04/-1:0.93/2:0.03,0:0.04/-1:0.93/2:0.03,0:0.04/-1:0.93/2:0.03,0,0,0,0:0.03/3:0.97,0,0:0.02/3:0.98,0,0,0:0.02/-1:0.97/2:0.003/0:0.003/3:0.003,0:0.02/-1:0.97/2:0.005/3:0.005
M1.TACAGTGGTCTCTCGT-1,2,4,2,0,2,2,2,0,3,3,-1,-1,-1,-1,-1,-1,3,0,3,-1,-1,-1,-1
clade_38,2,0,2,0,0,0,0,0,0:0.01/2:0.99,0,-1,-1,-1,0,0,0,3,0,3,0,0,-1,-1
clade_37,2,0,2,0,0,0,0,0,0:0.01/2:0.99,0,-1,-1,-1,0,0,0,3,0,3,0:0.99/3:0.01,0:0.99/3:0.01,-1,-1
clade_60,2,0,2,0,0,0,0,0:0.14/6:0.86,2,0,-1,-1,-1,0,0,0,3,0,3,0:0.9/3:0.1,0:0.9/3:0.1,-1,-1
I3,2,0,2,0,0,0,0,0:0.01/6:0.99,2,0,-1,-1,-1,0,0,0,3,0,3,0:0.18/-1:0.77/3:0.05,0:0.18/-1:0.77/3:0.05,-1,-1
M1.TTTATGCTCTAACTTC-1,2,0,-1,-1,-1,4,4,6,-1,-1,-1,-1,-1,0,3,3,3,0,3,-1,-1,-1,-1
clade_65,2,0,2,0,0,0,0,6,2,0,-1,-1,-1,0,0:0.07/2:0.93,0,3,0,3,-1,-1,-1,-1
M1.AGGGTGACAAGTTCTG-1,2,6,2,0,0,3,0,6,2,0,-1,-1,-1,-1,-1,-1,3,0,3,-1,-1,-1,-1
clade_61,2,0,2,0,0,0,0,6,2,0,-1,-1,-1,0,0:0.05/2:0.95,0,3,0,3,-1,-1,-1,-1
M2.CGGGTCAGTCGGATCC-1,-1,-1,2,5,4,-1,-1,-1,2,0,-1,-1,-1,0,2,0,3,0,3,-1,-1,-1,-1
clade_71,2,0,2,0,0:0.93/6:0.07,0,0,6,2,0,-1,-1,-1,0,0:0.04/2:0.96,0,3,0,3,-1,-1,-1,-1
I4,2,0,2,0,0:0.05/6:0.95,0,0,6,2,0,-1,-1,-1,0,0:0.01/2:0.99,0,3,0,3,-1,-1,-1,-1
M1.ATCTACTCAGACTCGC-1,2,0,2,0,6,0,0,6,2,0,-1,-1,-1,0,2,2,3,0,3,-1,-1,-1,-1
M1.GCATGATGTCTGATCA-1,2,0,2,0,6,0,0,6,-1,-1,-1,-1,-1,4,2,4,3,0,3,-1,-1,-1,-1
M1.GTAACGTCATGCATGT-1,2,0,-1,-1,-1,0,5,6,2,4,-1,-1,-1,3,2,0,3,0,3,-1,-1,-1,-1
clade_64,2,0,2,0,5,5,6,6,2,2,-1,-1,-1,-1,-1,-1,-1,-1,-1,3,3,-1,-1
M1.ACGAGGACATCGATTG-1,2,0,2,0,5,5,6,6,2,2,-1,-1,-1,-1,-1,-1,-1,-1,-1,3,3,-1,-1
M1.GGCGTGTGTAGGAGTC-1,2,0,2,0,5,5,6,6,2,2,-1,-1,-1,-1,-1,-1,-1,-1,-1,3,3,-1,-1
M2.GTCACAAAGTCGATAA-1,2,0,2,3,3,3,3,3,2,0,-1,-1,-1,-1,-1,-1,3,0,3,-1,-1,-1,-1
clade_42,2,0,2,0,0:0.03/2:0.97,0,0,0,2,0:0.05/2:0.95,-1,-1,-1,0,0:0.38/2:0.62,0,3,0,3,0,0,-1,-1
clade_56,2,0,2,4,2,0,0,0:0.01/5:0.99,2,2,-1,-1,-1,0:0.02/2:0.98,0:0.02/2:0.98,0:0.02/2:0.98,3,3,3,0,2,-1,-1
I5,2,0,2,4,2,0,0,5,2,2,-1,-1,-1,2,2,2,3,3,3,0,2,-1,-1
M2.CATGGCGCATCACAAC-1,2,0,2,4,2,0,0,5,2,2,-1,-1,-1,2,2,2,3,3,3,0,2,-1,-1
M2.CACTCCACAACTTGAC-1,2,0,2,4,2,0,0,5,2,2,-1,-1,-1,2,2,2,3,3,3,0,2,-1,-1
clade_57,2,0:0.09/2:0.91,2,4,2,0,0,0:0.01/5:0.99,2,2,-1,-1,-1,0:0.01/2:0.99,0:0.01/2:0.99,0:0.02/2:0.98,3,3,3,0,2,-1,-1
M2.CGGTTAACAGCTGCAC-1,2,2,2,4,2,0,0,5,2,2,-1,-1,-1,-1,-1,-1,3,3,3,0,2,-1,-1
M2.GGGACCTAGAGTGACC-1,2,2,2,4,2,-1,-1,-1,2,2,-1,-1,-1,2,2,2,3,3,3,0,2,-1,-1
clade_43,2,0,2,0,2,0:0.74/2:0.26,0:0.73/2:0.27,0,2,0:0.01/2:0.99,-1,-1,-1,0,0:0.33/2:0.67,0,3,0,3,0:0.42/2:0.58,0,-1,-1
I6,2,0,2,0,2,0:0.04/2:0.96,0:0.03/2:0.97,0,2,2,-1,-1,-1,0:0.12/-1:0.86/0:0.004/2:0.004/3:0.004/4:0.004/5:0.004,0:0.04/-1:0.86/2:0.1,0:0.12/-1:0.86/0:0.005/2:0.005/3:0.005/4:0.005,3,0,3,0:0.26/2:0.74,0,-1,-1
M1.ACAGCTAAGACTAGAT-1,-1,-1,2,0,2,2,2,0,2,2,-1,-1,-1,-1,-1,-1,-1,-1,-1,2,0,-1,-1
clade_52,2,0,2,0,2,2,2,0,2,2,-1,-1,-1,-1:0.99/0:0.002/2:0.002/3:0.002/4:0.002/5:0.002,-1:0.99/2:0.01,-1:0.99/0:0.003/2:0.003/3:0.003/4:0.003,3,0,3,0:0.01/-1:0.95/2:0.04,0:0.04/-1:0.95/2:0.002/0:0.002/3:0.002/4:0.002/5:0.002/6:0.002,-1,-1
clade_44,2,0,2,0,2,2,2,0,2,2,-1,-1,-1,-1,-1,-1,-1:0.98/3:0.02,0:0.02/-1:0.98,-1:0.98/3:0.02,-1,-1,-1,-1
M1.AGGGAGTCAGGGTATG-1,-1,-1,2,0,2,2,2,0,2,2,-1,-1,-1,-1,-1,-1,-1,-1,-1,-1,-1,-1,-1
RW.CATCAGACACTTAAGC-1,2,0,2,0,2,2,2,0,2,2,-1,-1,-1,-1,-1,-1,-1,-1,-1,-1,-1,-1,-1
I7,2,0,2,0,2,2,2,0,2,2,-1,-1,-1,-1,-1,-1,3,0,3,-1,-1,-1,-1
M1.AGTAGTCCAACTGCGC-1,2,5,2,0,2,2,2,0,2,2,-1,-1,-1,-1,-1,-1,3,0,3,-1,-1,-1,-1
I8,2,0,2,0,2,2,2,0,2,2,-1,-1,-1,-1,-1,-1,3,0,3,-1,-1,-1,-1
M1.TCATTTGCAGGAATGC-1,2,3,2,0,2,2,2,0,2,2,-1,-1,-1,-1,-1,-1,3,0,3,-1,-1,-1,-1
I9,2,0,2,0,2,2,2,0,2,2,-1,-1,-1,-1,-1,-1,3,0,3,-1,-1,-1,-1
M2.CTCGTACTCGAACGGA-1,2,0,2,0,2,2,2,4,2,2,-1,-1,-1,-1,-1,-1,3,0,3,-1,-1,-1,-1
M2.AACTCTTCACGTTGGC-1,2,0,2,0,2,2,2,0,2,2,-1,-1,-1,-1,-1,-1,3,0,3,-1,-1,-1,-1
I10,2,0,2,0,2,-1:0.99/2:0.01,-1:0.99/2:0.01,0:0.01/-1:0.99,2,2,-1,-1,-1,0,2,0,3,0,3,2,0,-1,-1
M1.TCTTCGGGTTGGTGGA-1,2,0,2,0,2,-1,-1,-1,2,2,-1,-1,-1,0,2,0,3,0,3,2,0,-1,-1
M1.AACTCCCAGTGGTCCC-1,-1,-1,2,0,2,-1,-1,-1,2,2,-1,-1,-1,0,2,0,3,0,3,2,0,-1,-1
clade_6,0,0,0:0.98/4:0.02,0,0,0:0.97/-1:0.03,0:0.97/-1:0.03,0:0.97/-1:0.03,0,0,0,0:0.99/3:0.01,0:0.99/3:0.01,0:0.99/5:0.01,0:0.99/2:0.01,0,0,0,0,0,0,0,0
clade_7,0,0,0:0.44/4:0.56,0,0,0:0.54/-1:0.36/2:0.02/3:0.02/0:0.02/4:0.02/5:0.02,0:0.54/-1:0.36/2:0.017/0:0.017/3:0.017/4:0.017/5:0.017/6:0.017,0:0.54/-1:0.36/0:0.013/2:0.013/3:0.013/4:0.013/5:0.013/6:0.013/7:0.013/8:0.013,0,0,0:0.56/-1:0.34/2:0.033/0:0.033/3:0.033,0:0.55/-1:0.34/3:0.11,0:0.55/-1:0.34/3:0.11,0:0.55/-1:0.34/5:0.11,0:0.55/-1:0.34/2:0.11,0:0.56/-1:0.34/0:0.025/2:0.025/3:0.025/4:0.025,0:0.78/4:0.22,0:0.78/4:0.22,0,0:0.78/4:0.22,0:0.78/4:0.22,0:0.78/2:0.22,0:0.78/2:0.22
M1.ACTTTCAAGAGGTTAT-1,3,7,4,6,0,-1,-1,-1,0,2,-1,-1,-1,-1,-1,-1,4,4,0,4,4,2,2
LL.CGAGAAGAGATAGGAG-1,5,0,4,8,7,-1,-1,-1,4,0,-1,-1,-1,-1,-1,-1,-1,-1,-1,-1,-1,-1,-1
clade_12,4,0,-1,-1,-1,-1,-1,-1,0,2,0,0:0.01/3:0.99,0:0.01/3:0.99,5,0:0.01/2:0.99,0,5,0,0,0,5,0,3
Liv.AGTCTTTAGTCGAGTG-1,4,9,-1,-1,-1,-1,-1,-1,0,2,-1,-1,-1,5,2,0,5,0,6,0,5,3,3
I11,4,0,-1,-1,-1,-1,-1,-1,0,2,0,0:0.01/3:0.99,0:0.01/3:0.99,5,2,0,5,0,0,0,5,0,3
Liv.GCGCCAACACTACAGT-1,4,0,-1,-1,-1,-1,-1,-1,0,2,3,3,3,5,2,0,5,5,5,0,5,0,3
clade_15,4,0,-1,-1,-1,-1,-1,-1,0,2,0,3,3,5,2,0,5,0,0:0.09/4:0.91,0,5,0,3
clade_17,-1,-1,-1,-1,-1,-1,-1,-1,0,2,0,3,3,5,2,0,5,0,4,0,5,0,3
Liv.CAACCAATCTCTTGAT-1,-1,-1,-1,-1,-1,-1,-1,-1,0,2,0,3,3,5,2,0,5,0,4,0,5,0,3
Liv.CGATGTATCTGCAAGT-1,-1,-1,-1,-1,-1,-1,-1,-1,0,2,0,3,3,5,2,0,5,0,4,0,5,0,3
I12,4,0,-1,-1,-1,-1,-1,-1,0,2,0,3,3,-1:0.97/5:0.03,-1:0.97/2:0.03,0:0.03/-1:0.97,5,0,4,0,5,0,3
Liv.AACTGGTGTCAGAGGT-1,4,0,-1,-1,-1,-1,-1,-1,0,2,-1,-1,-1,-1,-1,-1,5,0,4,0,5,0,3
clade_18,4,0,-1,-1,-1,-1,-1,-1,0,2,0,3,3,-1,-1,-1,5,0,4,0,5,0,3
Liv.ACGGAGAAGTGGAGAA-1,4,0,-1,-1,-1,-1,-1,-1,0,2,0,3,3,-1,-1,-1,5,0,4,0,5,0,3
Liv.GGACATTCATTGGCGC-1,4,0,-1,-1,-1,-1,-1,-1,0,2,0,3,3,-1,-1,-1,5,0,4,0,5,0,3
