(((M2.CACAAACCAGTCGATT-1:15.362,(((((RW.GACTACATCTCTTATG-1:4.058,((RE.CATCAAGAGGCAGGTT-1:1.972,RE.AAAGTAGGTCTTTCAT-1:5.155)clade_9:1.048,(RW.AGTGTCAAGTGTTTGC-1:1,RW.GGACATTCATACTACG-1:0)I23:0.02)clade_7:1.038)clade_6:0.97,RW.GTCTCGTGTGACTCAT-1:2.028)clade_14:0.974,((RE.GACGTTACAAGGACAC-1:4.005,M1.ACTTACTAGAGTGAGA-1:7.004)I22:0,((RW.TGAGCCGAGCTAACAA-1:4.17,RW.ATCCGAAGTGCATCTA-1:1.17)clade_30:4.365,RE.CTCTACGGTCTCCCTA-1:6.429)clade_26:0.576)I21:0.997)clade_17:0.011,(M1.TGAGGGATCAGAGGTG-1:4.568,RE.TGACTAGCACCAGCAC-1:4.568)clade_33:4.535)I20:0.003,RW.GGGCACTGTGTGCGTC-1:9.016)clade_5:1.365)clade_4:13.699,(((RW.TTCGGTCCAGCGTAAG-1:0.654,RW.ATGGGAGCATTACCTT-1:5.365)clade_44:11.366,(M1.CACAGGCAGAACTGTA-1:10.985,LL.CGATTGATCCAATGGT-1:7.226)clade_43:7.987)clade_40:10.337,(((((((M2.ACAGCCGCACCCAGTG-1:0,M1.CCTAGCTGTAGCTGCC-1:0)clade_62:2.005,((((M1.TGAAAGAGTCTCACCT-1:0,RW.GCGCAGTGTAGGGACT-1:0)I19:0,(M1.AGTAGTCCAAGCCGCT-1:0,M1.TCAGATGGTGTTTGTG-1:0)I18:0)I17:0,((RE.AGCGTATCAATGTTGC-1:0,RW.GTGGGTCAGCTGCAAG-1:0)I16:0,RW.TGAGCCGTCCGTCATC-1:0)clade_65:1)I15:0.003,(M1.TCGTACCCACAACGCC-1:0,M1.GTGAAGGGTCTAGGTT-1:0)clade_64:3.004)clade_63:0.002)I14:1.997,RW.CCAGCGATCATAGCAC-1:0.992)clade_61:0.009,(((((RW.GGAGCAAGTCACTGGC-1:1.001,((RW.AGGCCACGTCAAAGCG-1:0,RW.CATATTCCATGAAGTA-1:0)I13:0,(RW.CATGGCGGTCATCCCT-1:0,(RW.GGAGCAACAGGTGGAT-1:0,RW.GTGCTTCGTGCTAGCC-1:0)I12:0)I11:0)I10:0.001)I9:0.005,RW.CGCTTCATCCGGGTGT-1:2.006)I8:0.004,RW.ACTTACTAGTAGGTGC-1:5.01)clade_55:3.058,((M2.CCCTCCTCAGACTCGC-1:1,(RW.AAGCCGCGTAGCGTAG-1:0,RW.CACACCTGTCTAAACC-1:0)I7:0)I6:0,RW.CGGAGTCTCAAGAAGT-1:1)I5:0.068)clade_54:0.933,(Liv.GCGCAACTCGTCTGCT-1:0.859,M1.GTTCTCGGTACCATCA-1:3)clade_66:0.142)I4:0)I3:0.138,(((RW.CTTCTCTCAGGATTGG-1:0,RW.ACCAGTAGTGCGAAAC-1:0)clade_70:1.033,M1.CGATGTATCACCTCGT-1:4.032)clade_68:0.003,((M1.CTTACCGGTCACACGC-1:0,M2.CCACTACAGCACGCCT-1:0)clade_69:0.048,(M1.GCTTGAAGTCTAGCCG-1:0.029,M1.TGCGCAGAGACTACAA-1:2.029)clade_71:1.019)I2:1.994)I1:2.999)clade_53:6.275,M2.CTCTGGTTCAACACAC-1:10.318)clade_52:0.046,(RW.CACCAGGCACACATGT-1:0,RW.GCTCCTAAGAGTACCG-1:0)clade_51:6.46)clade_50:13.569)clade_1:1.467)root:0)I0;
I0,0,0,0,0,0,0,0,0,0,0,0,0,0,0,0,0,0,0,0,0,0,0,0,0
root,0,0,0,0,0,0,0,0,0,0,0,0,0,0,0,0,0,0,0,0,0,0,0,0
clade_1,0:0.66/2:0.34,0,0,0,0,0,0,0,0,0,0,0,0,0,0:0.89/2:0.11,0,0,0,0,0:0.94/3:0.06,0:0.93/6:0.07,0:0.93/5:0.07,0:0.59/-1:0.38/2:0.007/0:0.007/3:0.007/4:0.007,0:0.59/-1:0.38/0:0.004/2:0.004/3:0.004/4:0.004/5:0.004/6:0.004/7:0.004
clade_50,2,0,0:0.01/-1:0.97/2:0.007/3:0.007/4:0.007,0:0.01/-1:0.97/2:0.003/3:0.003/0:0.003/4:0.003/5:0.003/6:0.003/7:0.003,0,0,0,0,0:0.01/3:0.99,0,0,0,0,0:0.13/3:0.87,0:0.01/-1:0.97/2:0.02,0:0.02/3:0.98,0:0.02/2:0.98,3,0:0.02/3:0.98,0:0.01/-1:0.97/3:0.02,0:0.01/-1:0.97/6:0.02,0:0.01/-1:0.97/5:0.02,0:0.01/-1:0.98/2:0.003/0:0.003/3:0.003/4:0.003,0:0.01/-1:0.98/0:0.001/2:0.001/3:0.001/4:0.001/5:0.001/6:0.001/7:0.001
clade_51,2,4,-1,-1,4,4,5,6,3,0,2,0,0,3,-1,3,2,3,3,-1,-1,-1,-1,-1
RW.GCTCCTAAGAGTACCG-1,2,4,-1,-1,4,4,5,6,3,0,2,0,0,3,-1,3,2,3,3,-1,-1,-1,-1,-1
RW.CACCAGGCACACATGT-1,2,4,-1,-1,4,4,5,6,3,0,2,0,0,3,-1,3,2,3,3,-1,-1,-1,-1,-1
clade_52,2,0,0:0.01/-1:0.97/2:0.007/3:0.007/4:0.007,0:0.01/-1:0.97/2:0.003/3:0.003/0:0.003/4:0.003/5:0.003/6:0.003/7:0.003,0:0.99/3:0.01,0:0.99/3:0.01,0,0,0:0.01/3:0.99,0,0,0:0.99/3:0.01,0,0:0.13/3:0.87,0:0.01/-1:0.97/2:0.02,0:0.02/3:0.98,0:0.02/2:0.98,3,0:0.02/3:0.98,0:0.01/-1:0.97/3:0.02,0:0.01/-1:0.97/6:0.02,0:0.01/-1:0.97/5:0.02,0:0.01/-1:0.98/2:0.003/0:0.003/3:0.003/4:0.003,0:0.01/-1:0.98/0:0.001/2:0.001/3:0.001/4:0.001/5:0.001/6:0.001/7:0.001
M2.CTCTGGTTCAACACAC-1,2,5,-1,-1,-1,-1,6,8,3,5,10,-1,-1,-1,-1,3,2,3,3,-1,-1,-1,-1,-1
clade_53,2,0,-1,-1,0:0.01/3:0.99,0:0.01/3:0.99,0:0.01/3:0.99,0,3,0:0.01/3:0.99,3,0:0.1/3:0.9,0,0:0.01/3:0.99,-1,3,2,3,3,-1,-1,-1,-1,-1
I1,2,0,-1,-1,3,3,3,0,3,3,3,-1:0.99/3:0.01,0:0.01/-1:0.99,-1:0.99/3:0.01,-1,3,2,3,3,-1,-1,-1,-1,-1
I2,-1:0.98/2:0.02,0:0.02/-1:0.98,-1,-1,3,3,3,0,3,3,3,-1,-1,-1,-1,3,2,3,3,-1,-1,-1,-1,-1
clade_71,-1,-1,-1,-1,3,3,3,0:0.03/9:0.97,3,3,3,-1,-1,-1,-1,3,2,3,3,-1,-1,-1,-1,-1
M1.TGCGCAGAGACTACAA-1,-1,-1,-1,-1,3,3,3,9,3,-1,-1,-1,-1,-1,-1,3,2,3,3,-1,-1,-1,-1,-1
M1.GCTTGAAGTCTAGCCG-1,-1,-1,-1,-1,3,3,3,9,3,3,3,-1,-1,-1,-1,3,2,3,3,-1,-1,-1,-1,-1
clade_69,-1,-1,-1,-1,3,3,3,0,3,3,3,-1,-1,-1,-1,3,2,3,3,-1,-1,-1,-1,-1
M2.CCACTACAGCACGCCT-1,-1,-1,-1,-1,3,3,3,0,3,3,3,-1,-1,-1,-1,3,2,3,3,-1,-1,-1,-1,-1
M1.CTTACCGGTCACACGC-1,-1,-1,-1,-1,3,3,3,0,3,3,3,-1,-1,-1,-1,3,2,3,3,-1,-1,-1,-1,-1
clade_68,2,0,-1,-1,3,3,3,0,3,3,3,-1:0.99/3:0.01,0:0.01/-1:0.99,-1:0.99/3:0.01,-1,3,2,3,3,-1,-1,-1,-1,-1
M1.CGATGTATCACCTCGT-1,2,6,-1,-1,3,3,3,11,3,-1,-1,-1,-1,-1,-1,3,2,3,3,-1,-1,-1,-1,-1
clade_70,2,0,-1,-1,3,3,3,7,3,3,3,-1,-1,-1,-1,3,2,3,3,-1,-1,-1,-1,-1
RW.ACCAGTAGTGCGAAAC-1,2,0,-1,-1,3,3,3,7,3,3,3,-1,-1,-1,-1,3,2,3,3,-1,-1,-1,-1,-1
RW.CTTCTCTCAGGATTGG-1,2,0,-1,-1,3,3,3,7,3,3,3,-1,-1,-1,-1,3,2,3,3,-1,-1,-1,-1,-1
I3,2,0,-1,-1,3,3,3,0,3,3,3,3,0,3,-1,3,2,3,3,-1,-1,-1,-1,-1
I4,2,0,-1,-1,3,3,3,0,3,3,3,3,0,3,-1,3,2,3,3,-1,-1,-1,-1,-1
clade_66,2,0:0.86/7:0.14,-1,-1,3,3,3,0,3,3,3,3,0,3,-1,3,2,3,3,-1,-1,-1,-1,-1
M1.GTTCTCGGTACCATCA-1,-1,-1,-1,-1,3,3,3,10,3,3,3,3,0,3,-1,3,2,3,3,-1,-1,-1,-1,-1
Liv.GCGCAACTCGTCTGCT-1,2,7,-1,-1,3,3,3,0,3,3,3,3,0,3,-1,3,2,3,3,-1,-1,-1,-1,-1
clade_54,2,0,-1,-1,3,3,3,0:0.07/5:0.93,3,3,3,3,0,3,-1,3,2,3,3,-1,-1,-1,-1,-1
I5,2,0,-1,-1,3,3,3,5,3,3,3,3,0,3,-1,3,2,3,3,-1,-1,-1,-1,-1
RW.CGGAGTCTCAAGAAGT-1,2,0,-1,-1,3,3,3,5,3,3,3,3,3,3,-1,3,2,3,3,-1,-1,-1,-1,-1
I6,2,0,-1,-1,3,3,3,5,3,3,3,3,0,3,-1,3,2,3,3,-1,-1,-1,-1,-1
I7,2,0,-1,-1,3,3,3,5,3,3,3,3,0,3,-1,3,2,3,3,-1,-1,-1,-1,-1
RW.CACACCTGTCTAAACC-1,2,0,-1,-1,3,3,3,5,3,3,3,3,0,3,-1,3,2,3,3,-1,-1,-1,-1,-1
RW.AAGCCGCGTAGCGTAG-1,2,0,-1,-1,3,3,3,5,3,3,3,3,0,3,-1,3,2,3,3,-1,-1,-1,-1,-1
M2.CCCTCCTCAGACTCGC-1,2,6,-1,-1,3,3,3,5,3,3,3,3,0,3,-1,3,2,3,3,-1,-1,-1,-1,-1
clade_55,2,0,-1,-1,3,3,3,5,3,3,3,-1,-1,-1,-1,3,2,3,3,-1,-1,-1,-1,-1
RW.ACTTACTAGTAGGTGC-1,2,0,-1,-1,-1,-1,3,5,3,3,3,-1,-1,-1,-1,-1,-1,-1,3,-1,-1,-1,-1,-1
I8,2,0,-1,-1,3,3,3,5,3,3,3,-1,-1,-1,-1,3,2,3,3,-1,-1,-1,-1,-1
RW.CGCTTCATCCGGGTGT-1,2,0,-1,-1,3,3,3,5,3,-1,-1,-1,-1,-1,-1,3,2,3,3,-1,-1,-1,-1,-1
I9,2,0,-1,-1,3,3,3,5,3,3,3,-1,-1,-1,-1,3,2,3,3,-1,-1,-1,-1,-1
I10,2,0,-1,-1,3,3,3,5,3,3,3,-1,-1,-1,-1,3,2,3,3,-1,-1,-1,-1,-1
I11,2,0,-1,-1,3,3,3,5,3,3,3,-1,-1,-1,-1,3,2,3,3,-1,-1,-1,-1,-1
I12,2,0,-1,-1,3,3,3,5,3,3,3,-1,-1,-1,-1,3,2,3,3,-1,-1,-1,-1,-1
RW.GTGCTTCGTGCTAGCC-1,2,0,-1,-1,3,3,3,5,3,3,3,-1,-1,-1,-1,3,2,3,3,-1,-1,-1,-1,-1
RW.GGAGCAACAGGTGGAT-1,2,0,-1,-1,3,3,3,5,3,3,3,-1,-1,-1,-1,3,2,3,3,-1,-1,-1,-1,-1
RW.CATGGCGGTCATCCCT-1,2,0,-1,-1,3,3,3,5,3,3,3,-1,-1,-1,-1,3,2,3,3,-1,-1,-1,-1,-1
I13,2,0,-1,-1,3,3,3,5,3,3,3,-1,-1,-1,-1,3,2,3,3,-1,-1,-1,-1,-1
RW.CATATTCCATGAAGTA-1,2,0,-1,-1,3,3,3,5,3,3,3,-1,-1,-1,-1,3,2,3,3,-1,-1,-1,-1,-1
RW.AGGCCACGTCAAAGCG-1,2,0,-1,-1,3,3,3,5,3,3,3,-1,-1,-1,-1,3,2,3,3,-1,-1,-1,-1,-1
RW.GGAGCAAGTCACTGGC-1,2,3,-1,-1,3,3,3,5,3,3,3,-1,-1,-1,-1,3,2,3,3,-1,-1,-1,-1,-1
clade_61,2,0:0.99/3:0.01,-1,-1,3,3,3,0,3,3,3,3,0,3,-1,3,2,3,3,-1,-1,-1,-1,-1
RW.CCAGCGATCATAGCAC-1,2,3,-1,-1,3,3,3,0,3,3,3,3,0,3,-1,3,2,3,3,-1,-1,-1,-1,-1
I14,-1,-1,-1,-1,3,3,3,0,3,3,3,3,0,3,-1,3,2,3,3,-1,-1,-1,-1,-1
clade_63,-1,-1,-1,-1,3,3,3,0,3,3,3,3,0,3,-1,3,2,3,3,-1,-1,-1,-1,-1
clade_64,-1,-1,-1,-1,3,3,-1,-1,-1,3,3,3,0,3,-1,3,2,3,3,-1,-1,-1,-1,-1
M1.GTGAAGGGTCTAGGTT-1,-1,-1,-1,-1,3,3,-1,-1,-1,3,3,3,0,3,-1,3,2,3,3,-1,-1,-1,-1,-1
M1.TCGTACCCACAACGCC-1,-1,-1,-1,-1,3,3,-1,-1,-1,3,3,3,0,3,-1,3,2,3,3,-1,-1,-1,-1,-1
I15,-1,-1,-1,-1,3,3,3,0,3,3,3,3,0,3,-1,3,2,3,3,-1,-1,-1,-1,-1
clade_65,-1,-1,-1,-1,3,3,3,3,3,3,3,3,0,3,-1,3,2,3,3,-1,-1,-1,-1,-1
RW.TGAGCCGTCCGTCATC-1,-1,-1,-1,-1,3,3,3,3,3,3,3,3,0,3,-1,3,2,3,3,-1,-1,-1,-1,-1
I16,-1,-1,-1,-1,3,3,3,3,3,3,3,3,0,3,-1,3,2,3,3,-1,-1,-1,-1,-1
RW.GTGGGTCAGCTGCAAG-1,-1,-1,-1,-1,3,3,3,3,3,3,3,3,0,3,-1,3,2,3,3,-1,-1,-1,-1,-1
RE.AGCGTATCAATGTTGC-1,-1,-1,-1,-1,3,3,3,3,3,3,3,3,0,3,-1,3,2,3,3,-1,-1,-1,-1,-1
I17,-1,-1,-1,-1,3,3,3,0,3,3,3,3,0,3,-1,3,2,3,3,-1,-1,-1,-1,-1
I18,-1,-1,-1,-1,3,3,3,0,3,3,3,3,0,3,-1,3,2,3,3,-1,-1,-1,-1,-1
M1.TCAGATGGTGTTTGTG-1,-1,-1,-1,-1,3,3,3,0,3,3,3,3,0,3,-1,3,2,3,3,-1,-1,-1,-1,-1
M1.AGTAGTCCAAGCCGCT-1,-1,-1,-1,-1,3,3,3,0,3,3,3,3,0,3,-1,3,2,3,3,-1,-1,-1,-1,-1
I19,-1,-1,-1,-1,3,3,3,0,3,3,3,3,0,3,-1,3,2,3,3,-1,-1,-1,-1,-1
RW.GCGCAGTGTAGGGACT-1,-1,-1,-1,-1,3,3,3,0,3,3,3,3,0,3,-1,3,2,3,3,-1,-1,-1,-1,-1
M1.TGAAAGAGTCTCACCT-1,-1,-1,-1,-1,3,3,3,0,3,3,3,3,0,3,-1,3,2,3,3,-1,-1,-1,-1,-1
clade_62,-1,-1,-1,-1,3,3,3,0,3,-1,-1,3,0,3,-1,3,2,3,3,-1,-1,-1,-1,-1
M1.CCTAGCTGTAGCTGCC-1,-1,-1,-1,-1,3,3,3,0,3,-1,-1,3,0,3,-1,3,2,3,3,-1,-1,-1,-1,-1
M2.ACAGCCGCACCCAGTG-1,-1,-1,-1,-1,3,3,3,0,3,-1,-1,3,0,3,-1,3,2,3,3,-1,-1,-1,-1,-1
clade_40,0:0.42/2:0.58,0,0,0,0:0.3/2:0.7,0,0:0.12/2:0.88,0:0.05/2:0.95,0,0:0.6/2:0.4,0:0.59/2:0.41,0:0.3/2:0.7,0:0.3/2:0.7,0:0.4/2:0.6,0:0.07/2:0.93,0:0.63/2:0.37,0,0:0.63/2:0.37,0:0.21/2:0.79,0:0.51/3:0.49,0:0.44/6:0.56,0:0.45/5:0.55,0:0.11/-1:0.83/2:0.015/0:0.015/3:0.015/4:0.015,0:0.11/-1:0.83/0:0.009/2:0.009/3:0.009/4:0.009/5:0.009/6:0.009/7:0.009
clade_43,0:0.09/-1:0.64/2:0.27,0:0.22/-1:0.64/0:0.02/2:0.02/3:0.02/4:0.02/5:0.02/6:0.02/7:0.02,0,0,0:0.16/2:0.84,0:0.54/5:0.46,0:0.02/2:0.98,2,0,0:0.13/-1:0.64/2:0.23,0:0.13/-1:0.64/2:0.23,0:0.16/2:0.84,0:0.16/2:0.84,0:0.21/2:0.79,0:0.01/2:0.99,0:0.14/-1:0.64/2:0.22,0:0.22/-1:0.64/0:0.047/2:0.047/3:0.047,0:0.14/-1:0.64/2:0.22,0:0.05/2:0.95,0:0.16/3:0.84,0:0.05/6:0.95,0:0.07/5:0.93,0:0.02/-1:0.94/2:0.01/0:0.01/3:0.01/4:0.01,0:0.02/-1:0.94/0:0.006/2:0.006/3:0.006/4:0.006/5:0.006/6:0.006/7:0.006
LL.CGATTGATCCAATGGT-1,-1,-1,4,7,2,5,2,2,6,-1,-1,2,2,2,2,-1,-1,-1,2,3,6,5,-1,-1
M1.CACAGGCAGAACTGTA-1,-1,-1,2,2,-1,-1,2,2,5,-1,-1,-1,-1,-1,2,-1,-1,-1,2,3,6,5,-1,-1
clade_44,0:0.07/2:0.93,0,0:0.04/2:0.96,0:0.02/2:0.98,0:0.01/2:0.99,0:0.03/2:0.97,2,2,0:0.02/2:0.98,0:0.01/2:0.99,0:0.01/2:0.99,0:0.01/2:0.99,0:0.01/2:0.99,0:0.02/2:0.98,2,0:0.11/2:0.89,0,0:0.11/2:0.89,0:0.01/2:0.99,0:0.01/-1:0.94/3:0.05,0:0.01/-1:0.94/6:0.05,0:0.01/-1:0.94/5:0.05,-1:0.99/2:0.003/0:0.003/3:0.003/4:0.003,-1:0.99/0:0.001/2:0.001/3:0.001/4:0.001/5:0.001/6:0.001/7:0.001
RW.ATGGGAGCATTACCTT-1,-1,-1,2,2,2,2,2,2,2,2,2,2,2,2,2,-1,-1,-1,2,-1,-1,-1,-1,-1
RW.TTCGGTCCAGCGTAAG-1,2,0,2,2,2,2,2,2,2,2,2,2,2,2,2,2,0,2,2,-1,-1,-1,-1,-1
clade_4,0,0:0.02/2:0.98,0:0.15/3:0.85,0,0:0.02/-1:0.94/2:0.013/3:0.013/4:0.013,0:0.02/-1:0.94/2:0.01/3:0.01/4:0.01/5:0.01,0:0.15/4:0.85,0:0.14/4:0.86,0:0.15/4:0.85,0:0.03/4:0.97,0,0:0.15/2:0.85,0:0.15/2:0.85,0:0.15/2:0.85,0,0:0.04/4:0.96,0:0.04/3:0.96,0,0:0.04/4:0.96,0:0.07/2:0.93,0,0,0,0
clade_5,0,2,3,0,-1,-1,4,4,4,4,0,2,2,2,0,4,3,0,4,0:0.01/2:0.99,0,0,0,0
RW.GGGCACTGTGTGCGTC-1,-1,-1,3,4,-1,-1,4,4,4,4,4,2,2,2,3,4,3,5,4,2,2,0,-1,-1
I20,0,2,3,0,-1,-1,4,4,4,4,0,2,2,2,0,4,3,0,4,0:0.01/2:0.99,0,0,0,0
clade_33,0:0.08/5:0.92,2,3,0:0.07/5:0.93,-1,-1,4,4,4,4,0,2,2,2,0,4,3,0,4,-1:0.86/2:0.14,0:0.09/-1:0.86/0:0.007/2:0.007/3:0.007/4:0.007/5:0.007/6:0.007/7:0.007,0:0.09/-1:0.86/2:0.01/3:0.01/0:0.01/4:0.01/5:0.01,0,0
RE.TGACTAGCACCAGCAC-1,5,2,3,5,-1,-1,4,4,4,4,6,2,2,2,6,4,3,5,4,-1,-1,-1,0,3
M1.TGAGGGATCAGAGGTG-1,5,2,3,5,-1,-1,4,4,4,4,5,2,2,2,7,4,3,7,4,-1,-1,-1,0,7
clade_17,0,2,3,0,-1,-1,4,4,4,4,0,2,2,2,0,4,3,0,4,2,0,0,0,0
I21,0,2,3,3,-1,-1,4,4,4,4,0,2,2,2,0,4,3,0,4,2,0,0,0,0
clade_26,0,2,3,3,-1,-1,4,4,4,4,0,2,2,2,0,4,3,0,4,2,0,0:0.5/2:0.5,0,0:0.93/5:0.07
RE.CTCTACGGTCTCCCTA-1,0,2,3,3,-1,-1,4,4,4,4,8,2,2,2,-1,-1,-1,-1,4,2,0,2,0,5
clade_30,0:0.03/3:0.97,2,3,3,-1,-1,4,4,4,4,0:0.02/2:0.98,2,2,2,0,4,3,0,4,2,0,0:0.02/2:0.98,0:0.03/-1:0.95/2:0.005/0:0.005/3:0.005/4:0.005,0:0.03/-1:0.95/5:0.02
RW.ATCCGAAGTGCATCTA-1,3,2,3,3,-1,-1,4,4,4,4,2,2,2,2,2,4,3,0,4,2,0,2,-1,-1
RW.TGAGCCGAGCTAACAA-1,3,2,3,3,-1,-1,4,4,4,4,2,-1,-1,-1,0,4,3,4,4,2,0,2,-1,-1
I22,0,2,3,3,-1,-1,4,4,4,4,0,2,2,2,0,4,3,0,4,2,0,0,0,0
M1.ACTTACTAGAGTGAGA-1,0,2,3,3,-1,-1,4,4,4,4,12,2,2,2,8,-1,-1,-1,4,2,7,0,0,2
RE.GACGTTACAAGGACAC-1,0,2,3,3,-1,-1,4,4,4,4,7,2,2,2,0,4,3,0,4,2,4,0,3,4
clade_14,0,2,3,0,-1,-1,4,4,4,4,0,2,2,2,0,4,3,0,4,2,0,0,0:0.03/2:0.97,0
RW.GTCTCGTGTGACTCAT-1,0,2,3,0,-1,-1,4,4,4,4,4,2,2,2,0,4,3,0,4,2,0,3,2,0
clade_6,0,2,3,0,-1,-1,4,4,4,4,0,2,2,2,0,4,3,0,4,2,0,0,2,0:0.06/2:0.94
clade_7,0,2,3,0,-1,-1,4,4,4,4,0,2,2,2,0,4,3,0,4,2,0:0.02/3:0.98,0,2,2
I23,0,2,3,0,-1,-1,4,4,4,4,0,2,2,2,0,4,3,0,4,2,3,0,2,2
RW.GGACATTCATACTACG-1,0,2,3,0,-1,-1,4,4,4,4,0,2,2,2,0,4,3,0,4,2,3,0,2,2
RW.AGTGTCAAGTGTTTGC-1,0,2,3,0,-1,-1,4,4,4,4,0,2,2,2,5,4,3,0,4,2,3,0,2,2
clade_9,0,2,3,0:0.82/6:0.18,-1,-1,4,4,4,4,0,2,2,2,0,4,3,0:0.15/4:0.85,4,2,3,0,2,2
RE.AAAGTAGGTCTTTCAT-1,3,2,-1,-1,-1,-1,4,4,4,4,9,2,2,2,0,4,3,4,4,2,3,2,2,2
RE.CATCAAGAGGCAGGTT-1,0,2,3,6,-1,-1,4,4,4,4,0,2,2,2,2,4,3,4,4,2,3,0,2,2
RW.GACTACATCTCTTATG-1,4,2,3,0,-1,-1,4,4,4,4,5,2,2,2,4,4,3,6,4,2,0,0,2,2
M2.CACAAACCAGTCGATT-1,6,2,-1,-1,-1,-1,-1,-1,-1,4,11,-1,-1,-1,-1,4,3,0,4,2,5,4,4,6
