((((RE.TTCTACATCCCGGATG-1:10.637,RE.TACTTGTAGAAGAAGC-1:6.595)clade_6:7.503,M2.GAACCTATCAGGCAAG-1:19.984)clade_3:0.06,((((RE.CTCACACTCTTGAGGT-1:9.736,RE.TTAGGCAGTACCAGTT-1:10.736)clade_67:1.828,RE.ACACCGGGTAGCGTGA-1:9.172)clade_66:6.917,((RE.TCTGAGAGTTGAGTTC-1:9.191,RE.CGTGTAATCAGTGCAT-1:3.411)clade_16:3.628,(((((RE.ATCCGAACAGTTTACG-1:7.22,RE.CGACCTTGTCTTCGTC-1:7.403)clade_40:0.8,RE.AAGACCTAGAAAGTGG-1:7.203)clade_39:1.797,(((RE.CATATTCTCACGAAGG-1:0,RE.TGGGCGTGTGCAGGTA-1:0)clade_52:2.001,RE.ACATGGTAGGACTGGT-1:7.001)I10:0.001,(RE.TTTACTGCATGCCCGA-1:6.121,RE.CCTAGCTGTGGCTCCA-1:3.121)clade_54:2.88)clade_51:1.998)I9:0,RE.CATATTCGTCACCTAA-1:6)clade_36:0.001,((((((RE.GTCCTCAGTCGAGATG-1:5.066,RE.GGTGTTATCTGATACG-1:1.066)clade_25:6.945,RE.AGGTCCGGTCCGTCAG-1:11.01)clade_23:0.005,RE.AGTGGGAAGTGGGATC-1:7.015)clade_20:0.985,((RE.AGTCTTTGTCTAGAGG-1:9.131,RE.CCTAAAGCATCTGGTA-1:7.297)clade_29:1.869,(RE.CGTTGGGGTCTGGAGA-1:7.966,RE.CAGCTGGTCCTTGCCA-1:8)clade_33:0.034)I8:0.001)clade_19:0.999,(RE.GATCGTATCCAGAAGG-1:10,(RE.AGAGTGGCAGTCCTTC-1:8,RE.ATCTACTCATCACCCT-1:8)I7:0)I6:0)I5:0,((RE.TACCTATTCCGTTGTC-1:9.065,RE.ATCCGAACAGTTAACC-1:7.065)clade_58:3.699,RE.GTCGGGTGTAGCGTGA-1:9.264)I4:2.765)I3:0)clade_14:1.037)clade_10:5.239)clade_9:1.729,(RE.GACTACACATTCTCAT-1:12.191,((RE.AAACGGGAGGGTTTCT-1:4.418,RE.ACGAGCCAGATGCGAC-1:6.418)clade_104:8.906,(((RE.CGGTTAATCTGAGGGA-1:3.254,RE.CGAACATTCAAACAAG-1:5.217)clade_100:7.902,((RE.GGAGCAAGTAGCCTCG-1:5.128,(RE.ATCTGCCCAGTCGATT-1:10.144,RE.CACCAGGTCGCCGTGA-1:9.144)clade_90:2.934)clade_89:0.968,(RE.CGAGCCACACAGATTC-1:4.111,RE.GGTGAAGTCGTGGTCG-1:4.131)clade_96:8.965)clade_88:1.016)I2:0.06,(RE.GATCTAGGTCGGGTCT-1:7.161,((RE.AAACCTGTCACGAAGG-1:8.184,RE.TTGTAGGTCCACTCCA-1:3.405)clade_81:1.72,RE.CACTCCAAGCATCATC-1:13.355)clade_85:1.035)clade_73:2.841)clade_75:2.038)clade_84:1.982)clade_72:2.809)I1:0)root:0)I0;
I0,0,0,0,0,0,0,0,0,0,0,0,0,0,0,0,0,0,0,0,0,0,0,0,0,0
root,0,0,0,0,0,0,0,0,0,0,0,0,0,0,0,0,0,0,0,0,0,0,0,0,0
I1,0,0,0,0,0,0,0,0,0,0,0,0,0,0,0,0,0,0,0,0,0,0,0,0,0
clade_72,0:0.07/3:0.93,0:0.09/2:0.91,0,0,0,0,0,0,0,0,0,0,0:0.03/3:0.97,0,0,0,0,0,0,0,0,0,0,0,0
clade_84,0:0.01/3:0.99,0:0.01/2:0.99,0,0,0,0,0,0,0,0,0,0,3,0,0,0,0,0,0,0,0,0,0,0:0.09/3:0.91,0:0.11/4:0.89
clade_75,3,2,0,0,0,0,0,0,0,0,0,0,3,3,0,0,0,0,0,0,0,0,0:0.14/4:0.86,0:0.01/3:0.99,0:0.02/4:0.98
clade_73,3,2,0,0,0,0,0,0,0,0,0,0,3,3,0,0,0,0,0,0,0,0,0:0.01/-1:0.95/4:0.04,-1:0.95/3:0.05,-1:0.95/4:0.05
clade_85,3,2,0,0,0,0,0,0,0,0:0.3/3:0.7,0,0,3,3,0,0,0,0,0,0,0:0.77/2:0.23,0,-1:0.98/4:0.02,-1:0.98/3:0.02,-1:0.98/4:0.02
RE.CACTCCAAGCATCATC-1,3,2,0,-1,-1,-1,-1,-1,-1,3,0,3,3,3,0,6,6,0,2,2,-1,-1,-1,-1,-1
clade_81,3,2,0,0,0,0,0,0,0,0:0.22/3:0.78,0,0,3,3,0,0,0,0:0.1/2:0.9,0,0,0:0.07/2:0.93,0,-1,-1,-1
RE.TTGTAGGTCCACTCCA-1,3,2,0,2,0,0,3,3,0,3,0,0,3,3,0,0,0,2,0,0,2,0,-1,-1,-1
RE.AAACCTGTCACGAAGG-1,3,2,7,0,6,0,0,0,10,-1,-1,-1,3,3,0,0,0,2,-1,-1,2,0,-1,-1,-1
RE.GATCTAGGTCGGGTCT-1,3,2,3,4,0,0,0,0,0,5,3,0,3,3,0,3,3,0,8,0,0,0,-1,-1,-1
I2,3,2,0,0,0,0,0,0,0,0,0,0,3,3,0,0,0,0,0,0,0,0,0:0.09/4:0.91,0:0.01/3:0.99,0:0.01/4:0.99
clade_88,3,2,0,0,0,0,0,0,0,0,0,0:0.04/7:0.96,3,3,0,0,0,0,0,0,0,0,0:0.05/4:0.95,3,0:0.01/4:0.99
clade_96,3,2,0,0:0.01/3:0.99,0:0.02/3:0.98,0,0:0.01/4:0.99,0,0:0.01/2:0.99,0:0.01/7:0.99,0:0.01/6:0.99,7,3,3,0,0,0:0.01/4:0.99,0:0.01/3:0.99,0:0.01/6:0.99,0,0,0,0:0.02/4:0.98,3,4
RE.GGTGAAGTCGTGGTCG-1,3,2,0,3,3,0,4,0,2,7,6,7,-1,-1,-1,0,4,3,6,4,0,0,4,3,4
RE.CGAGCCACACAGATTC-1,3,2,0,3,3,0,4,0,2,7,6,7,3,3,0,0,4,3,6,6,0,0,-1,-1,-1
clade_89,3,2,0,0,0,0,0,0,0,0:0.07/8:0.93,0,7,3,3,0,0,0,0,0,0,0,0,0:0.04/4:0.96,3,0:0.01/4:0.99
clade_90,3,2,0,0,0,0,0:0.11/4:0.89,0,0,0:0.01/8:0.99,0,7,3,3,0,0,0,0,0,0,0,0,0:0.01/-1:0.66/4:0.33,-1:0.66/3:0.34,-1:0.66/4:0.34
RE.CACCAGGTCGCCGTGA-1,3,2,6,3,3,0,4,0,2,8,0,7,3,3,0,7,7,6,0,7,0,0,-1,-1,-1
RE.ATCTGCCCAGTCGATT-1,3,2,3,8,5,5,4,10,0,8,0,7,3,3,6,8,4,0,4,0,0,0,-1,-1,-1
RE.GGAGCAAGTAGCCTCG-1,3,2,0,0,0,0,7,0,0,8,0,7,3,3,0,0,4,0,7,0,5,5,4,3,4
clade_100,3,2,0,0,0:0.02/4:0.98,0:0.03/4:0.97,0:0.03/-1:0.96/2:0.001/3:0.001/0:0.001/4:0.001/5:0.001/6:0.001/7:0.001/8:0.001/9:0.001/10:0.001/11:0.001/12:0.001,0:0.03/-1:0.96/2:0.001/3:0.001/4:0.001/0:0.001/5:0.001/6:0.001/7:0.001/8:0.001/9:0.001/10:0.001/11:0.001/12:0.001/13:0.001/14:0.001/15:0.001/16:0.001,0:0.03/-1:0.96/2:0.001/0:0.001/3:0.001/4:0.001/5:0.001/6:0.001/7:0.001/8:0.001/9:0.001/10:0.001/11:0.001,0:0.01/9:0.99,0,0,3,3,0,0:0.01/5:0.99,0,0,0,0:0.02/5:0.98,0,0,0:0.03/4:0.97,3,4
RE.CGAACATTCAAACAAG-1,3,2,0,2,4,4,-1,-1,-1,9,0,0,3,3,0,5,0,0,11,5,0,0,-1,-1,-1
RE.CGGTTAATCTGAGGGA-1,3,2,0,0,4,4,-1,-1,-1,9,0,0,3,3,0,5,0,4,3,5,7,0,4,3,4
clade_104,3,2,0:0.03/3:0.97,0:0.02/4:0.98,0,0,0:0.02/11:0.98,0:0.01/14:0.99,0,0:0.04/-1:0.93/2:0.002/3:0.002/4:0.002/0:0.002/5:0.002/6:0.002/7:0.002/8:0.002/9:0.002/10:0.002/11:0.002/12:0.002,0:0.04/-1:0.93/0:0.003/2:0.003/3:0.003/4:0.003/5:0.003/6:0.003/7:0.003/8:0.003/9:0.003/10:0.003/11:0.003,0:0.04/-1:0.93/2:0.003/0:0.003/3:0.003/4:0.003/5:0.003/6:0.003/7:0.003/8:0.003/9:0.003/10:0.003/11:0.003,3,0,0,0,0,0,0,0,0:0.04/-1:0.93/2:0.003/3:0.003/0:0.003/4:0.003/5:0.003/6:0.003/7:0.003/8:0.003/9:0.003/10:0.003/11:0.003,0:0.04/-1:0.93/0:0.003/2:0.003/3:0.003/4:0.003/5:0.003/6:0.003/7:0.003/8:0.003/9:0.003,0,3,4
RE.ACGAGCCAGATGCGAC-1,3,2,3,4,6,0,11,14,5,-1,-1,-1,3,0,2,9,8,0,7,0,-1,-1,0,3,4
RE.AAACGGGAGGGTTTCT-1,3,2,3,4,0,0,11,14,0,-1,-1,-1,3,7,7,10,0,0,3,0,-1,-1,0,3,4
RE.GACTACACATTCTCAT-1,3,2,4,-1,-1,-1,8,8,0,0,0,8,3,3,0,-1,-1,-1,9,0,0,0,0,0,0
clade_9,0,0,0,0,0:0.12/2:0.88,0:0.15/2:0.85,0,0,0,0,0,0,0,0,0,0,0,0,0,0,0,0,0,0,0
clade_10,0,0,0,0,2,2,0,0,0,0,0,0,0,0,0,2,2,0,0,0,0,0,0:0.01/-1:0.99,0:0.01/-1:0.99,0:0.01/-1:0.99
clade_14,2,0,0,0,2,2,0,0,0,0,0,0,0,0,0,2,2,0,0,0,0,0,-1,-1,-1
I3,2,0,0,0,2,2,0,0,0,0,0,0,0,0,0,2,2,0,0,0,0,0,-1,-1,-1
I4,-1:0.77/2:0.23,0:0.21/-1:0.77/0:0.005/2:0.005/3:0.005/4:0.005,0:0.21/-1:0.77/0:0.003/2:0.003/3:0.003/4:0.003/5:0.003/6:0.003/7:0.003,0,2,2,0,0,0,0,0,0,0:0.86/5:0.14,0:0.86/5:0.14,0:0.86/3:0.14,2,2,0,0,0,0,0,-1,-1,-1
RE.GTCGGGTGTAGCGTGA-1,-1,-1,-1,0,2,2,0,0,5,-1,-1,-1,5,5,3,2,2,0,5,3,0,0,-1,-1,-1
clade_58,-1:0.94/2:0.06,0:0.05/-1:0.94/0:0.003/2:0.003/3:0.003/4:0.003,0:0.05/-1:0.94/0:0.001/2:0.001/3:0.001/4:0.001/5:0.001/6:0.001/7:0.001,0,2,2,0,0,0,0,0,0,0:0.21/-1:0.73/5:0.06,0:0.21/-1:0.73/5:0.06,0:0.21/-1:0.73/3:0.06,2,2,0,0:0.08/4:0.92,0,0,0,-1,-1,-1
RE.ATCCGAACAGTTAACC-1,-1,-1,-1,0,2,2,10,12,8,0,2,4,-1,-1,-1,2,2,0,4,0,0,8,-1,-1,-1
RE.TACCTATTCCGTTGTC-1,-1,-1,-1,-1,-1,-1,5,6,4,0,4,0,-1,-1,-1,2,2,0,4,0,0,4,-1,-1,-1
I5,2,0,0,0,2,2,0,0,0,0,0,0,0,0,0,2,2,0,0,0,0,0,-1,-1,-1
I6,2,0,0,0,2,2,0,0,0,0,0,0,0,0,0,2,2,0,0,0,0,0,-1,-1,-1
I7,2,0,0,0,2,2,0,0,0,0,0,0,0,0,0,2,2,0,0,0,0,0,-1,-1,-1
RE.ATCTACTCATCACCCT-1,2,0,0,0,2,2,0,11,0,5,3,0,7,7,7,2,2,7,12,0,0,0,-1,-1,-1
RE.AGAGTGGCAGTCCTTC-1,2,0,0,0,2,2,0,13,0,10,9,0,11,9,9,2,2,9,0,6,0,0,-1,-1,-1
RE.GATCGTATCCAGAAGG-1,2,0,0,-1,-1,-1,4,0,0,0,7,3,0,0,4,2,2,0,-1,-1,6,0,-1,-1,-1
clade_19,2,0,0,0,2,2,0,0,0,0,0,0,0,6,0,2,2,0,0,0,0,0,-1,-1,-1
I8,2,0,0,0,2,2,0,0,0,0,0,0,0,6,0,2,2,0,0,0,0,0,-1,-1,-1
clade_33,2,0,0,0,2,2,0:0.99/4:0.01,0,0:0.99/6:0.01,0,0,0,0,6,0,2,2,0,0:0.99/7:0.01,0,0,0,-1,-1,-1
RE.CAGCTGGTCCTTGCCA-1,2,0,0,5,2,2,-1,-1,-1,0,0,0,9,6,0,2,2,0,-1,-1,9,0,-1,-1,-1
RE.CGTTGGGGTCTGGAGA-1,2,3,0,0,2,2,4,0,6,-1,-1,-1,6,6,0,2,2,0,7,0,0,0,-1,-1,-1
clade_29,2,0,0,0,2,2,0,0,0,0:0.14/5:0.86,0:0.15/3:0.85,0,0,6,0,2,2,0,0:0.83/3:0.17,0,0,0,-1,-1,-1
RE.CCTAAAGCATCTGGTA-1,2,0,0,6,2,2,9,9,0,5,3,0,7,6,0,2,2,5,-1,-1,0,0,-1,-1,-1
RE.AGTCTTTGTCTAGAGG-1,-1,-1,-1,0,2,2,4,0,5,5,3,0,2,6,0,2,2,2,3,0,10,0,-1,-1,-1
clade_20,2,0,0,0,2,2,0,0,0,0,0,0,0:0.02/2:0.98,6,0,2,2,0,0,0,0,0,-1,-1,-1
RE.AGTGGGAAGTGGGATC-1,2,0,0,0,2,2,-1,-1,-1,0,8,0,2,6,8,2,2,0,3,0,2,0,-1,-1,-1
clade_23,2,0,0,0,2,2,0,0,0,0,0,0,0:0.01/2:0.99,6,0,2,2,0,0,0,0,0,-1,-1,-1
RE.AGGTCCGGTCCGTCAG-1,-1,-1,-1,0,2,2,0,8,9,0,7,0,2,6,5,2,2,8,13,0,11,9,-1,-1,-1
clade_25,2,0,0,0,2,2,0:0.01/6:0.99,0:0.01/7:0.99,0,0:0.01/6:0.99,0:0.01/5:0.99,0:0.01/6:0.99,2,6,0,2,2,0,0:0.01/2:0.99,0:0.01/2:0.99,0,0,-1,-1,-1
RE.GGTGTTATCTGATACG-1,2,0,0,0,2,2,6,7,0,6,5,6,2,6,2,2,2,0,2,2,0,0,-1,-1,-1
RE.GTCCTCAGTCGAGATG-1,-1,-1,-1,0,2,2,6,7,0,6,5,6,2,6,0,2,2,3,2,2,4,0,-1,-1,-1
clade_36,2,0,0,0,2,2,0,0,0,0,0,0,0,0,0,2,2,0,0,0,0,0,-1,-1,-1
RE.CATATTCGTCACCTAA-1,-1,-1,-1,7,2,2,0,0,0,0,0,0,8,0,0,2,2,0,3,0,0,0,-1,-1,-1
I9,2,0,0,0,2,2,0,0,0,0,0,0,0,0,0,2,2,0,0,0,0,0,-1,-1,-1
clade_51,2,0,0,0,2,2,0,0,0,0,0,0,2,2,0,2,2,0,0,0,0,0,-1,-1,-1
clade_54,2,0,0,0,2,2,0,0,0:0.04/2:0.96,0:0.04/2:0.96,0,0:0.04/2:0.96,2,2,0,2,2,0,0,0,0,0,-1,-1,-1
RE.CCTAGCTGTGGCTCCA-1,2,0,0,-1,-1,-1,0,0,2,2,0,2,2,2,0,2,2,0,0,0,0,0,-1,-1,-1
RE.TTTACTGCATGCCCGA-1,2,0,0,0,2,2,2,2,2,2,0,2,2,2,0,2,2,0,-1,-1,-1,-1,-1,-1,-1
I10,2,0,0,0,2,2,0,0,0,0,0,0,2,2,0,2,2,0,0,0,0,0,-1,-1,-1
RE.ACATGGTAGGACTGGT-1,-1,-1,-1,9,2,2,3,15,0,0,0,0,2,2,0,2,2,2,0,0,0,0,-1,-1,-1
clade_52,2,0,0,0,2,2,4,0,0,0,0,0,2,2,0,2,2,3,0,0,0,0,-1,-1,-1
RE.TGGGCGTGTGCAGGTA-1,2,0,0,0,2,2,4,0,0,0,0,0,2,2,0,2,2,3,0,0,0,0,-1,-1,-1
RE.CATATTCTCACGAAGG-1,2,0,0,0,2,2,4,0,0,0,0,0,2,2,0,2,2,3,0,0,0,0,-1,-1,-1
clade_39,2,0,0,0,2,2,0:0.11/2:0.89,0:0.09/2:0.91,0,0,0,0,0,0,0,2,2,0,0,0,0,0,-1,-1,-1
RE.AAGACCTAGAAAGTGG-1,2,0,0,0,2,2,2,2,2,12,11,11,0,0,2,2,2,0,2,2,0,0,-1,-1,-1
clade_40,2,0,0,0,2,2,0:0.1/2:0.9,0:0.08/2:0.92,0,0:0.22/3:0.78,0,0,0,0,0,2,2,0,0,0,0,0,-1,-1,-1
RE.CGACCTTGTCTTCGTC-1,2,4,5,5,2,2,2,2,0,3,0,0,2,0,5,2,2,0,0,0,8,7,-1,-1,-1
RE.ATCCGAACAGTTTACG-1,2,0,0,0,2,2,-1,-1,-1,3,0,10,10,8,0,2,2,0,3,0,0,0,-1,-1,-1
clade_16,0:0.1/5:0.9,0,0,0,2,2,0:0.05/2:0.95,0:0.03/2:0.97,0,0,0,0,0:0.61/4:0.39,0:0.61/6:0.39,0,2,2,0,0,0,0,0,-1,-1,-1
RE.CGTGTAATCAGTGCAT-1,5,0,0,0,2,2,2,2,7,0,0,0,4,6,0,2,2,0,10,0,0,0,-1,-1,-1
RE.TCTGAGAGTTGAGTTC-1,5,0,0,0,2,2,2,2,0,5,3,5,-1,-1,-1,2,2,0,2,2,0,3,-1,-1,-1
clade_66,0:0.06/-1:0.92/2:0.004/3:0.004/4:0.004/5:0.004/0:0.004,0:0.06/-1:0.92/0:0.005/2:0.005/3:0.005/4:0.005,0:0.06/-1:0.92/0:0.003/2:0.003/3:0.003/4:0.003/5:0.003/6:0.003/7:0.003,0,2,0:0.01/2:0.99,0,0:0.01/4:0.99,0,0,0,0,0:0.64/12:0.36,0:0.64/10:0.36,0:0.64/10:0.36,0,0,0,0:0.01/3:0.99,0,0:0.23/3:0.77,0,0,0,0
RE.ACACCGGGTAGCGTGA-1,-1,-1,-1,0,2,2,0,4,0,11,10,0,12,10,10,5,4,0,3,0,-1,-1,0,5,0
clade_67,0:0.03/-1:0.96/2:0.002/3:0.002/4:0.002/5:0.002/0:0.002,0:0.03/-1:0.96/0:0.003/2:0.003/3:0.003/4:0.003,0:0.03/-1:0.96/0:0.001/2:0.001/3:0.001/4:0.001/5:0.001/6:0.001/7:0.001,0,2,2,0,4,0,0,0,0,0:0.31/-1:0.48/12:0.21,0:0.31/-1:0.48/10:0.21,0:0.31/-1:0.48/10:0.21,0,0,0,3,0,0:0.05/3:0.95,0,0,0,0
RE.TTAGGCAGTACCAGTT-1,-1,-1,-1,0,2,2,0,4,0,0,2,4,-1,-1,-1,3,3,3,3,0,3,2,3,2,3
RE.CTCACACTCTTGAGGT-1,-1,-1,-1,0,2,2,3,4,0,3,0,9,-1,-1,-1,4,5,0,3,0,3,6,5,4,0
clade_3,0,0,0:0.99/2:0.01,0,0,0,0,0,0,0,0,0:0.99/3:0.01,0,0,0,0:0.99/11:0.01,0:0.99/9:0.01,0,0,0,0:0.99/3:0.01,0,0,0,0
M2.GAACCTATCAGGCAAG-1,-1,-1,-1,3,3,0,12,16,11,-1,-1,-1,-1,-1,-1,11,9,0,2,2,-1,-1,0,0,0
clade_6,0,0,0:0.05/2:0.95,0,0,0,0,0:0.48/5:0.52,0:0.48/3:0.52,0,0,0:0.03/3:0.97,0,0,0,0:0.1/-1:0.85/11:0.05,0:0.1/-1:0.85/9:0.05,0:0.1/-1:0.85/0:0.006/2:0.006/3:0.006/4:0.006/5:0.006/6:0.006/7:0.006/8:0.006/9:0.006,0,0,0:0.03/3:0.97,0,0:0.07/2:0.93,0,0
RE.TACTTGTAGAAGAAGC-1,0,0,2,0,0,3,0,5,3,5,3,3,0,0,2,-1,-1,-1,3,0,3,0,2,0,0
RE.TTCTACATCCCGGATG-1,4,0,2,0,0,0,-1,-1,-1,4,0,3,4,4,0,-1,-1,-1,2,2,3,0,2,0,2
