(((((M2.AACCGCGTCGTCCGTT-1:0,M2.CCCAATCAGATGCGAC-1:0)clade_81:6.486,((M2.GCCAAATCAAAGAATC-1:3.054,(M2.TGCTACCTCGCGCCAA-1:0.078,M2.ACATCAGTCAACGGGA-1:3.061)clade_77:0.976)I3:0.006,((M2.AGCTCTCGTGTGCGTC-1:1.001,M2.AGTAGTCGTCTAGAGG-1:0.001)I2:0.001,M2.ATTGGTGAGAGGACGG-1:1.002)clade_74:3.029)clade_73:2.565)clade_72:14.222,(M2.TACACGATCGTTTAGG-1:14.288,((M1.AGGCCACAGAGGTAGA-1:15.975,(M1.GTCTCGTCACCCATTC-1:6.192,M1.TGGCCAGTCGAACTGT-1:5.817)clade_50:13.166)clade_2:0.128,(((M1.GAATAAGGTCTAGAGG-1:11.3,(M2.TATGCCCAGTACGTTC-1:10.122,RW.GCTCTGTTCGAGAGCA-1:5.271)clade_8:4.334)clade_4:0.048,(M2.CGACCTTAGTCGTACT-1:8.367,((((RW.CCCAGTTGTCAATACC-1:2.058,M1.GATCTAGTCGTAGGAG-1:2.058)clade_33:0.951,Liv.CCTACACGTGGTCCGT-1:4.009)clade_29:0.003,Liv.TTGGAACCAAACGCGA-1:5.009)clade_28:1.034,(M1.CAGTCCTAGCCTTGAT-1:4.903,M1.CCGGGATGTCTGCCAG-1:6.322)clade_17:1.143)clade_25:1.322)clade_13:8.851)clade_22:3.311,((RE.GAATGAAAGCACCGTC-1:3.604,RE.TGGTTCCCACGGCGTT-1:3.615)I1:12.125,RE.GCTGCTTTCTTCGGTC-1:13.016)clade_39:2.489)clade_3:0.219)clade_48:0.41)clade_68:1.382)clade_1:0.331,(M2.CTGTGCTTCGTGGGAA-1:5.989,M1.GGTGCGTGTAGGAGTC-1:4.989)clade_54:13.493)root:0)I0;
I0,0,0,0,0,0,0,0,0,0,0,0,0,0,0,0,0,0,0,0,0,0
root,0,0,0,0,0,0,0,0,0,0,0,0,0,0,0,0,0,0,0,0,0
clade_54,0,0,0,0:0.04/-1:0.91/2:0.007/3:0.007/4:0.007/5:0.007/6:0.007/0:0.007/7:0.007,0:0.04/-1:0.91/0:0.01/2:0.01/3:0.01/4:0.01/5:0.01,0:0.04/-1:0.91/2:0.025/3:0.025,0:0.08/2:0.92,0,0:0.02/6:0.98,0:0.03/4:0.97,0,0,0:0.02/2:0.98,0,0:0.04/4:0.96,0:0.04/-1:0.91/2:0.006/0:0.006/3:0.006/4:0.006/5:0.006/6:0.006/7:0.006/8:0.006,0:0.04/-1:0.91/0:0.008/2:0.008/3:0.008/4:0.008/5:0.008/6:0.008,0:0.04/-1:0.91/2:0.007/0:0.007/3:0.007/4:0.007/5:0.007/6:0.007/7:0.007,0:0.04/-1:0.91/2:0.013/0:0.013/3:0.013/4:0.013,0:0.04/-1:0.91/0:0.008/2:0.008/3:0.008/4:0.008/5:0.008/6:0.008,0:0.04/-1:0.91/2:0.008/0:0.008/3:0.008/4:0.008/5:0.008/6:0.008
M1.GGTGCGTGTAGGAGTC-1,6,6,2,-1,-1,-1,2,0,6,4,6,0,2,0,4,-1,-1,-1,-1,-1,-1
M2.CTGTGCTTCGTGGGAA-1,5,5,0,-1,-1,-1,2,3,6,4,0,5,2,4,4,-1,-1,-1,-1,-1,-1
clade_1,0,0,0:0.67/2:0.33,0,0,0,0,0,0,0,0,0,0,0,0,0,0,0,0,0,0
clade_68,0,0,0:0.12/2:0.88,0,0,0:0.17/2:0.83,0,0,0,0,0,0,0,0,0,0,0,0,0,0,0
clade_48,0,0,0:0.06/2:0.94,0,0,0:0.09/2:0.91,0:0.72/2:0.28,0,0,0,0,0,0,0,0,0,0,0,0,0,0
clade_3,0,0,0:0.06/2:0.94,0,0,0:0.08/2:0.92,0:0.52/2:0.48,0,0,0,0,0,0,0,0,0,0,0,0,0,0
clade_39,0:0.86/3:0.14,0:0.86/2:0.14,0:0.05/2:0.95,0,0,0:0.05/2:0.95,0:0.34/2:0.66,0,0:0.27/3:0.73,0:0.86/3:0.14,0:0.86/3:0.14,0:0.86/3:0.14,0,0,0,0:0.83/3:0.17,0:0.83/3:0.17,0:0.83/3:0.17,0,0:0.83/2:0.17,0:0.83/2:0.17
RE.GCTGCTTTCTTCGGTC-1,3,2,2,4,0,2,2,0,3,3,3,3,2,0,0,-1,-1,-1,-1,-1,-1
I1,0:0.02/-1:0.95/3:0.03,0:0.02/-1:0.95/2:0.03,-1:0.95/2:0.05,0:0.21/3:0.79,0,0:0.01/2:0.99,0:0.02/2:0.98,0,3,0:0.02/-1:0.95/3:0.03,0:0.02/-1:0.95/3:0.03,0:0.02/-1:0.95/3:0.03,0:0.21/3:0.79,0,0,0:0.01/3:0.99,0:0.01/3:0.99,0:0.01/3:0.99,0,0:0.01/2:0.99,0:0.01/2:0.99
RE.TGGTTCCCACGGCGTT-1,-1,-1,-1,3,0,2,2,0,3,-1,-1,-1,-1,-1,-1,3,3,3,0,2,2
RE.GAATGAAAGCACCGTC-1,-1,-1,-1,-1,-1,-1,2,0,3,-1,-1,-1,3,0,0,3,3,3,0,2,2
clade_22,0,0,0:0.03/2:0.97,0:0.16/2:0.84,0,0:0.03/2:0.97,0:0.07/2:0.93,0,0,0,0,0,0,0:0.02/2:0.98,0:0.03/2:0.97,0,0,0,0,0,0
clade_13,0:0.03/-1:0.96/2:0.002/3:0.002/0:0.002/4:0.002/5:0.002/6:0.002,0:0.03/-1:0.96/0:0.001/2:0.001/3:0.001/4:0.001/5:0.001/6:0.001/7:0.001/8:0.001,-1:0.96/2:0.04,-1:0.96/2:0.04,0:0.03/-1:0.96/0:0.002/2:0.002/3:0.002/4:0.002/5:0.002,-1:0.96/2:0.04,2,0,0,0:0.03/-1:0.96/2:0.002/3:0.002/4:0.002/0:0.002/5:0.002,0:0.03/-1:0.96/2:0.001/3:0.001/4:0.001/5:0.001/0:0.001/6:0.001/7:0.001/8:0.001,0:0.03/-1:0.96/2:0.001/3:0.001/4:0.001/0:0.001/5:0.001/6:0.001/7:0.001,0,2,2,0,0,0,0,0,0
clade_25,-1,-1,-1,-1,-1,-1,2,0,0,-1,-1,-1,0,2,2,0,0:0.03/2:0.97,0,0,0,0
clade_17,-1,-1,-1,-1,-1,-1,2,0,0,-1,-1,-1,0:0.3/2:0.7,2,2,0,0:0.01/2:0.99,0,0:0.86/3:0.14,0:0.86/6:0.14,0:0.86/6:0.14
M1.CCGGGATGTCTGCCAG-1,-1,-1,-1,-1,-1,-1,2,4,0,-1,-1,-1,2,2,2,7,2,7,-1,-1,-1
M1.CAGTCCTAGCCTTGAT-1,-1,-1,-1,-1,-1,-1,2,5,0,-1,-1,-1,2,2,2,6,2,0,3,6,6
clade_28,-1,-1,-1,-1,-1,-1,2,0,0,-1,-1,-1,0,2,2,0,2,0,0,0,0:0.01/2:0.99
Liv.TTGGAACCAAACGCGA-1,-1,-1,-1,-1,-1,-1,2,0,9,-1,-1,-1,7,2,2,-1,-1,-1,0,0,2
clade_29,-1,-1,-1,-1,-1,-1,2,0,0,-1,-1,-1,0,2,2,0,2,0,0,0,0:0.01/2:0.99
Liv.CCTACACGTGGTCCGT-1,-1,-1,-1,-1,-1,-1,2,0,10,-1,-1,-1,0,2,2,6,2,3,4,0,2
clade_33,-1,-1,-1,-1,-1,-1,2,0,0,-1,-1,-1,0:0.06/2:0.94,2,2,0,2,0,0,0,2
M1.GATCTAGTCGTAGGAG-1,-1,-1,-1,-1,-1,-1,2,0,0,-1,-1,-1,2,2,2,6,2,0,0,3,2
RW.CCCAGTTGTCAATACC-1,-1,-1,-1,-1,-1,-1,2,0,2,-1,-1,-1,2,2,2,0,2,0,2,0,2
M2.CGACCTTAGTCGTACT-1,-1,-1,-1,-1,-1,-1,2,0,7,-1,-1,-1,2,2,2,5,5,5,2,4,2
clade_4,0,0,0:0.02/2:0.98,0:0.14/2:0.86,0,0:0.03/2:0.97,0:0.07/2:0.93,0,0,0,0,0,0,0:0.02/2:0.98,0:0.03/2:0.97,0,0,0,0:0.99/2:0.01,0:0.99/5:0.01,0:0.99/5:0.01
clade_8,0,0,0:0.01/2:0.99,0:0.02/2:0.98,0,0:0.01/2:0.99,0:0.02/2:0.98,0,0,0:0.14/2:0.86,0,0,0,2,0:0.01/2:0.99,0:0.57/2:0.43,0,0:0.57/2:0.43,0:0.21/-1:0.69/2:0.1,0:0.21/-1:0.69/5:0.1,0:0.21/-1:0.69/5:0.1
RW.GCTCTGTTCGAGAGCA-1,2,0,2,2,0,2,2,0,0,2,2,2,0,2,2,2,0,2,-1,-1,-1
M2.TATGCCCAGTACGTTC-1,4,3,2,2,0,2,2,0,4,2,4,4,2,2,2,-1,-1,-1,-1,-1,-1
M1.GAATAAGGTCTAGAGG-1,0,7,2,2,5,2,2,0,8,0,7,6,2,2,2,0,6,6,2,5,5
clade_2,0,0,0:0.06/2:0.94,0:0.99/3:0.01,0:0.99/4:0.01,0:0.09/2:0.91,0:0.7/-1:0.02/2:0.28,0:0.97/-1:0.02/0:0.002/2:0.002/3:0.002/4:0.002/5:0.002,0:0.97/-1:0.02/0:0.001/2:0.001/3:0.001/4:0.001/5:0.001/6:0.001/7:0.001/8:0.001/9:0.001/10:0.001,0:0.99/5:0.01,0:0.99/8:0.01,0:0.99/7:0.01,0,0,0,0:0.99/8:0.01,0,0,0:0.99/2:0.01,0,0
clade_50,0:0.35/6:0.65,0:0.35/6:0.65,0:0.02/2:0.98,0:0.04/3:0.96,0:0.06/4:0.94,0:0.01/2:0.99,0:0.05/-1:0.86/2:0.09,0:0.07/-1:0.86/0:0.014/2:0.014/3:0.014/4:0.014/5:0.014,0:0.07/-1:0.86/0:0.007/2:0.007/3:0.007/4:0.007/5:0.007/6:0.007/7:0.007/8:0.007/9:0.007/10:0.007,0:0.07/-1:0.85/5:0.08,0:0.07/-1:0.85/8:0.08,0:0.07/-1:0.85/7:0.08,0,0:0.06/4:0.94,0,0:0.07/-1:0.85/8:0.08,0:0.07/-1:0.85/0:0.013/2:0.013/3:0.013/4:0.013/5:0.013/6:0.013,0:0.07/-1:0.85/2:0.011/0:0.011/3:0.011/4:0.011/5:0.011/6:0.011/7:0.011,0:0.35/2:0.65,0,0
M1.TGGCCAGTCGAACTGT-1,-1,-1,-1,3,4,2,-1,-1,-1,-1,-1,-1,2,4,0,-1,-1,-1,2,0,0
M1.GTCTCGTCACCCATTC-1,6,6,2,3,4,2,-1,-1,-1,-1,-1,-1,5,4,0,-1,-1,-1,-1,-1,-1
M1.AGGCCACAGAGGTAGA-1,0,8,2,-1,-1,-1,-1,-1,-1,5,8,7,6,5,0,8,0,0,-1,-1,-1
M2.TACACGATCGTTTAGG-1,2,0,2,2,0,2,3,2,5,2,5,0,0,2,2,2,0,2,-1,-1,-1
clade_72,0,0,0:0.14/2:0.86,0,0,0,0:0.02/-1:0.95/2:0.015/3:0.015,0:0.02/-1:0.95/0:0.006/2:0.006/3:0.006/4:0.006/5:0.006,0:0.02/-1:0.95/0:0.003/2:0.003/3:0.003/4:0.003/5:0.003/6:0.003/7:0.003/8:0.003/9:0.003/10:0.003,0:0.02/-1:0.95/2:0.006/3:0.006/4:0.006/0:0.006/5:0.006,0:0.02/-1:0.95/2:0.004/3:0.004/4:0.004/5:0.004/0:0.004/6:0.004/7:0.004/8:0.004,0:0.02/-1:0.95/2:0.004/3:0.004/4:0.004/0:0.004/5:0.004/6:0.004/7:0.004,0:0.02/4:0.98,0:0.02/3:0.98,0:0.03/3:0.97,0:0.01/4:0.99,0:0.02/4:0.98,0:0.02/4:0.98,0:0.03/2:0.97,0:0.02/3:0.98,0
clade_73,0,0,0:0.03/2:0.97,0,2,0:0.02/2:0.98,-1,-1,-1,-1,-1,-1,4,3,3,4,4,4,2,3,0
clade_74,-1,-1,-1,0,2,2,-1,-1,-1,-1,-1,-1,4,3,3,4,4,4,2,3,0
M2.ATTGGTGAGAGGACGG-1,-1,-1,-1,0,2,2,-1,-1,-1,-1,-1,-1,4,3,3,4,4,4,2,3,4
I2,-1,-1,-1,0,2,2,-1,-1,-1,-1,-1,-1,4,3,3,4,4,4,2,3,0
M2.AGTAGTCGTCTAGAGG-1,-1,-1,-1,0,2,2,-1,-1,-1,-1,-1,-1,4,3,3,4,4,4,2,3,0
M2.AGCTCTCGTGTGCGTC-1,-1,-1,-1,7,2,2,-1,-1,-1,-1,-1,-1,4,3,3,4,4,4,2,3,0
I3,0,0,0:0.03/2:0.97,0,2,0:0.02/2:0.98,-1,-1,-1,-1,-1,-1,4,3,3,4,4,4,2,3,0
clade_77,0,0,0:0.02/2:0.98,0:0.06/3:0.94,2,2,-1,-1,-1,-1,-1,-1,4,3,3,4,4,4,2,3,0
M2.ACATCAGTCAACGGGA-1,-1,-1,-1,3,2,2,-1,-1,-1,-1,-1,-1,4,3,3,4,4,4,2,3,0
M2.TGCTACCTCGCGCCAA-1,0,0,2,3,2,2,-1,-1,-1,-1,-1,-1,4,3,3,4,4,4,2,3,0
M2.GCCAAATCAAAGAATC-1,0,4,2,5,2,2,-1,-1,-1,-1,-1,-1,4,3,3,4,4,4,2,3,3
clade_81,-1,-1,-1,6,3,3,-1,-1,-1,-1,-1,-1,4,3,3,4,4,4,2,3,0
M2.CCCAATCAGATGCGAC-1,-1,-1,-1,6,3,3,-1,-1,-1,-1,-1,-1,4,3,3,4,4,4,2,3,0
M2.AACCGCGTCGTCCGTT-1,-1,-1,-1,6,3,3,-1,-1,-1,-1,-1,-1,4,3,3,4,4,4,2,3,0
